player,player_id,position,team_name,player_game_count,base_targets,behind_los_avg_depth_of_target,behind_los_avoided_tackles,behind_los_caught_percent,behind_los_contested_catch_rate,behind_los_contested_receptions,behind_los_contested_targets,behind_los_drop_rate,behind_los_drops,behind_los_first_downs,behind_los_fumbles,behind_los_grades_hands_drop,behind_los_grades_pass_route,behind_los_interceptions,behind_los_longest,behind_los_pass_block_rate,behind_los_pass_blocks,behind_los_pass_plays,behind_los_receptions,behind_los_route_rate,behind_los_routes,behind_los_targeted_qb_rating,behind_los_targets,behind_los_targets_percent,behind_los_touchdowns,behind_los_yards,behind_los_yards_after_catch,behind_los_yards_after_catch_per_reception,behind_los_yards_per_reception,behind_los_yprr,center_behind_los_avg_depth_of_target,center_behind_los_avoided_tackles,center_behind_los_caught_percent,center_behind_los_contested_catch_rate,center_behind_los_contested_receptions,center_behind_los_contested_targets,center_behind_los_drop_rate,center_behind_los_drops,center_behind_los_first_downs,center_behind_los_fumbles,center_behind_los_grades_hands_drop,center_behind_los_grades_pass_route,center_behind_los_interceptions,center_behind_los_longest,center_behind_los_pass_block_rate,center_behind_los_pass_blocks,center_behind_los_pass_plays,center_behind_los_receptions,center_behind_los_route_rate,center_behind_los_routes,center_behind_los_targeted_qb_rating,center_behind_los_targets,center_behind_los_targets_percent,center_behind_los_touchdowns,center_behind_los_yards,center_behind_los_yards_after_catch,center_behind_los_yards_after_catch_per_reception,center_behind_los_yards_per_reception,center_behind_los_yprr,center_deep_avg_depth_of_target,center_deep_avoided_tackles,center_deep_caught_percent,center_deep_contested_catch_rate,center_deep_contested_receptions,center_deep_contested_targets,center_deep_drop_rate,center_deep_drops,center_deep_first_downs,center_deep_fumbles,center_deep_grades_hands_drop,center_deep_grades_pass_route,center_deep_interceptions,center_deep_longest,center_deep_pass_block_rate,center_deep_pass_blocks,center_deep_pass_plays,center_deep_receptions,center_deep_route_rate,center_deep_routes,center_deep_targeted_qb_rating,center_deep_targets,center_deep_targets_percent,center_deep_touchdowns,center_deep_yards,center_deep_yards_after_catch,center_deep_yards_after_catch_per_reception,center_deep_yards_per_reception,center_deep_yprr,center_medium_avg_depth_of_target,center_medium_avoided_tackles,center_medium_caught_percent,center_medium_contested_catch_rate,center_medium_contested_receptions,center_medium_contested_targets,center_medium_drop_rate,center_medium_drops,center_medium_first_downs,center_medium_fumbles,center_medium_grades_hands_drop,center_medium_grades_pass_route,center_medium_interceptions,center_medium_longest,center_medium_pass_block_rate,center_medium_pass_blocks,center_medium_pass_plays,center_medium_receptions,center_medium_route_rate,center_medium_routes,center_medium_targeted_qb_rating,center_medium_targets,center_medium_targets_percent,center_medium_touchdowns,center_medium_yards,center_medium_yards_after_catch,center_medium_yards_after_catch_per_reception,center_medium_yards_per_reception,center_medium_yprr,center_short_avg_depth_of_target,center_short_avoided_tackles,center_short_caught_percent,center_short_contested_catch_rate,center_short_contested_receptions,center_short_contested_targets,center_short_drop_rate,center_short_drops,center_short_first_downs,center_short_fumbles,center_short_grades_hands_drop,center_short_grades_pass_route,center_short_interceptions,center_short_longest,center_short_pass_block_rate,center_short_pass_blocks,center_short_pass_plays,center_short_receptions,center_short_route_rate,center_short_routes,center_short_targeted_qb_rating,center_short_targets,center_short_targets_percent,center_short_touchdowns,center_short_yards,center_short_yards_after_catch,center_short_yards_after_catch_per_reception,center_short_yards_per_reception,center_short_yprr,declined_penalties,deep_avg_depth_of_target,deep_avoided_tackles,deep_caught_percent,deep_contested_catch_rate,deep_contested_receptions,deep_contested_targets,deep_drop_rate,deep_drops,deep_first_downs,deep_fumbles,deep_grades_hands_drop,deep_grades_pass_route,deep_interceptions,deep_longest,deep_pass_block_rate,deep_pass_blocks,deep_pass_plays,deep_receptions,deep_route_rate,deep_routes,deep_targeted_qb_rating,deep_targets,deep_targets_percent,deep_touchdowns,deep_yards,deep_yards_after_catch,deep_yards_after_catch_per_reception,deep_yards_per_reception,deep_yprr,franchise_id,left_behind_los_avg_depth_of_target,left_behind_los_avoided_tackles,left_behind_los_caught_percent,left_behind_los_contested_catch_rate,left_behind_los_contested_receptions,left_behind_los_contested_targets,left_behind_los_drop_rate,left_behind_los_drops,left_behind_los_first_downs,left_behind_los_fumbles,left_behind_los_grades_hands_drop,left_behind_los_grades_pass_route,left_behind_los_interceptions,left_behind_los_longest,left_behind_los_pass_block_rate,left_behind_los_pass_blocks,left_behind_los_pass_plays,left_behind_los_receptions,left_behind_los_route_rate,left_behind_los_routes,left_behind_los_targeted_qb_rating,left_behind_los_targets,left_behind_los_targets_percent,left_behind_los_touchdowns,left_behind_los_yards,left_behind_los_yards_after_catch,left_behind_los_yards_after_catch_per_reception,left_behind_los_yards_per_reception,left_behind_los_yprr,left_deep_avg_depth_of_target,left_deep_avoided_tackles,left_deep_caught_percent,left_deep_contested_catch_rate,left_deep_contested_receptions,left_deep_contested_targets,left_deep_drop_rate,left_deep_drops,left_deep_first_downs,left_deep_fumbles,left_deep_grades_hands_drop,left_deep_grades_pass_route,left_deep_interceptions,left_deep_longest,left_deep_pass_block_rate,left_deep_pass_blocks,left_deep_pass_plays,left_deep_receptions,left_deep_route_rate,left_deep_routes,left_deep_targeted_qb_rating,left_deep_targets,left_deep_targets_percent,left_deep_touchdowns,left_deep_yards,left_deep_yards_after_catch,left_deep_yards_after_catch_per_reception,left_deep_yards_per_reception,left_deep_yprr,left_medium_avg_depth_of_target,left_medium_avoided_tackles,left_medium_caught_percent,left_medium_contested_catch_rate,left_medium_contested_receptions,left_medium_contested_targets,left_medium_drop_rate,left_medium_drops,left_medium_first_downs,left_medium_fumbles,left_medium_grades_hands_drop,left_medium_grades_pass_route,left_medium_interceptions,left_medium_longest,left_medium_pass_block_rate,left_medium_pass_blocks,left_medium_pass_plays,left_medium_receptions,left_medium_route_rate,left_medium_routes,left_medium_targeted_qb_rating,left_medium_targets,left_medium_targets_percent,left_medium_touchdowns,left_medium_yards,left_medium_yards_after_catch,left_medium_yards_after_catch_per_reception,left_medium_yards_per_reception,left_medium_yprr,left_short_avg_depth_of_target,left_short_avoided_tackles,left_short_caught_percent,left_short_contested_catch_rate,left_short_contested_receptions,left_short_contested_targets,left_short_drop_rate,left_short_drops,left_short_first_downs,left_short_fumbles,left_short_grades_hands_drop,left_short_grades_pass_route,left_short_interceptions,left_short_longest,left_short_pass_block_rate,left_short_pass_blocks,left_short_pass_plays,left_short_receptions,left_short_route_rate,left_short_routes,left_short_targeted_qb_rating,left_short_targets,left_short_targets_percent,left_short_touchdowns,left_short_yards,left_short_yards_after_catch,left_short_yards_after_catch_per_reception,left_short_yards_per_reception,left_short_yprr,medium_avg_depth_of_target,medium_avoided_tackles,medium_caught_percent,medium_contested_catch_rate,medium_contested_receptions,medium_contested_targets,medium_drop_rate,medium_drops,medium_first_downs,medium_fumbles,medium_grades_hands_drop,medium_grades_pass_route,medium_interceptions,medium_longest,medium_pass_block_rate,medium_pass_blocks,medium_pass_plays,medium_receptions,medium_route_rate,medium_routes,medium_targeted_qb_rating,medium_targets,medium_targets_percent,medium_touchdowns,medium_yards,medium_yards_after_catch,medium_yards_after_catch_per_reception,medium_yards_per_reception,medium_yprr,penalties,right_behind_los_avg_depth_of_target,right_behind_los_avoided_tackles,right_behind_los_caught_percent,right_behind_los_contested_catch_rate,right_behind_los_contested_receptions,right_behind_los_contested_targets,right_behind_los_drop_rate,right_behind_los_drops,right_behind_los_first_downs,right_behind_los_fumbles,right_behind_los_grades_hands_drop,right_behind_los_grades_pass_route,right_behind_los_interceptions,right_behind_los_longest,right_behind_los_pass_block_rate,right_behind_los_pass_blocks,right_behind_los_pass_plays,right_behind_los_receptions,right_behind_los_route_rate,right_behind_los_routes,right_behind_los_targeted_qb_rating,right_behind_los_targets,right_behind_los_targets_percent,right_behind_los_touchdowns,right_behind_los_yards,right_behind_los_yards_after_catch,right_behind_los_yards_after_catch_per_reception,right_behind_los_yards_per_reception,right_behind_los_yprr,right_deep_grades_hands_drop,right_deep_grades_pass_route,right_deepavg_depth_of_target,right_deepavoided_tackles,right_deepcaught_percent,right_deepcontested_catch_rate,right_deepcontested_receptions,right_deepcontested_targets,right_deepdrop_rate,right_deepdrops,right_deepfirst_downs,right_deepfumbles,right_deepinterceptions,right_deeplongest,right_deeppass_block_rate,right_deeppass_blocks,right_deeppass_plays,right_deepreceptions,right_deeproute_rate,right_deeproutes,right_deeptargeted_qb_rating,right_deeptargets,right_deeptargets_percent,right_deeptouchdowns,right_deepyards,right_deepyards_after_catch,right_deepyards_after_catch_per_reception,right_deepyards_per_reception,right_deepyprr,right_medium_avg_depth_of_target,right_medium_avoided_tackles,right_medium_caught_percent,right_medium_contested_catch_rate,right_medium_contested_receptions,right_medium_contested_targets,right_medium_drop_rate,right_medium_drops,right_medium_first_downs,right_medium_fumbles,right_medium_grades_hands_drop,right_medium_grades_pass_route,right_medium_interceptions,right_medium_longest,right_medium_pass_block_rate,right_medium_pass_blocks,right_medium_pass_plays,right_medium_receptions,right_medium_route_rate,right_medium_routes,right_medium_targeted_qb_rating,right_medium_targets,right_medium_targets_percent,right_medium_touchdowns,right_medium_yards,right_medium_yards_after_catch,right_medium_yards_after_catch_per_reception,right_medium_yards_per_reception,right_medium_yprr,right_short_avg_depth_of_target,right_short_avoided_tackles,right_short_caught_percent,right_short_contested_catch_rate,right_short_contested_receptions,right_short_contested_targets,right_short_drop_rate,right_short_drops,right_short_first_downs,right_short_fumbles,right_short_grades_hands_drop,right_short_grades_pass_route,right_short_interceptions,right_short_longest,right_short_pass_block_rate,right_short_pass_blocks,right_short_pass_plays,right_short_receptions,right_short_route_rate,right_short_routes,right_short_targeted_qb_rating,right_short_targets,right_short_targets_percent,right_short_touchdowns,right_short_yards,right_short_yards_after_catch,right_short_yards_after_catch_per_reception,right_short_yards_per_reception,right_short_yprr,short_avg_depth_of_target,short_avoided_tackles,short_caught_percent,short_contested_catch_rate,short_contested_receptions,short_contested_targets,short_drop_rate,short_drops,short_first_downs,short_fumbles,short_grades_hands_drop,short_grades_pass_route,short_interceptions,short_longest,short_pass_block_rate,short_pass_blocks,short_pass_plays,short_receptions,short_route_rate,short_routes,short_targeted_qb_rating,short_targets,short_targets_percent,short_touchdowns,short_yards,short_yards_after_catch,short_yards_after_catch_per_reception,short_yards_per_reception,short_yprr
Cooper Kupp,11824,WR,LA,19,207,-2.8,10,93.1,,0,0,3.6,1,10,0,76.9,93.2,0,25,0.0,0,31,27,93.5,29,108.9,29,14.0,1,214,292,10.8,7.9,7.38,-2.4,6,91.7,,0,0,0.0,0,3,0,80.0,82.7,0,15,2.0,1,49,11,89.8,44,90.6,12,5.8,0,69,95,8.6,6.3,1.57,34.1,2,100.0,100.0,2,2,0.0,0,7,0,75.6,99.9,0,59,0.0,0,31,7,87.1,27,158.3,7,3.4,1,305,66,9.4,43.6,11.3,14.0,1,62.5,100.0,1,1,16.7,3,15,0,40.1,96.6,2,29,2.2,2,92,15,90.2,83,101.6,24,11.6,4,245,47,3.1,16.3,2.95,5.0,5,72.3,27.3,3,11,2.9,1,14,1,79.4,93.8,3,29,0.0,0,152,34,97.4,148,92.7,47,22.7,4,322,148,4.4,9.5,2.18,0,29.5,3,65.4,71.4,5,7,0.0,0,17,0,82.2,99.9,1,70,0.0,0,30,17,86.7,26,118.3,26,12.6,2,684,165,9.7,40.2,26.31,26,-3.3,3,100.0,,0,0,0.0,0,5,0,77.3,92.6,0,25,0.0,0,25,9,92.0,23,149.1,9,4.3,1,98,128,14.2,10.9,4.26,25.9,1,53.8,75.0,3,4,0.0,0,7,0,75.6,98.1,1,44,0.0,0,32,7,78.1,25,67.0,13,6.3,0,238,49,7.0,34.0,9.52,15.4,2,73.3,100.0,2,2,0.0,0,11,0,78.7,98.8,0,52,0.0,0,41,11,97.6,40,137.5,15,7.2,1,244,85,7.7,22.2,6.1,4.1,2,84.6,100.0,1,1,0.0,0,12,0,84.5,92.9,0,43,0.0,0,66,22,98.5,65,110.4,26,12.6,1,193,103,4.7,8.8,2.97,14.6,3,66.0,100.0,3,3,8.8,3,31,0,59.7,99.9,2,52,0.0,0,50,31,94.0,47,126.9,47,22.7,5,594,165,5.3,19.2,12.64,0,-2.9,1,87.5,,0,0,12.5,1,2,0,52.5,91.4,0,11,0.0,0,24,7,100.0,24,91.1,8,3.9,0,47,69,9.9,6.7,1.96,70.5,95.0,32.0,0,50.0,0.0,0,1,0.0,0,3,0,0,70,8.3,2,24,3,79.2,19,135.4,6,2.9,1,141,50,16.7,47.0,7.42,14.6,0,62.5,,0,0,0.0,0,5,0,73.4,94.1,0,30,0.0,0,31,5,100.0,31,106.3,8,3.9,0,105,33,6.6,21.0,3.39,3.6,5,87.5,0.0,0,1,9.7,3,12,0,55.9,90.2,0,16,2.2,2,90,28,97.8,88,130.2,32,15.5,5,184,92,3.3,6.6,2.09,4.3,12,80.0,30.8,4,13,4.5,4,38,1,79.7,95.0,3,43,0.0,0,107,84,98.1,105,114.2,105,50.7,10,699,343,4.1,8.3,6.66
Davante Adams,8688,WR,GB,17,177,-1.8,2,100.0,,0,0,0.0,0,4,0,81.7,90.8,0,16,0.0,0,16,16,100.0,16,89.6,16,9.0,0,88,117,7.3,5.5,5.5,-1.2,1,100.0,,0,0,0.0,0,2,0,74.6,87.9,0,16,0.0,0,47,6,100.0,47,97.9,6,3.4,0,45,52,8.7,7.5,0.96,32.3,0,57.1,0.0,0,1,0.0,0,4,0,72.1,98.4,0,59,0.0,0,21,4,95.2,20,101.8,7,4.0,0,143,23,5.8,35.8,7.15,13.0,1,76.0,100.0,2,2,9.5,2,19,0,57.1,97.5,0,34,0.0,0,53,19,98.1,52,155.8,25,14.1,3,305,67,3.5,16.1,5.87,4.5,7,86.1,66.7,4,6,3.1,1,19,0,79.1,96.1,0,37,0.0,0,97,31,90.7,88,127.0,36,20.3,2,361,229,7.4,11.6,4.1,0,28.7,1,48.1,28.6,2,7,0.0,0,12,0,80.0,99.9,1,59,0.0,0,29,13,93.1,27,103.5,27,15.3,2,453,83,6.4,34.8,16.78,12,-2.7,0,100.0,,0,0,0.0,0,1,0,74.6,70.5,0,10,0.0,0,25,6,96.0,24,80.6,6,3.4,0,20,36,6.0,3.3,0.83,27.5,0,45.5,50.0,2,4,0.0,0,4,0,73.4,97.8,0,43,0.0,0,18,5,100.0,18,131.6,11,6.2,2,155,25,5.0,31.0,8.61,15.1,0,50.0,25.0,1,4,14.3,1,6,0,49.2,93.6,1,21,0.0,0,23,6,100.0,23,41.7,12,6.8,0,94,7,1.2,15.7,4.09,3.6,2,85.2,50.0,2,4,0.0,0,12,0,85.3,92.1,1,12,0.0,0,76,23,96.1,73,111.3,27,15.3,4,133,61,2.7,5.8,1.82,13.6,1,64.4,55.6,5,9,9.4,3,29,0,57.0,98.4,1,34,0.0,0,46,29,97.8,45,112.6,45,25.4,3,474,95,3.3,16.3,10.53,0,-1.5,1,100.0,,0,0,0.0,0,1,0,72.1,90.6,0,8,0.0,0,16,4,100.0,16,90.6,4,2.3,0,23,29,7.3,5.8,1.44,72.1,95.5,27.4,1,44.4,0.0,0,2,0.0,0,4,0,1,50,0.0,0,40,4,82.5,33,51.6,9,5.1,0,155,35,8.8,38.8,4.7,13.3,0,50.0,66.7,2,3,0.0,0,4,0,72.1,92.4,0,24,0.0,0,24,4,87.5,21,82.8,8,4.5,0,75,21,5.3,18.8,3.57,3.7,0,76.9,50.0,1,2,0.0,0,12,0,83.6,92.1,0,12,0.0,0,77,20,100.0,77,87.7,26,14.7,0,134,65,3.3,6.7,1.74,4.0,9,83.1,58.3,7,12,1.3,1,43,0,90.5,96.6,1,37,0.0,0,98,74,90.8,89,113.9,89,50.3,6,628,355,4.8,8.5,7.06
Diontae Johnson,33441,WR,PIT,17,176,-2.6,5,94.7,,0,0,0.0,0,4,1,84.1,69.2,0,14,0.0,0,22,18,86.4,19,82.9,19,10.8,0,74,120,6.7,4.1,3.89,-3.0,1,100.0,,0,0,0.0,0,2,0,74.6,70.5,0,7,0.0,0,50,6,98.0,49,81.9,6,3.4,0,22,40,6.7,3.7,0.45,24.8,0,40.0,,0,0,33.3,1,2,0,29.9,79.2,0,29,0.0,0,17,2,100.0,17,110.0,5,2.8,2,42,7,3.5,21.0,2.47,13.3,0,62.5,,0,0,0.0,0,4,0,45.8,89.8,0,16,0.0,0,40,5,95.0,38,93.2,8,4.5,0,75,6,1.2,15.0,1.97,3.3,9,73.6,33.3,1,3,9.3,4,21,0,58.3,90.7,0,50,0.0,0,196,39,94.4,185,110.5,53,30.1,3,359,235,6.0,9.2,1.94,0,28.1,0,28.6,16.7,1,6,20.0,2,7,1,28.8,76.6,1,50,0.0,0,35,8,80.0,28,92.6,28,15.9,4,274,56,7.0,34.3,9.79,25,-1.8,3,100.0,,0,0,0.0,0,0,1,72.1,37.7,0,4,0.0,0,20,4,95.0,19,79.2,4,2.3,0,9,16,4.0,2.3,0.47,29.1,0,28.6,0.0,0,1,33.3,1,2,0,27.3,58.9,1,41,0.0,0,24,2,70.8,17,25.6,7,4.0,0,64,9,4.5,32.0,3.76,12.9,0,53.8,66.7,4,6,0.0,0,7,0,75.6,95.1,1,20,0.0,0,32,7,93.8,30,80.8,13,7.4,2,82,10,1.4,11.7,2.73,4.3,0,70.0,33.3,1,3,0.0,0,10,0,85.3,91.7,0,13,0.0,0,80,21,92.5,74,82.5,30,17.0,0,159,74,3.5,7.6,2.15,13.8,0,54.3,60.0,6,10,0.0,0,18,0,69.6,96.8,1,22,0.0,0,37,19,94.6,35,86.1,35,19.9,2,266,25,1.3,14.0,7.6,0,-2.7,1,88.9,,0,0,0.0,0,2,0,78.7,79.0,0,14,0.0,0,32,8,90.6,29,86.6,9,5.1,0,43,64,8.0,5.4,1.48,72.1,76.7,28.7,0,25.0,20.0,1,5,0.0,0,3,1,0,50,0.0,0,42,4,83.3,35,110.4,16,9.1,2,168,40,10.0,42.0,4.8,14.9,0,50.0,50.0,2,4,0.0,0,7,0,75.6,94.6,0,22,0.0,0,46,7,95.7,44,76.2,14,8.0,0,109,9,1.3,15.6,2.48,4.8,2,63.6,0.0,0,1,22.2,2,4,0,32.2,81.2,1,25,0.0,0,55,7,98.2,54,41.1,11,6.3,0,63,32,4.6,9.0,1.17,3.8,11,71.3,28.6,2,7,8.2,6,35,0,63.7,92.7,1,50,0.0,0,103,67,91.3,94,93.4,94,53.4,3,581,341,5.1,8.7,6.18
Tyreek Hill,10799,WR,KC,19,172,-2.6,5,100.0,,0,0,0.0,0,6,1,85.3,84.8,0,10,0.0,0,24,24,100.0,24,82.8,24,14.0,0,93,155,6.5,3.9,3.88,-2.7,1,100.0,,0,0,0.0,0,2,1,78.0,75.9,0,9,0.0,0,71,10,98.6,70,80.8,10,5.8,0,34,61,6.1,3.4,0.49,41.4,0,28.6,0.0,0,3,0.0,0,2,0,68.3,88.8,0,75,0.0,0,14,2,85.7,12,118.8,7,4.1,2,119,32,16.0,59.5,9.92,13.7,2,70.8,33.3,1,3,10.5,2,16,0,55.9,97.8,0,64,0.0,0,64,17,92.2,59,152.8,24,14.0,3,311,89,5.2,18.3,5.27,5.0,6,77.8,60.0,3,5,10.3,4,20,1,55.4,91.2,2,26,0.0,0,147,35,96.6,142,90.3,45,26.2,2,295,148,4.2,8.4,2.08,0,35.0,0,38.5,14.3,1,7,0.0,0,10,0,78.0,96.9,0,75,0.0,0,31,10,83.9,26,124.7,26,15.1,3,365,48,4.8,36.5,14.04,16,-2.1,3,100.0,,0,0,0.0,0,2,0,75.6,88.3,0,10,0.0,0,39,7,100.0,39,87.5,7,4.1,0,35,50,7.1,5.0,0.9,30.4,0,44.4,50.0,1,2,0.0,0,4,0,72.1,96.0,0,40,0.0,0,20,4,90.0,18,91.2,9,5.2,0,117,5,1.3,29.3,6.5,13.3,0,75.0,,0,0,0.0,0,5,0,75.6,94.1,0,18,0.0,0,28,6,75.0,21,143.8,8,4.7,1,76,6,1.0,12.7,3.62,4.7,1,88.9,,0,0,0.0,0,6,0,76.5,90.9,0,14,0.0,0,55,8,96.4,53,130.1,9,5.2,1,57,20,2.5,7.1,1.08,13.4,2,68.9,33.3,2,6,8.8,3,29,0,60.5,98.6,0,64,0.0,0,49,31,91.8,45,135.2,45,26.2,4,498,105,3.4,16.1,11.07,0,-2.9,1,100.0,,0,0,0.0,0,2,0,75.6,69.9,0,7,0.0,0,20,7,95.0,19,81.0,7,4.1,0,24,44,6.3,3.4,1.26,72.1,93.4,34.5,0,40.0,0.0,0,2,0.0,0,4,0,0,38,0.0,0,37,4,81.1,30,120.8,10,5.8,1,129,11,2.8,32.3,4.3,13.1,0,61.5,33.3,1,3,11.1,1,8,0,54.5,92.6,0,20,0.0,0,30,8,100.0,30,88.9,13,7.6,0,111,10,1.3,13.9,3.7,4.0,1,82.6,0.0,0,1,13.6,3,12,0,47.8,90.2,1,23,0.0,0,52,19,92.3,48,88.0,23,13.4,1,138,75,3.9,7.3,2.88,4.7,8,80.5,50.0,3,6,10.1,7,38,1,54.8,93.0,3,26,0.0,0,81,62,95.1,77,94.3,77,44.8,4,490,243,3.9,7.9,6.36
Stefon Diggs,9579,WR,BUF,19,168,-2.0,2,92.3,,0,0,7.7,1,3,1,63.5,68.4,0,12,0.0,0,14,12,92.9,13,84.3,13,7.7,0,55,80,6.7,4.6,4.23,-2.2,0,83.3,,0,0,16.7,1,1,1,46.3,42.6,0,11,0.0,0,39,5,100.0,39,81.9,6,3.6,0,22,34,6.8,4.4,0.56,33.3,0,42.9,50.0,1,2,25.0,1,3,0,36.8,90.5,0,61,0.0,0,29,3,96.6,28,89.9,7,4.2,0,113,19,6.3,37.7,4.04,13.6,0,62.5,33.3,1,3,0.0,0,10,0,78.0,95.3,2,19,0.0,0,66,10,93.9,62,86.7,16,9.5,5,125,13,1.3,12.5,2.02,5.5,8,78.1,50.0,3,6,3.8,1,16,0,74.2,94.5,2,23,0.0,0,143,25,97.2,139,70.8,32,19.0,0,232,100,4.0,9.3,1.67,0,30.9,1,38.7,40.0,4,10,7.7,1,12,0,62.1,97.6,1,61,0.0,0,34,12,91.2,31,73.0,31,18.5,0,444,73,6.1,37.0,14.32,4,-1.6,0,100.0,,0,0,0.0,0,1,0,74.6,78.3,0,11,0.0,0,26,5,92.3,24,81.7,5,3.0,0,18,26,5.2,3.6,0.75,28.8,1,46.2,60.0,3,5,0.0,0,6,0,74.6,97.8,0,57,0.0,0,26,6,92.3,24,92.6,13,7.7,0,218,42,7.0,36.3,9.08,14.4,0,35.3,20.0,1,5,0.0,0,6,0,75.6,92.8,0,19,0.0,0,49,6,93.9,46,71.2,17,10.1,1,82,4,0.7,13.7,1.78,5.8,2,84.2,50.0,1,2,5.9,1,7,0,67.7,87.5,0,15,0.0,0,69,16,94.2,65,110.1,19,11.3,1,118,24,1.5,7.4,1.82,13.4,1,51.1,36.4,4,11,0.0,0,23,0,85.7,96.5,3,19,0.0,0,52,24,90.4,47,84.9,47,28.0,7,308,24,1.0,12.8,6.55,0,-2.5,2,100.0,,0,0,0.0,0,1,0,68.3,76.6,0,12,0.0,0,20,2,100.0,20,97.9,2,1.2,0,15,20,10.0,7.5,0.75,70.5,92.1,31.8,0,27.3,0.0,0,3,0.0,0,3,0,1,45,0.0,0,30,3,86.7,26,32.0,11,6.5,0,113,12,4.0,37.7,4.35,11.9,1,57.1,66.7,2,3,0.0,0,7,0,76.5,92.3,1,17,0.0,0,31,8,87.1,27,73.8,14,8.3,1,101,7,0.9,12.6,3.74,5.3,3,76.9,100.0,3,3,4.8,1,7,0,71.3,90.2,0,12,1.2,1,82,20,92.7,76,113.5,26,15.5,2,135,37,1.9,6.8,1.78,5.5,13,79.2,63.6,7,11,4.7,3,30,0,77.5,94.4,2,23,0.0,0,80,61,96.3,77,95.1,77,45.8,3,485,161,2.6,8.0,6.3
Justin Jefferson,61398,WR,MIN,17,163,-2.2,1,85.7,0.0,0,1,10.0,2,4,0,55.6,69.6,0,15,0.0,0,21,18,100.0,21,84.9,21,12.9,0,92,130,7.2,5.1,4.38,-2.3,1,87.5,,0,0,12.5,1,1,0,52.1,61.9,0,15,0.0,0,48,7,95.8,46,85.9,8,4.9,0,37,51,7.3,5.3,0.8,32.2,0,33.3,50.0,1,2,0.0,0,3,0,70.5,91.6,1,50,0.0,0,21,3,85.7,18,79.4,9,5.5,1,121,14,4.7,40.3,6.72,13.5,4,56.4,16.7,1,6,8.3,2,22,0,60.3,97.3,1,43,0.0,0,71,22,97.2,69,102.5,39,23.9,2,440,155,7.0,20.0,6.38,4.9,1,78.6,100.0,4,4,4.3,1,12,1,72.3,92.1,0,17,0.0,0,145,22,95.9,139,108.0,28,17.2,1,198,86,3.9,9.0,1.42,0,30.0,0,43.6,45.5,5,11,15.0,3,17,0,55.9,98.3,1,56,0.0,0,46,17,84.8,39,114.0,39,23.9,4,523,65,3.8,30.8,13.41,18,-2.1,0,71.4,0.0,0,1,16.7,1,0,0,45.8,60.4,0,9,0.0,0,21,5,95.2,20,77.7,7,4.3,0,27,37,7.4,5.4,1.35,27.1,0,41.7,40.0,2,5,28.6,2,5,0,49.7,94.6,0,37,0.0,0,33,5,84.8,28,110.4,12,7.4,1,132,21,4.2,26.4,4.71,14.4,1,80.0,50.0,1,2,0.0,0,7,0,76.5,96.6,0,30,0.0,0,21,8,90.5,19,152.1,10,6.1,1,137,25,3.1,17.1,7.21,5.8,2,88.9,100.0,2,2,0.0,0,3,0,76.5,89.0,0,12,0.0,0,65,8,93.8,61,96.3,9,5.5,0,64,19,2.4,8.0,1.05,13.7,5,65.6,22.2,2,9,4.8,2,38,0,73.7,99.9,1,43,0.0,0,64,40,95.3,61,121.3,61,37.4,4,726,193,4.8,18.2,11.9,0,-2.3,0,100.0,,0,0,0.0,0,3,0,74.6,78.8,0,9,0.0,0,25,6,100.0,25,86.1,6,3.7,0,28,42,7.0,4.7,1.12,56.7,97.3,30.8,0,50.0,50.0,2,4,10.0,1,9,0,0,56,0.0,0,27,9,92.6,25,132.9,18,11.0,2,270,30,3.3,30.0,10.8,13.9,0,83.3,0.0,0,1,0.0,0,9,0,78.0,96.8,0,23,0.0,0,30,10,86.7,26,146.2,12,7.4,1,149,13,1.3,14.9,5.73,5.6,0,60.0,,0,0,25.0,1,1,0,36.2,58.8,0,8,0.0,0,47,3,93.6,44,104.2,5,3.1,1,13,-1,-0.3,4.3,0.3,5.1,3,78.6,100.0,6,6,5.7,2,16,1,69.6,92.0,0,17,0.0,0,43,33,97.7,42,109.8,42,25.8,2,275,104,3.2,8.3,6.55
D.J. Moore,48267,WR,CAR,17,156,-2.3,1,85.7,,0,0,0.0,0,4,0,62.1,81.0,0,14,0.0,0,15,12,93.3,14,84.2,14,9.0,0,59,86,7.2,4.9,4.21,-2.3,1,87.5,,0,0,0.0,0,2,0,75.6,83.4,0,14,0.0,0,44,7,95.5,42,82.3,8,5.1,0,30,45,6.4,4.3,0.71,26.0,0,66.7,,0,0,0.0,0,2,0,68.3,91.8,0,64,0.0,0,18,2,100.0,18,109.7,3,1.9,0,85,27,13.5,42.5,4.72,13.5,3,62.1,25.0,1,4,5.3,1,17,1,68.7,95.4,3,29,0.0,0,62,18,93.5,58,72.3,29,18.6,1,324,95,5.3,18.0,5.59,5.5,1,74.3,60.0,6,10,16.1,5,17,0,36.0,91.8,0,39,0.0,0,152,26,96.7,147,115.1,35,22.4,2,269,138,5.3,10.3,1.83,0,28.0,0,26.1,0.0,0,4,14.3,1,6,0,52.1,92.4,2,64,0.0,0,25,6,92.0,23,25.6,23,14.7,0,192,38,6.3,32.0,8.35,5,,0,,,0,0,,0,0,0,,,0,0,0.0,0,14,0,100.0,14,0.0,0,0.0,0,0,0,,,0.0,29.8,0,15.4,0.0,0,3,33.3,1,2,0,29.9,75.5,1,27,0.0,0,20,2,95.0,19,11.7,13,8.3,0,52,3,1.5,26.0,2.74,13.3,0,41.7,50.0,1,2,0.0,0,5,0,73.4,89.9,0,20,0.0,0,25,5,100.0,25,88.9,12,7.7,1,70,16,3.2,14.0,2.8,5.6,1,66.7,33.3,1,3,7.7,1,6,0,61.8,82.1,1,20,0.0,0,57,12,96.5,55,57.4,18,11.5,0,99,28,2.3,8.3,1.8,13.7,3,50.0,25.0,2,8,3.7,1,24,1,75.5,95.5,3,29,0.0,0,54,26,96.3,52,68.4,52,33.3,2,448,114,4.4,17.2,8.62,0,-2.3,0,83.3,,0,0,0.0,0,2,0,46.3,69.0,0,11,0.0,0,21,5,95.2,20,86.8,6,3.8,0,29,41,8.2,5.8,1.45,70.5,91.5,25.4,0,28.6,0.0,0,1,0.0,0,2,0,1,29,5.3,1,19,2,89.5,17,20.2,7,4.5,0,55,8,4.0,27.5,3.24,14.6,0,27.3,0.0,0,2,0.0,0,2,0,72.1,84.2,0,19,0.0,0,32,3,90.6,29,47.5,11,7.1,0,54,3,1.0,18.0,1.86,5.1,1,78.6,0.0,0,1,8.3,1,3,0,61.8,85.2,0,16,0.0,0,53,11,94.3,50,93.5,14,9.0,0,90,41,3.7,8.2,1.8,5.4,3,73.1,50.0,7,14,12.5,7,26,0,44.7,92.5,1,39,0.0,0,69,49,97.1,67,95.2,67,42.9,2,458,207,4.2,9.3,6.84
Keenan Allen,7857,WR,LAC,16,150,-2.3,1,86.7,,0,0,7.1,1,2,0,63.2,67.3,0,11,0.0,0,15,13,100.0,15,79.2,15,10.0,0,41,71,5.5,3.2,2.73,-2.3,0,83.3,,0,0,16.7,1,0,0,45.8,52.7,0,5,0.0,0,33,5,97.0,32,79.2,6,4.0,0,17,29,5.8,3.4,0.53,33.0,0,50.0,0.0,0,1,0.0,0,1,0,64.7,90.5,0,30,0.0,0,12,1,91.7,11,95.8,2,1.3,0,30,2,2.0,30.0,2.73,13.0,0,62.5,33.3,1,3,16.7,2,10,0,45.7,93.2,3,20,0.0,0,46,10,89.1,41,88.8,16,10.7,2,133,18,1.8,13.3,3.24,5.3,0,74.5,41.7,5,12,7.9,3,19,0,62.7,93.1,2,16,0.0,0,153,35,96.7,148,100.4,47,31.3,4,289,118,3.4,8.3,1.95,0,31.2,0,61.5,0.0,0,1,11.1,1,8,0,54.5,98.1,0,42,0.0,0,14,8,92.9,13,105.4,13,8.7,0,246,28,3.5,30.8,18.92,27,-2.3,1,83.3,,0,0,0.0,0,2,0,73.4,80.1,0,11,0.0,0,25,5,96.0,24,79.2,6,4.0,0,17,29,5.8,3.4,0.71,24.5,0,100.0,,0,0,0.0,0,2,0,68.3,94.7,0,29,0.0,0,25,2,80.0,20,118.8,2,1.3,0,50,1,0.5,25.0,2.5,13.3,0,58.3,100.0,1,1,0.0,0,7,0,75.6,95.4,0,30,0.0,0,31,7,96.8,30,92.7,12,8.0,0,121,23,3.3,17.3,4.03,5.1,0,76.9,50.0,2,4,9.1,1,7,0,58.5,87.8,0,12,0.0,0,67,10,92.5,62,88.6,13,8.7,0,70,21,2.1,7.0,1.13,13.6,1,55.6,50.0,4,8,10.7,3,25,1,54.9,95.6,3,30,0.0,0,51,25,88.2,45,71.7,45,30.0,2,392,66,2.6,15.7,8.71,0,-2.0,0,100.0,,0,0,0.0,0,0,0,70.5,61.8,0,4,0.0,0,17,3,100.0,17,79.2,3,2.0,0,7,13,4.3,2.3,0.41,45.8,95.3,32.3,0,55.6,,0,0,16.7,1,5,0,0,42,0.0,0,27,5,92.6,25,100.5,9,6.0,0,166,25,5.0,33.2,6.64,14.4,1,47.1,50.0,2,4,11.1,1,8,1,54.5,89.7,0,26,0.0,0,49,8,83.7,41,75.1,17,11.3,0,138,25,3.1,17.3,3.37,3.4,1,88.2,100.0,3,3,0.0,0,5,0,66.7,90.1,0,14,0.0,0,91,15,95.6,87,91.2,17,11.3,0,100,52,3.5,6.7,1.15,4.8,1,77.9,52.6,10,19,6.3,4,31,0,64.4,94.0,2,16,0.0,0,81,60,95.1,77,98.0,77,51.3,4,459,191,3.2,7.7,5.96
Mark Andrews,47436,TE,BLT,17,149,-1.8,0,100.0,,0,0,0.0,0,1,1,76.5,74.2,0,12,0.0,0,8,6,75.0,6,84.0,6,4.0,0,25,36,6.0,4.2,4.17,-1.0,0,100.0,,0,0,0.0,0,0,0,68.3,62.1,0,8,12.5,2,16,1,75.0,12,100.0,1,0.7,0,8,9,9.0,8.0,0.67,27.6,0,25.0,0.0,0,1,0.0,0,2,0,68.3,85.8,3,29,5.0,1,20,2,85.0,17,14.6,8,5.4,0,52,10,5.0,26.0,3.06,13.6,0,52.8,20.0,1,5,5.0,1,17,0,69.6,94.9,4,32,0.0,0,63,19,95.2,60,76.0,36,24.2,4,281,50,2.6,14.8,4.68,5.0,5,84.6,70.0,7,10,0.0,0,19,0,89.0,96.7,0,43,0.0,0,141,33,96.5,136,111.4,39,26.2,1,339,180,5.5,10.3,2.49,0,26.9,1,42.9,57.1,4,7,10.0,1,9,0,58.5,99.0,3,41,0.0,0,23,9,91.3,21,50.3,21,14.1,0,269,53,5.9,29.9,12.81,3,-1.0,0,100.0,,0,0,0.0,0,0,1,68.3,43.4,0,1,0.0,0,17,2,94.1,16,79.2,2,1.3,0,0,2,1.0,0.0,0.0,21.3,0,75.0,100.0,2,2,0.0,0,3,0,70.5,98.1,0,41,6.3,1,16,3,87.5,14,116.7,4,2.7,0,92,27,9.0,30.7,6.57,15.0,0,88.9,50.0,1,2,0.0,0,8,0,76.5,99.2,0,28,0.0,0,16,8,100.0,16,158.3,9,6.0,2,148,36,4.5,18.5,9.25,6.9,0,62.5,,0,0,0.0,0,3,0,73.4,91.0,0,12,2.1,1,48,5,97.9,47,78.6,8,5.4,0,47,12,2.4,9.4,1.0,13.9,0,63.5,40.0,4,10,5.7,2,30,0,60.4,98.4,5,32,0.0,0,55,33,94.5,52,97.1,52,34.9,7,526,99,3.0,15.9,10.12,0,-2.7,0,100.0,,0,0,0.0,0,1,0,72.1,90.6,0,12,0.0,0,22,3,90.9,20,90.3,3,2.0,0,17,25,8.3,5.7,0.85,45.8,97.6,28.7,1,44.4,50.0,2,4,20.0,1,4,0,0,39,0.0,0,33,4,84.8,28,91.2,9,6.0,0,125,16,4.0,31.3,4.46,14.6,0,85.7,66.7,2,3,14.3,1,5,0,29.7,92.2,1,28,0.0,0,25,6,88.0,22,118.8,7,4.7,1,97,13,2.2,16.2,4.41,4.3,3,91.3,100.0,3,3,0.0,0,13,0,84.9,94.3,1,18,1.3,1,79,21,92.4,73,91.1,23,15.4,1,155,67,3.2,7.4,2.12,5.0,8,84.3,76.9,10,13,0.0,0,35,0,90.8,97.6,1,43,0.0,0,75,59,93.3,70,102.4,70,47.0,2,541,259,4.4,9.2,7.73
Travis Kelce,7844,TE,KC,18,147,-1.9,3,88.2,,0,0,0.0,0,5,0,81.7,94.6,0,13,0.0,0,18,15,94.4,17,107.1,17,11.6,1,85,113,7.5,5.7,5.0,-1.9,3,85.7,,0,0,0.0,0,5,0,80.0,95.7,0,13,0.0,0,76,12,96.1,73,110.1,14,9.5,1,66,89,7.4,5.5,0.9,,0,,,0,0,,0,0,0,,,0,0,0.0,0,15,0,80.0,12,0.0,0,0.0,0,0,0,,,0.0,12.4,2,54.2,66.7,2,3,7.1,1,10,0,64.4,92.8,1,25,1.5,1,68,13,89.7,61,66.5,24,16.3,0,211,53,4.1,16.2,3.46,5.6,9,79.3,40.0,2,5,6.1,3,29,1,69.8,98.2,3,46,0.0,0,161,46,96.3,155,107.8,58,39.5,4,552,314,6.8,12.0,3.56,0,26.2,1,66.7,100.0,1,1,0.0,0,4,0,72.1,96.7,1,69,0.0,0,10,4,60.0,6,109.7,6,4.1,1,170,77,19.3,42.5,28.33,16,-1.7,0,100.0,,0,0,0.0,0,0,0,70.5,63.9,0,8,0.0,0,39,3,97.4,38,93.1,3,2.0,0,19,24,8.0,6.3,0.5,26.0,0,100.0,100.0,1,1,0.0,0,1,0,64.7,90.2,0,28,0.0,0,23,1,91.3,21,118.8,1,0.7,0,28,2,2.0,28.0,1.33,13.2,1,63.6,100.0,2,2,0.0,0,6,0,52.1,93.4,0,27,3.4,1,29,7,75.9,22,97.2,11,7.5,0,111,25,3.6,15.9,5.05,6.2,1,53.8,100.0,1,1,12.5,1,7,0,52.1,90.7,0,14,1.6,1,63,7,95.2,60,106.7,13,8.8,3,63,25,3.6,9.0,1.05,12.8,5,56.8,71.4,5,7,3.8,1,21,0,64.1,96.8,1,27,0.0,0,51,25,86.3,44,92.5,44,29.9,2,395,98,3.9,15.8,8.98,0,,0,,,0,0,,0,0,0,,,0,0,0.0,0,21,0,100.0,21,0.0,0,0.0,0,0,0,,,0.0,70.5,95.7,26.2,1,60.0,,0,0,0.0,0,3,0,1,69,2.9,1,35,3,77.1,27,104.2,5,3.4,1,142,75,25.0,47.3,5.26,13.2,2,55.6,50.0,1,2,0.0,0,5,0,73.4,97.1,0,24,6.3,2,32,5,93.8,30,121.8,9,6.1,2,73,20,4.0,14.6,2.43,4.1,1,88.9,,0,0,0.0,0,6,0,77.3,94.4,0,19,3.8,2,52,8,84.6,44,96.3,9,6.1,0,64,32,4.0,8.0,1.45,5.5,11,76.3,50.0,3,6,6.2,4,42,1,71.1,98.7,3,46,0.0,0,82,61,97.6,80,114.5,80,54.4,7,679,371,6.1,11.1,8.49
Ja'Marr Chase,84270,WR,CIN,19,141,-2.6,5,92.9,,0,0,0.0,0,5,0,80.0,91.7,1,57,0.0,0,14,13,100.0,14,80.1,14,9.9,0,145,178,13.7,11.2,10.36,-2.7,0,66.7,,0,0,0.0,0,0,0,68.3,60.4,1,5,0.0,0,35,2,100.0,35,30.6,3,2.1,0,6,11,5.5,3.0,0.17,40.0,0,25.0,0.0,0,3,0.0,0,1,0,64.7,85.3,0,53,0.0,0,11,1,90.9,10,79.2,4,2.8,0,53,12,12.0,53.0,5.3,12.2,3,60.0,33.3,1,3,18.2,2,9,0,38.4,93.8,1,26,0.0,0,48,9,93.8,45,87.1,15,10.6,1,146,45,5.0,16.2,3.24,5.3,4,73.1,25.0,2,8,9.5,2,11,0,58.1,93.4,1,28,0.0,0,178,19,96.6,172,84.8,26,18.4,0,236,144,7.6,12.4,1.37,0,32.5,2,44.4,25.0,4,16,11.1,2,16,1,55.9,99.8,2,70,0.0,0,38,16,94.7,36,107.6,36,25.5,8,604,146,9.1,37.8,16.78,7,-2.7,4,100.0,,0,0,0.0,0,4,0,77.3,92.2,0,57,0.0,0,23,9,91.3,21,118.5,9,6.4,0,112,136,15.1,12.4,5.33,32.3,0,75.0,,0,0,0.0,0,3,0,72.1,96.8,0,69,0.0,0,19,3,89.5,17,156.3,4,2.8,2,147,59,19.7,49.0,8.65,13.9,0,77.8,100.0,1,1,12.5,1,6,0,52.5,94.5,0,72,0.0,0,25,7,84.0,21,158.3,9,6.4,2,158,63,9.0,22.6,7.52,4.3,2,73.7,50.0,1,2,12.5,2,7,1,49.6,86.2,0,18,0.0,0,64,14,96.9,62,106.9,19,13.5,1,118,61,4.4,8.4,1.9,13.3,3,69.7,66.7,4,6,14.8,4,22,0,41.6,97.0,1,72,0.0,0,37,23,89.2,33,129.9,33,23.4,3,413,117,5.1,18.0,12.52,0,-2.0,1,100.0,,0,0,0.0,0,1,0,68.3,81.8,0,24,0.0,0,15,2,100.0,15,118.8,2,1.4,0,27,31,15.5,13.5,1.8,48.0,98.4,31.5,2,42.9,30.8,4,13,14.3,2,12,1,2,70,0.0,0,47,12,91.5,43,99.7,28,19.9,6,404,75,6.3,33.7,9.4,14.6,0,77.8,100.0,2,2,12.5,1,7,0,54.5,93.4,0,19,0.0,0,39,7,94.9,37,117.1,9,6.4,0,109,9,1.3,15.6,2.95,4.2,5,76.9,100.0,1,1,9.1,1,5,0,58.5,91.5,1,82,0.0,0,67,10,100.0,67,111.9,13,9.2,1,164,122,12.2,16.4,2.45,4.7,11,74.1,36.4,4,11,10.4,5,23,1,53.0,94.2,2,82,0.0,0,60,43,96.7,58,98.2,58,41.1,2,518,327,7.6,12.0,8.93
Marquise Brown,61568,WR,BLT,16,139,-2.6,2,95.0,,0,0,0.0,0,4,2,84.1,68.1,0,22,0.0,0,22,19,90.9,20,89.6,20,14.4,0,110,160,8.4,5.8,5.5,-4.5,0,100.0,,0,0,0.0,0,1,0,68.3,76.9,0,18,0.0,0,13,2,84.6,11,112.5,2,1.4,0,22,31,15.5,11.0,2.0,32.6,0,14.3,,0,0,0.0,0,1,0,64.7,77.9,1,42,0.0,0,18,1,94.4,17,52.1,7,5.0,1,42,22,22.0,42.0,2.47,14.9,3,71.4,0.0,0,2,0.0,0,10,0,78.0,95.7,0,32,0.0,0,62,10,96.8,60,113.7,14,10.1,0,177,30,3.0,17.7,2.95,5.3,2,80.0,80.0,4,5,7.7,2,12,1,63.4,93.1,0,27,0.0,0,149,24,96.0,143,98.3,30,21.6,0,228,103,4.3,9.5,1.59,0,34.0,0,16.7,0.0,0,4,37.5,3,5,0,27.5,85.9,3,49,0.0,0,32,5,93.8,30,56.3,30,21.6,4,210,35,7.0,42.0,7.0,3,-2.1,1,90.0,,0,0,0.0,0,0,2,78.0,45.3,0,10,0.0,0,19,9,94.7,18,83.3,10,7.2,0,40,60,6.7,4.4,2.22,32.3,0,16.7,0.0,0,1,50.0,1,1,0,28.8,78.0,1,49,0.0,0,19,1,94.7,18,61.1,6,4.3,1,49,0,0.0,49.0,2.72,15.7,0,33.3,0.0,0,1,0.0,0,1,0,64.7,63.3,0,29,0.0,0,14,1,100.0,14,70.1,3,2.2,0,29,12,12.0,29.0,2.07,5.8,1,80.0,,0,0,0.0,0,1,0,72.1,71.5,0,17,0.0,0,46,4,100.0,46,94.2,5,3.6,0,33,13,3.3,8.3,0.72,14.9,3,70.8,0.0,0,3,0.0,0,15,0,82.2,96.7,0,32,0.0,0,25,17,96.0,24,125.7,24,17.3,1,292,51,3.0,17.2,12.17,0,-2.6,1,100.0,,0,0,0.0,0,3,0,77.3,82.0,0,22,0.0,0,19,8,89.5,17,91.7,8,5.8,0,48,69,8.6,6.0,2.82,28.0,78.2,35.2,0,17.6,0.0,0,3,40.0,2,3,0,1,43,0.0,0,33,3,90.9,30,71.0,17,12.2,2,119,13,4.3,39.7,3.97,14.6,0,85.7,,0,0,0.0,0,4,0,74.6,94.4,0,20,0.0,0,19,6,94.7,18,157.4,7,5.0,1,86,9,1.5,14.3,4.78,5.0,0,73.3,83.3,5,6,4.3,1,4,0,72.8,73.3,0,12,0.0,0,79,22,96.2,76,93.1,30,21.6,1,135,34,1.5,6.1,1.78,5.2,3,76.9,81.8,9,11,5.7,3,17,0,72.5,91.2,0,27,0.0,0,69,50,94.2,65,96.7,65,46.8,1,396,150,3.0,7.9,6.09
Jaylen Waddle,84088,WR,MIA,16,138,-3.7,1,90.5,,0,0,5.0,1,2,0,69.6,80.2,0,13,0.0,0,21,19,100.0,21,95.0,21,15.2,1,63,133,7.0,3.3,3.0,-4.1,1,93.3,,0,0,0.0,0,2,0,80.6,85.5,0,13,0.0,0,41,14,92.7,38,103.3,15,10.9,1,52,107,7.6,3.7,1.37,24.0,0,50.0,0.0,0,1,0.0,0,1,0,64.7,87.7,0,25,0.0,0,12,1,75.0,9,95.8,2,1.4,0,25,1,1.0,25.0,2.78,11.8,1,66.7,100.0,2,2,20.0,2,8,0,35.7,92.2,1,57,0.0,0,65,8,95.4,62,102.1,12,8.7,1,148,60,7.5,18.5,2.39,4.8,4,80.6,100.0,2,2,7.4,2,9,1,64.1,90.7,2,25,0.0,0,122,25,94.3,115,76.7,31,22.5,1,195,72,2.9,7.8,1.7,0,30.1,0,33.3,33.3,1,3,20.0,1,4,0,42.1,90.9,2,45,0.0,0,15,4,80.0,12,39.2,12,8.7,0,141,8,2.0,35.3,11.75,17,-3.0,0,100.0,,0,0,0.0,0,0,0,70.5,61.7,0,0,0.0,0,18,3,94.4,17,79.2,3,2.2,0,-2,7,2.3,-0.7,-0.12,31.3,0,50.0,100.0,1,1,0.0,0,3,0,70.5,94.0,1,45,0.0,0,21,3,76.2,16,56.3,6,4.3,0,116,7,2.3,38.7,7.25,13.4,0,71.4,100.0,1,1,16.7,1,5,0,45.8,92.1,0,18,0.0,0,32,5,93.8,30,141.1,7,5.1,1,67,6,1.2,13.4,2.23,4.5,2,84.0,50.0,1,2,4.5,1,13,0,72.8,93.5,1,17,0.0,0,73,21,91.8,67,104.2,25,18.1,2,165,70,3.3,7.9,2.46,12.1,1,70.4,100.0,7,7,13.6,3,19,0,45.1,96.1,1,57,0.0,0,28,19,96.4,27,115.2,27,19.6,2,293,77,4.1,15.4,10.85,0,-2.3,0,66.7,,0,0,33.3,1,0,0,29.9,59.7,0,9,0.0,0,13,2,100.0,13,75.7,3,2.2,0,13,19,9.5,6.5,1.0,28.0,30.8,31.3,0,0.0,0.0,0,1,100.0,1,0,0,1,0,0.0,0,20,0,85.0,17,0.0,4,2.9,0,0,0,,,0.0,11.3,0,75.0,100.0,4,4,0.0,0,6,0,74.6,94.6,0,24,0.0,0,27,6,96.3,26,105.2,8,5.8,0,78,11,1.8,13.0,3.0,4.4,3,72.7,33.3,1,3,5.9,1,12,0,66.7,92.7,0,21,0.0,0,79,16,98.7,78,92.6,22,15.9,0,158,95,5.9,9.9,2.03,4.6,9,79.5,57.1,4,7,6.1,4,34,1,72.1,94.9,3,25,0.0,0,83,62,94.0,78,91.1,78,56.5,3,518,237,3.8,8.4,6.64
Hunter Renfrow,47509,WR,LV,18,135,-2.6,5,94.1,,0,0,0.0,0,5,0,82.2,87.3,0,10,0.0,0,18,16,94.4,17,88.7,17,12.6,0,90,132,8.3,5.6,5.29,-2.7,2,100.0,,0,0,0.0,0,3,0,75.6,77.0,0,10,0.0,0,44,7,93.2,41,88.1,7,5.2,0,36,55,7.9,5.1,0.88,29.3,0,100.0,100.0,1,1,0.0,0,3,0,70.5,97.3,0,54,0.0,0,24,3,83.3,20,118.8,3,2.2,0,105,17,5.7,35.0,5.25,12.9,0,83.3,0.0,0,1,6.3,1,12,1,65.6,95.0,0,31,0.0,0,65,15,93.8,61,155.8,18,13.3,2,243,54,3.6,16.2,3.98,4.4,5,91.7,,0,0,2.9,1,12,0,78.9,92.8,0,19,0.0,0,113,33,97.3,110,108.9,36,26.7,1,285,135,4.1,8.6,2.59,0,26.9,0,57.1,33.3,1,3,0.0,0,4,0,72.1,96.9,0,54,0.0,0,7,4,100.0,7,101.8,7,5.2,0,130,17,4.3,32.5,18.57,23,-2.8,1,100.0,,0,0,0.0,0,0,0,73.4,71.6,0,9,0.0,0,22,5,95.5,21,90.0,5,3.7,0,28,42,8.4,5.6,1.33,23.0,0,50.0,,0,0,0.0,0,1,0,64.7,90.3,0,25,0.0,0,19,1,89.5,17,95.8,2,1.5,0,25,0,0.0,25.0,1.47,13.0,1,55.6,33.3,1,3,0.0,0,5,0,73.4,93.0,0,17,0.0,0,21,5,95.2,20,118.1,9,6.7,2,65,6,1.2,13.0,3.25,3.4,4,88.0,33.3,1,3,0.0,0,5,0,84.5,87.4,1,27,0.0,0,67,22,100.0,67,87.8,25,18.5,1,147,82,3.7,6.7,2.19,13.7,1,65.7,28.6,2,7,4.2,1,20,1,72.8,97.0,0,31,0.0,0,38,23,92.1,35,139.0,35,25.9,5,358,71,3.1,15.6,10.23,0,-2.4,2,80.0,,0,0,0.0,0,2,0,73.4,87.9,0,8,0.0,0,24,4,95.8,23,88.3,5,3.7,0,26,35,8.8,6.5,1.13,,57.2,27.0,0,0.0,0.0,0,2,,0,0,0,0,0,0.0,0,34,0,76.5,26,39.6,2,1.5,0,0,0,,,0.0,16.1,0,37.5,33.3,1,3,0.0,0,3,0,70.5,93.0,0,24,0.0,0,32,3,90.6,29,99.0,8,5.9,1,50,11,3.7,16.7,1.72,2.9,0,86.7,100.0,2,2,7.1,1,6,0,63.5,91.2,0,15,0.0,0,64,13,96.9,62,130.1,15,11.1,2,86,53,4.1,6.6,1.39,3.8,9,89.5,60.0,3,5,2.9,2,23,0,85.8,93.8,1,27,0.0,0,77,68,98.7,76,107.1,76,56.3,4,518,270,4.0,7.6,6.82
Darnell Mooney,48236,WR,CHI,17,134,-2.7,3,100.0,,0,0,0.0,0,3,0,82.7,87.0,0,60,0.0,0,18,17,94.4,17,117.2,17,12.7,1,126,172,10.1,7.4,7.41,-3.2,2,100.0,,0,0,0.0,0,2,0,78.0,86.5,0,60,0.0,0,40,9,92.5,37,150.5,9,6.7,1,101,130,14.4,11.2,2.73,35.8,1,20.0,0.0,0,1,0.0,0,1,0,64.7,91.4,1,64,0.0,0,15,1,93.3,14,39.6,5,3.7,0,64,23,23.0,64.0,4.57,13.3,2,47.4,0.0,0,3,10.0,1,9,0,56.7,91.2,3,30,1.9,1,54,9,88.9,48,34.0,19,14.2,0,146,28,3.1,16.2,3.04,5.6,2,72.0,0.0,0,3,10.0,2,9,0,55.6,91.6,3,19,0.0,0,126,18,99.2,125,64.0,25,18.7,1,169,72,4.0,9.4,1.35,0,30.0,1,30.4,20.0,1,5,0.0,0,7,0,75.6,95.3,1,64,0.0,0,24,7,95.8,23,66.6,23,17.2,1,236,41,5.9,33.7,10.26,6,-2.3,0,100.0,,0,0,0.0,0,0,0,72.1,61.4,0,3,0.0,0,10,4,90.0,9,79.2,4,3.0,0,11,20,5.0,2.8,1.22,22.5,0,37.5,0.0,0,2,0.0,0,3,0,70.5,92.2,0,22,0.0,0,21,3,85.7,18,103.6,8,6.0,1,59,2,0.7,19.7,3.28,14.4,0,70.0,50.0,1,2,0.0,0,6,0,75.6,94.9,0,21,0.0,0,39,7,89.7,35,108.3,10,7.5,0,115,10,1.4,16.4,3.29,5.5,0,36.4,33.3,1,3,20.0,1,2,0,41.6,63.8,1,11,0.0,0,50,4,88.0,44,7.0,11,8.2,0,23,7,1.8,5.8,0.52,14.0,3,59.1,14.3,1,7,3.7,1,25,0,74.9,96.5,3,33,0.0,0,46,26,95.7,44,72.1,44,32.8,1,439,77,3.0,16.9,9.98,0,-2.0,1,100.0,,0,0,0.0,0,1,0,72.1,83.2,0,8,0.0,0,15,4,100.0,15,81.3,4,3.0,0,14,22,5.5,3.5,0.93,70.5,91.9,33.2,0,30.0,50.0,1,2,0.0,0,3,0,0,52,0.0,0,29,3,93.1,27,74.2,10,7.5,0,113,16,5.3,37.7,4.19,14.7,1,66.7,0.0,0,2,0.0,0,10,0,78.0,94.8,0,33,0.0,0,35,10,91.4,32,129.3,15,11.2,1,178,39,3.9,17.8,5.56,4.7,1,64.3,50.0,1,2,0.0,0,3,0,78.0,76.5,0,15,0.0,0,69,9,92.8,64,74.1,14,10.4,0,62,22,2.4,6.9,0.97,5.4,3,62.0,25.0,2,8,8.8,3,14,0,59.5,90.2,4,19,0.0,0,52,31,96.2,50,48.3,50,37.3,1,254,101,3.3,8.2,5.08
Mike Evans,8642,WR,TB,18,134,-1.5,0,83.3,,0,0,16.7,1,0,0,45.8,60.3,1,8,0.0,0,6,5,100.0,6,41.0,6,4.5,0,20,27,5.4,4.0,3.33,,0,,,0,0,,0,0,0,,,0,0,0.0,0,66,0,100.0,66,0.0,0,0.0,0,0,0,,,0.0,31.7,0,66.7,100.0,1,1,0.0,0,2,0,68.3,88.2,0,26,0.0,0,13,2,100.0,13,109.7,3,2.2,0,51,6,3.0,25.5,3.92,13.9,3,65.2,100.0,3,3,6.3,1,15,0,65.6,97.4,1,37,0.0,0,88,15,98.9,87,116.9,23,17.2,2,274,73,4.9,18.3,3.15,5.2,2,83.3,66.7,2,3,0.0,0,10,0,81.1,91.6,0,22,0.0,0,184,15,97.8,180,119.0,18,13.4,1,146,67,4.5,9.7,0.81,0,29.8,1,48.3,71.4,5,7,12.5,2,14,0,50.1,97.4,1,55,0.0,0,33,14,87.9,29,119.6,29,21.6,6,429,47,3.4,30.6,14.79,30,-1.6,0,80.0,,0,0,20.0,1,0,0,41.6,60.1,1,8,0.0,0,31,4,96.8,30,43.8,5,3.7,0,20,26,6.5,5.0,0.67,27.5,1,53.3,75.0,3,4,0.0,0,8,0,76.5,97.9,1,46,0.0,0,29,8,89.7,26,110.4,15,11.2,4,227,26,3.3,28.4,8.73,14.5,1,46.7,100.0,1,1,12.5,1,7,0,52.1,93.1,0,40,0.0,0,35,7,97.1,34,102.4,15,11.2,1,141,34,4.9,20.1,4.15,4.6,1,83.3,100.0,4,4,4.8,1,12,0,71.3,90.6,0,9,0.0,0,82,20,93.9,77,123.8,24,17.9,5,101,29,1.5,5.1,1.31,13.8,5,60.9,100.0,4,4,6.7,2,27,0,65.8,97.9,1,40,0.0,0,46,28,100.0,46,111.2,46,34.3,3,505,121,4.3,18.0,10.98,0,-1.0,0,100.0,,0,0,0.0,0,0,0,64.7,60.4,0,0,0.0,0,24,1,100.0,24,79.2,1,0.7,0,0,1,1.0,0.0,0.0,28.7,90.5,32.4,0,36.4,50.0,1,2,33.3,2,4,0,0,55,0.0,0,43,4,86.0,37,124.1,11,8.2,2,151,15,3.8,37.8,4.08,12.4,1,75.0,,0,0,0.0,0,5,0,74.6,91.2,0,18,0.0,0,41,6,92.7,38,111.5,8,6.0,0,90,14,2.3,15.0,2.37,5.3,1,81.8,0.0,0,2,0.0,0,3,0,77.3,90.3,0,16,0.0,0,39,9,97.4,38,123.5,11,8.2,1,70,27,3.0,7.8,1.84,5.0,4,83.0,66.7,6,9,2.2,1,25,0,84.3,93.4,0,22,0.0,0,55,44,96.4,53,131.2,53,39.6,7,317,123,2.8,7.2,5.98
Brandin Cooks,8655,WR,HST,16,130,-3.1,2,93.8,,0,0,0.0,0,3,0,81.1,84.7,0,43,0.0,0,16,15,100.0,16,114.8,16,12.3,1,105,150,10.0,7.0,6.56,-3.3,2,92.3,,0,0,0.0,0,2,0,79.4,78.4,0,19,0.0,0,53,12,100.0,53,83.3,13,10.0,0,52,90,7.5,4.3,0.98,40.5,0,33.3,100.0,2,2,0.0,0,2,0,70.5,97.8,0,52,0.0,0,10,2,90.0,9,121.5,6,4.6,1,92,1,0.5,46.0,10.22,13.9,1,81.8,100.0,1,1,0.0,0,7,0,77.3,94.4,1,25,0.0,0,27,9,92.6,25,120.5,11,8.5,2,141,26,2.9,15.7,5.64,4.7,1,81.5,50.0,2,4,0.0,0,11,0,84.5,90.1,0,14,0.0,0,106,22,97.2,103,106.8,27,20.8,1,180,81,3.7,8.2,1.75,0,33.1,0,29.2,42.9,3,7,0.0,0,7,0,76.5,97.1,1,52,0.0,0,29,7,82.8,24,81.8,24,18.5,2,255,26,3.7,36.4,10.63,13,-3.0,0,100.0,,0,0,0.0,0,1,0,64.7,90.7,0,43,0.0,0,9,1,100.0,9,158.3,1,0.8,1,43,46,46.0,43.0,4.78,30.9,0,36.4,50.0,1,2,0.0,0,4,0,72.1,93.9,1,45,0.0,0,22,4,81.8,18,75.2,11,8.5,1,133,21,5.3,33.3,7.39,12.5,0,83.3,50.0,1,2,16.7,1,4,0,49.2,75.7,0,18,0.0,0,29,5,89.7,26,109.0,6,4.6,0,61,1,0.2,12.2,2.35,4.8,1,75.0,100.0,2,2,18.2,2,4,0,38.4,71.5,0,14,0.0,0,54,9,96.3,52,85.1,12,9.2,0,59,14,1.6,6.6,1.13,13.8,1,71.4,60.0,3,5,9.1,2,16,0,59.2,93.8,2,25,0.0,0,33,20,84.8,28,100.4,28,21.5,2,301,41,2.1,15.1,10.75,0,-2.0,0,100.0,,0,0,0.0,0,0,0,68.3,61.5,0,7,0.0,0,16,2,87.5,14,87.5,2,1.5,0,10,14,7.0,5.0,0.71,64.7,76.4,30.1,0,14.3,0.0,0,3,0.0,0,1,0,0,30,0.0,0,21,1,90.5,19,44.9,7,5.4,0,30,4,4.0,30.0,1.58,14.4,0,54.5,50.0,1,2,14.3,1,5,0,49.2,90.2,1,22,0.0,0,28,6,85.7,24,47.2,11,8.5,0,99,14,2.3,16.5,4.13,5.6,1,73.9,66.7,2,3,0.0,0,4,0,82.2,90.6,0,13,0.0,0,78,17,97.4,76,88.5,23,17.7,0,137,37,2.2,8.1,1.8,5.0,3,77.4,66.7,6,9,4.0,2,19,0,77.8,91.4,0,14,0.0,0,63,48,98.4,62,97.2,62,47.7,1,376,132,2.8,7.8,6.06
Jakobi Meyers,47468,WR,NE,18,130,-3.3,0,100.0,,0,0,0.0,0,0,1,70.5,61.9,0,3,0.0,0,3,3,100.0,3,79.2,3,2.3,0,0,10,3.3,0.0,0.0,-4.0,0,100.0,,0,0,0.0,0,0,1,64.7,60.8,0,-2,2.0,1,49,1,89.8,44,79.2,1,0.8,0,-2,2,2.0,-2.0,-0.05,28.0,0,40.0,0.0,0,1,0.0,0,2,0,68.3,83.2,1,27,0.0,0,19,2,89.5,17,36.7,5,3.8,0,49,7,3.5,24.5,2.88,12.4,0,58.8,50.0,3,6,9.1,1,8,0,58.9,93.2,0,24,0.0,0,56,10,96.4,54,89.6,17,13.1,0,157,40,4.0,15.7,2.91,5.1,1,86.5,90.9,10,11,3.0,1,10,0,78.4,90.3,1,15,0.8,1,131,32,96.2,126,80.7,37,28.5,0,225,64,2.0,7.0,1.79,0,27.5,0,43.8,57.1,4,7,12.5,1,7,0,31.8,92.6,1,39,0.0,0,18,7,88.9,16,64.6,16,12.3,0,204,19,2.7,29.1,12.75,19,-5.0,0,100.0,,0,0,0.0,0,0,0,64.7,61.0,0,-1,0.0,0,16,1,93.8,15,79.2,1,0.8,0,-1,4,4.0,-1.0,-0.07,27.5,0,40.0,60.0,3,5,20.0,1,4,0,28.6,89.3,0,39,0.0,0,26,4,88.5,23,87.5,10,7.7,0,127,9,2.3,31.8,5.52,14.2,0,33.3,100.0,1,1,0.0,0,4,0,72.1,86.6,0,22,0.0,0,42,4,92.9,39,78.8,12,9.2,1,61,16,4.0,15.3,1.56,4.8,2,88.2,100.0,2,2,0.0,0,7,0,81.7,90.0,0,20,1.6,1,64,15,95.3,61,92.6,17,13.1,0,106,38,2.5,7.1,1.74,13.4,0,47.1,57.1,4,7,5.9,1,14,0,68.0,95.0,0,24,0.0,0,36,16,94.4,34,82.7,34,26.2,1,258,61,3.8,16.1,7.59,0,-1.0,0,100.0,,0,0,0.0,0,0,0,64.7,61.0,0,3,0.0,0,18,1,94.4,17,79.2,1,0.8,0,3,4,4.0,3.0,0.18,64.7,90.6,25.0,0,100.0,100.0,1,1,0.0,0,1,0,0,28,5.0,1,20,1,90.0,18,118.8,1,0.8,0,28,3,3.0,28.0,1.56,14.8,0,40.0,,0,0,0.0,0,2,0,70.5,93.5,0,21,7.4,2,27,2,74.1,20,68.8,5,3.8,0,40,5,2.5,20.0,2.0,5.0,1,69.6,0.0,0,2,5.9,1,7,0,68.0,93.4,1,13,1.5,1,68,16,94.1,64,76.9,23,17.7,1,113,41,2.6,7.1,1.77,5.0,4,81.8,80.0,12,15,3.1,2,24,0,84.7,93.7,2,20,0.0,0,81,63,95.1,77,84.2,77,59.2,1,444,143,2.3,7.0,5.77
Terry McLaurin,48229,WR,WAS,17,126,-1.9,0,90.9,,0,0,0.0,0,5,0,78.0,90.0,0,20,0.0,0,11,10,100.0,11,100.0,11,8.7,0,88,107,10.7,8.8,8.0,-1.6,0,80.0,,0,0,0.0,0,3,0,72.1,89.4,0,12,0.0,0,41,4,95.1,39,97.5,5,4.0,0,37,43,10.8,9.3,0.95,27.7,1,50.0,57.1,4,7,0.0,0,5,0,73.4,94.7,1,40,0.0,0,23,5,87.0,20,94.6,10,7.9,2,122,2,0.4,24.4,6.1,15.9,2,50.0,66.7,4,6,12.5,1,7,0,52.1,92.7,0,37,0.0,0,42,7,90.5,38,118.8,14,11.1,2,119,28,4.0,17.0,3.13,5.0,4,82.9,66.7,6,9,0.0,0,11,0,87.6,94.0,1,28,0.0,0,140,29,94.3,132,85.2,35,27.8,0,256,112,3.9,8.8,1.94,0,30.8,1,33.3,41.2,7,17,0.0,0,11,0,78.7,96.9,2,46,0.0,0,34,11,97.1,33,78.3,33,26.2,3,344,28,2.5,31.3,10.42,32,,0,,,0,0,,0,0,0,,,0,0,0.0,0,15,0,93.3,14,0.0,0,0.0,0,0,0,,,0.0,32.1,0,35.7,50.0,3,6,0.0,0,5,0,73.4,96.2,0,46,0.0,0,24,5,87.5,21,107.7,14,11.1,1,192,18,3.6,38.4,9.14,12.5,0,45.5,16.7,1,6,0.0,0,5,0,73.4,91.6,0,30,0.0,0,20,5,95.0,19,71.8,11,8.7,0,84,19,3.8,16.8,4.42,6.8,0,75.0,,0,0,0.0,0,0,0,70.5,73.4,1,17,0.0,0,39,3,97.4,38,58.3,4,3.2,0,32,11,3.7,10.7,0.84,14.2,2,51.4,50.0,9,18,5.0,1,19,0,69.6,96.1,0,37,0.0,0,41,19,90.2,37,97.0,37,29.4,2,303,47,2.5,15.9,8.19,0,-2.2,0,100.0,,0,0,0.0,0,2,0,74.6,79.0,0,20,0.0,0,32,6,100.0,32,102.1,6,4.8,0,51,64,10.7,8.5,1.59,64.7,74.1,32.1,0,11.1,0.0,0,4,0.0,0,1,0,1,30,0.0,0,27,1,92.6,25,1.4,9,7.1,0,30,8,8.0,30.0,1.2,13.7,0,58.3,66.7,4,6,0.0,0,7,0,75.6,94.5,0,19,0.0,0,44,7,90.9,40,85.4,12,9.5,0,100,0,0.0,14.3,2.5,4.3,0,83.3,100.0,3,3,16.7,1,1,0,45.8,69.5,0,11,0.0,0,58,5,91.4,53,87.5,6,4.8,0,30,8,1.6,6.0,0.57,5.1,4,82.2,75.0,9,12,2.6,1,12,0,81.3,93.4,2,28,0.0,0,46,37,97.8,45,77.6,45,35.7,0,318,131,3.5,8.6,7.07
Michael Pittman Jr.,29049,WR,IND,17,124,-3.4,1,100.0,,0,0,0.0,0,2,0,77.3,75.9,0,12,0.0,0,9,9,100.0,9,85.6,9,7.3,0,41,72,8.0,4.6,4.56,-3.5,1,100.0,,0,0,0.0,0,2,0,76.5,76.9,0,12,0.0,0,57,8,94.7,54,85.4,8,6.5,0,36,64,8.0,4.5,0.67,25.7,0,66.7,100.0,1,1,0.0,0,2,0,68.3,92.7,0,38,0.0,0,12,2,91.7,11,109.7,3,2.4,0,61,5,2.5,30.5,5.55,14.4,0,73.3,66.7,2,3,8.3,1,11,0,62.1,95.8,0,21,0.0,0,46,11,93.5,43,148.3,15,12.1,2,164,23,2.1,14.9,3.81,4.6,4,74.4,87.5,7,8,9.4,3,17,1,58.0,92.1,0,21,0.0,0,131,29,96.2,126,93.8,39,31.5,0,278,146,5.0,9.6,2.21,0,28.6,0,42.1,44.4,4,9,0.0,0,8,0,76.5,97.3,3,57,0.0,0,21,8,90.5,19,84.8,19,15.3,2,280,28,3.5,35.0,14.74,14,-3.0,0,100.0,,0,0,0.0,0,0,0,64.7,60.8,0,5,0.0,0,9,1,100.0,9,87.5,1,0.8,0,5,8,8.0,5.0,0.56,30.6,0,37.5,40.0,2,5,0.0,0,3,0,70.5,94.5,3,57,0.0,0,27,3,92.6,25,85.4,8,6.5,1,122,16,5.3,40.7,4.88,14.4,0,71.4,100.0,1,1,16.7,1,5,0,45.8,78.1,0,20,0.0,0,29,5,96.6,28,102.7,7,5.6,0,69,4,0.8,13.8,2.46,4.4,0,77.8,,0,0,0.0,0,3,0,77.3,92.9,0,14,0.0,0,56,7,89.3,50,133.8,9,7.3,1,65,31,4.4,9.3,1.3,14.5,0,68.8,62.5,5,8,8.3,2,21,0,61.5,95.4,0,21,0.0,0,35,22,91.4,32,132.2,32,25.8,3,319,27,1.2,14.5,9.97,0,,0,,,0,0,,0,0,0,,,0,0,0.0,0,10,0,100.0,10,0.0,0,0.0,0,0,0,,,0.0,70.5,93.4,27.6,0,37.5,33.3,1,3,0.0,0,3,0,0,42,3.6,1,28,3,78.6,22,123.4,8,6.5,1,97,7,2.3,32.3,4.41,14.6,0,60.0,50.0,2,4,0.0,0,5,0,74.6,91.2,0,18,0.0,0,30,6,93.3,28,121.3,10,8.1,1,86,0,0.0,14.3,3.07,4.9,4,81.3,66.7,2,3,0.0,0,3,0,80.0,90.2,0,15,0.0,0,57,13,96.5,55,92.4,16,12.9,0,99,39,3.0,7.6,1.8,4.7,8,76.6,81.8,9,11,5.8,3,23,1,72.5,94.2,0,21,0.0,0,67,49,95.5,64,99.9,64,51.6,1,442,216,4.4,9.0,6.91
D.K. Metcalf,47864,WR,SEA,17,124,-2.4,3,90.9,,0,0,0.0,0,1,0,78.0,79.4,0,9,0.0,0,11,10,100.0,11,84.1,11,8.9,0,46,69,6.9,4.6,4.18,-2.7,0,66.7,,0,0,0.0,0,0,0,68.3,60.2,0,7,0.0,0,27,2,96.3,26,70.1,3,2.4,0,6,11,5.5,3.0,0.23,32.7,0,33.3,0.0,0,2,0.0,0,1,0,64.7,87.1,0,31,0.0,0,18,1,83.3,15,72.9,3,2.4,0,31,6,6.0,31.0,2.07,12.9,0,75.0,100.0,2,2,0.0,0,12,0,79.4,98.0,0,28,0.0,0,29,12,79.3,23,151.0,16,12.9,4,180,33,2.8,15.0,7.83,6.1,5,85.7,50.0,1,2,5.3,1,12,0,69.9,95.2,0,22,0.0,0,85,18,97.6,83,122.8,21,16.9,1,203,92,5.1,11.3,2.45,0,31.0,1,27.6,14.3,2,14,0.0,0,8,0,77.3,95.7,1,84,0.0,0,32,8,90.6,29,88.6,29,23.4,3,288,83,10.4,36.0,9.93,29,-1.3,2,100.0,,0,0,0.0,0,1,0,70.5,85.4,0,9,5.9,1,17,3,94.1,16,91.7,3,2.4,0,18,22,7.3,6.0,1.13,30.6,0,23.5,12.5,1,8,0.0,0,4,0,72.1,90.5,1,30,0.0,0,43,4,97.7,42,46.4,17,13.7,1,99,10,2.5,24.8,2.36,15.8,0,50.0,50.0,2,4,0.0,0,4,0,73.4,90.5,1,28,0.0,0,21,5,90.5,19,70.4,10,8.1,1,79,8,1.6,15.8,4.16,5.7,0,57.9,0.0,0,1,8.3,1,6,1,60.2,79.4,0,14,0.0,0,53,11,100.0,53,86.5,19,15.3,1,85,20,1.8,7.7,1.6,14.2,0,59.4,71.4,5,7,0.0,0,18,0,83.2,97.5,1,28,0.0,0,35,19,91.4,32,115.4,32,25.8,6,286,41,2.2,15.1,8.94,0,-2.8,1,100.0,,0,0,0.0,0,0,0,73.4,71.7,0,9,0.0,0,22,5,100.0,22,85.0,5,4.0,0,22,36,7.2,4.4,1.0,72.1,95.9,31.2,1,33.3,25.0,1,4,0.0,0,3,0,0,84,0.0,0,29,3,82.8,24,121.5,9,7.3,2,158,67,22.3,52.7,6.58,14.7,0,33.3,100.0,1,1,0.0,0,2,0,68.3,89.0,0,16,0.0,0,25,2,92.0,23,88.2,6,4.8,1,27,0,0.0,13.5,1.17,5.0,0,75.0,50.0,1,2,18.2,2,3,0,38.4,65.7,0,11,0.0,0,51,9,100.0,51,112.8,12,9.7,1,59,16,1.8,6.6,1.16,5.7,5,73.1,40.0,2,5,9.5,4,21,1,56.9,92.6,0,22,0.0,0,53,38,98.1,52,110.0,52,41.9,3,347,128,3.4,9.1,6.67
Chris Godwin,11839,WR,TB,14,124,-2.5,7,96.9,,0,0,3.1,1,9,1,77.8,87.7,0,18,0.0,0,32,31,100.0,32,104.4,32,25.8,1,210,287,9.3,6.8,6.56,-2.8,5,100.0,,0,0,0.0,0,6,1,84.1,84.9,0,18,0.0,0,60,21,100.0,60,96.2,21,16.9,0,149,207,9.9,7.1,2.48,29.6,0,60.0,100.0,1,1,25.0,1,3,0,36.2,92.0,0,36,0.0,0,10,3,100.0,10,104.2,5,4.0,0,91,28,9.3,30.3,9.1,13.9,0,52.2,60.0,3,5,14.3,2,10,0,46.3,93.0,2,26,0.0,0,73,12,98.6,72,70.7,23,18.5,2,179,27,2.3,14.9,2.49,4.8,6,86.8,50.0,1,2,2.9,1,17,0,80.4,94.9,0,44,0.7,1,145,33,96.6,140,112.4,38,30.6,1,337,184,5.6,10.2,2.41,0,28.3,0,60.0,100.0,3,3,14.3,1,6,0,49.2,95.0,0,36,0.0,0,12,6,83.3,10,104.2,10,8.1,0,170,36,6.0,28.3,17.0,30,-2.0,2,87.5,,0,0,12.5,1,2,0,52.1,75.4,0,14,0.0,0,26,7,96.2,25,90.1,8,6.5,0,45,59,8.4,6.4,1.8,29.3,0,66.7,100.0,2,2,0.0,0,2,0,68.3,93.7,0,26,0.0,0,17,2,88.2,15,109.7,3,2.4,0,51,3,1.5,25.5,3.4,16.0,0,66.7,0.0,0,1,0.0,0,4,0,72.1,93.9,0,24,0.0,0,26,4,100.0,26,106.3,6,4.8,0,70,9,2.3,17.5,2.69,5.0,0,100.0,,0,0,0.0,0,0,0,64.7,59.4,0,6,0.0,0,54,1,92.6,50,91.7,1,0.8,0,6,1,1.0,6.0,0.12,14.6,0,55.6,50.0,3,6,9.1,2,18,0,58.6,96.5,2,26,0.0,0,36,20,100.0,36,89.6,36,29.0,3,316,46,2.3,15.8,8.78,0,-1.7,0,100.0,,0,0,0.0,0,1,0,70.5,77.0,0,13,0.0,0,20,3,100.0,20,128.5,3,2.4,1,16,21,7.0,5.3,0.8,64.7,73.8,23.5,0,50.0,,0,0,0.0,0,1,0,0,28,0.0,0,37,1,83.8,31,95.8,2,1.6,0,28,5,5.0,28.0,0.9,15.9,0,57.1,,0,0,0.0,0,4,0,72.1,94.6,0,23,0.0,0,31,4,93.5,29,129.2,7,5.6,1,67,10,2.5,16.8,2.31,4.3,2,100.0,,0,0,0.0,0,5,1,75.6,90.5,0,19,0.0,0,33,7,97.0,32,104.8,7,5.6,0,64,34,4.9,9.1,2.0,4.7,8,89.1,50.0,1,2,2.4,1,22,1,83.9,95.1,0,44,0.0,0,50,41,92.0,46,110.8,46,37.1,1,407,219,5.3,9.9,8.85
Mike Williams,11762,WR,LAC,16,122,-2.3,1,90.0,,0,0,10.0,1,2,0,56.7,67.3,0,11,0.0,0,10,9,100.0,10,85.4,10,8.2,0,45,66,7.3,5.0,4.5,-3.2,1,80.0,,0,0,20.0,1,0,0,41.6,50.7,0,5,0.0,0,31,4,96.8,30,79.2,5,4.1,0,8,22,5.5,2.0,0.27,35.8,1,80.0,100.0,1,1,0.0,0,4,0,73.4,99.2,0,72,0.0,0,11,4,90.9,10,158.3,5,4.1,1,190,58,14.5,47.5,19.0,14.7,1,55.6,0.0,0,4,0.0,0,5,0,74.6,94.6,0,47,0.0,0,41,5,92.7,38,137.5,9,7.4,1,122,45,9.0,24.4,3.21,4.4,2,72.4,60.0,6,10,16.0,4,13,0,37.1,90.7,0,25,0.0,0,145,21,97.9,142,94.8,29,23.8,0,225,134,6.4,10.7,1.58,0,30.8,1,42.3,50.0,5,10,8.3,1,11,0,63.5,99.1,1,72,0.0,0,31,11,83.9,26,113.0,26,21.3,4,432,70,6.4,39.3,16.62,27,,0,,,0,0,,0,0,0,,,0,0,0.0,0,20,0,100.0,20,0.0,0,0.0,0,0,0,,,0.0,31.6,0,36.4,50.0,2,4,20.0,1,4,0,46.3,94.7,1,45,0.0,0,22,4,77.3,17,86.2,11,9.0,2,148,9,2.3,37.0,8.71,13.5,1,63.6,80.0,4,5,0.0,0,7,0,75.6,94.3,0,53,0.0,0,33,7,97.0,32,137.5,11,9.0,1,140,43,6.1,20.0,4.38,5.6,1,68.8,80.0,4,5,8.3,1,7,0,62.1,92.0,0,12,0.0,0,56,11,91.1,51,119.3,16,13.1,3,78,30,2.7,7.1,1.53,13.7,2,50.0,30.8,4,13,0.0,0,14,0,81.7,96.0,0,53,0.0,0,33,15,90.9,30,108.3,30,24.6,2,305,95,6.3,20.3,10.17,0,-1.4,0,100.0,,0,0,0.0,0,2,0,73.4,80.5,0,11,0.0,0,17,5,100.0,17,97.5,5,4.1,0,37,44,8.8,7.4,2.18,70.5,92.7,27.3,0,30.0,40.0,2,5,0.0,0,3,0,0,47,0.0,0,24,3,91.7,22,99.6,10,8.2,1,94,3,1.0,31.3,4.27,13.1,0,30.0,0.0,0,4,0.0,0,2,0,70.5,81.6,0,18,0.0,0,48,3,85.4,41,45.0,10,8.2,0,43,7,2.3,14.3,1.05,5.0,0,81.8,66.7,2,3,0.0,0,4,0,77.3,82.2,0,13,0.0,0,79,9,94.9,75,89.8,11,9.0,0,61,20,2.2,6.8,0.81,4.8,3,73.2,66.7,12,18,10.9,5,24,0,51.7,93.0,0,25,0.0,0,58,41,96.6,56,108.0,56,45.9,3,364,184,4.5,8.9,6.5
Deebo Samuel,48274,WR,SF,18,121,-3.8,11,81.5,,0,0,12.0,3,10,1,49.1,94.2,0,83,0.0,0,27,22,100.0,27,123.1,27,22.3,1,286,363,16.5,13.0,10.59,-4.0,5,80.0,,0,0,20.0,3,6,1,31.0,91.6,0,83,2.6,1,39,12,94.9,37,118.8,15,12.4,0,198,243,20.3,16.5,5.35,47.0,0,100.0,100.0,1,1,0.0,0,1,0,64.7,90.7,0,50,0.0,0,15,1,86.7,13,118.8,1,0.8,0,50,3,3.0,50.0,3.85,13.7,7,66.7,25.0,1,4,10.0,2,16,0,58.3,97.9,2,56,0.0,0,78,18,93.6,73,103.5,27,22.3,2,415,164,9.1,23.1,5.68,6.0,4,65.1,60.0,6,10,20.0,7,16,3,28.9,79.6,1,23,1.4,2,147,28,97.3,143,75.9,43,35.5,0,302,140,5.0,10.8,2.11,0,26.4,1,57.1,50.0,3,6,0.0,0,8,0,76.5,99.9,0,79,0.0,0,14,8,100.0,14,141.4,14,11.6,3,374,155,19.4,46.8,26.71,28,-3.7,6,90.0,,0,0,0.0,0,4,0,77.3,94.4,0,32,6.3,1,16,9,93.8,15,137.9,10,8.3,1,91,121,13.4,10.1,6.07,24.8,1,50.0,0.0,0,2,0.0,0,2,0,68.3,91.3,0,45,0.0,0,10,2,100.0,10,135.4,4,3.3,1,71,18,9.0,35.5,7.1,14.3,1,66.7,50.0,1,2,0.0,0,2,0,68.3,92.0,0,28,0.0,0,22,2,90.9,20,109.7,3,2.5,0,54,22,11.0,27.0,2.7,5.0,0,50.0,0.0,0,1,0.0,0,1,0,64.7,75.3,1,7,0.0,0,35,1,94.3,33,18.8,2,1.7,0,7,3,3.0,7.0,0.21,13.6,8,68.8,42.9,3,7,8.3,2,20,0,62.5,99.0,2,56,0.0,0,35,22,91.4,32,106.3,32,26.4,2,492,187,8.5,22.4,15.38,0,-3.0,0,50.0,,0,0,0.0,0,0,0,64.7,59.6,0,5,0.0,0,8,1,87.5,7,56.3,2,1.7,0,5,7,7.0,5.0,0.71,73.4,99.7,24.8,0,55.6,66.7,2,3,0.0,0,5,0,0,79,0.0,0,21,5,90.5,19,140.0,9,7.4,2,253,134,26.8,50.6,13.32,11.0,0,100.0,100.0,1,1,0.0,0,2,0,68.3,93.4,0,12,5.6,1,18,2,83.3,15,114.6,2,1.7,0,23,1,0.5,11.5,1.53,5.3,0,66.7,,0,0,0.0,0,1,0,36.2,70.0,0,10,0.0,0,42,2,92.9,39,82.6,3,2.5,0,18,6,3.0,9.0,0.46,5.9,4,64.6,54.5,6,11,18.4,7,18,3,28.7,81.8,2,23,0.0,0,50,31,96.0,48,66.9,48,39.7,0,327,149,4.8,10.5,6.81
Tee Higgins,61211,WR,CIN,16,121,-2.0,2,100.0,,0,0,0.0,0,2,0,68.3,92.8,0,17,0.0,0,2,2,100.0,2,118.8,2,1.7,0,27,31,15.5,13.5,13.5,-2.0,2,100.0,,0,0,0.0,0,1,0,64.7,90.8,0,17,0.0,0,22,1,100.0,22,118.8,1,0.8,0,17,19,19.0,17.0,0.77,28.8,0,25.0,33.3,1,3,0.0,0,1,0,64.7,84.5,0,29,0.0,0,9,1,100.0,9,96.9,4,3.3,1,29,0,0.0,29.0,3.22,13.1,0,93.8,66.7,2,3,0.0,0,14,1,81.7,97.0,0,26,0.0,0,42,15,95.2,40,139.6,16,13.2,1,274,78,5.2,18.3,6.85,4.9,3,70.4,16.7,1,6,9.5,2,10,0,57.1,89.9,0,18,0.0,0,146,19,96.6,141,112.9,27,22.3,2,178,89,4.7,9.4,1.26,0,31.6,0,36.8,45.5,5,11,0.0,0,7,0,75.6,96.0,1,54,0.0,0,22,7,86.4,19,98.0,19,15.7,2,259,29,4.1,37.0,13.63,7,-2.0,0,100.0,,0,0,0.0,0,1,0,64.7,78.1,0,10,4.5,1,22,1,90.9,20,108.3,1,0.8,0,10,12,12.0,10.0,0.5,33.6,0,28.6,20.0,1,5,0.0,0,2,0,68.3,90.8,0,54,0.0,0,15,2,86.7,13,79.2,7,5.8,0,106,19,9.5,53.0,8.15,14.6,1,71.4,33.3,1,3,0.0,0,4,0,74.6,93.2,1,20,0.0,0,22,5,81.8,18,68.5,7,5.8,0,78,5,1.0,15.6,4.33,5.6,1,78.6,75.0,3,4,0.0,0,6,0,78.7,91.4,0,12,0.0,0,56,11,96.4,54,116.7,14,11.6,1,88,32,2.9,8.0,1.63,13.0,3,76.2,45.5,5,11,8.6,3,29,1,61.3,97.9,1,28,0.0,0,45,32,93.3,42,115.7,42,34.7,1,548,127,4.0,17.1,13.05,0,,0,,,0,0,,0,0,0,,,0,0,0.0,0,11,0,100.0,11,0.0,0,0.0,0,0,0,,,0.0,72.1,95.2,31.4,0,50.0,100.0,3,3,0.0,0,4,0,1,39,0.0,0,36,4,88.9,32,95.8,8,6.6,1,124,10,2.5,31.0,3.88,12.2,2,63.2,40.0,2,5,20.0,3,11,0,31.3,93.7,0,28,0.0,0,34,12,97.1,33,97.7,19,15.7,0,196,44,3.7,16.3,5.94,6.1,2,64.7,33.3,2,6,21.4,3,4,0,29.9,79.1,0,15,0.0,0,58,11,100.0,58,79.8,17,14.0,0,97,32,2.9,8.8,1.67,5.4,6,70.7,37.5,6,16,10.9,5,20,0,50.9,91.9,0,18,0.0,0,60,41,96.7,58,104.3,58,47.9,3,363,153,3.7,8.9,6.26
CeeDee Lamb,61570,WR,DAL,17,120,-2.8,5,73.7,,0,0,17.6,3,4,0,35.8,71.7,0,37,0.0,0,19,14,100.0,19,85.6,19,15.8,0,101,139,9.9,7.2,5.32,-2.3,3,83.3,,0,0,16.7,1,1,0,45.8,69.6,0,12,0.0,0,27,5,88.9,24,86.1,6,5.0,0,28,40,8.0,5.6,1.17,25.4,1,50.0,71.4,5,7,14.3,1,5,0,29.7,95.2,2,44,0.0,0,25,6,92.0,23,56.3,12,10.0,0,172,21,3.5,28.7,7.48,14.4,2,54.5,100.0,4,4,0.0,0,6,0,76.5,97.3,3,22,0.0,0,54,6,85.2,46,49.2,11,9.2,0,109,29,4.8,18.2,2.37,5.0,5,77.3,66.7,2,3,10.5,2,12,0,54.3,91.6,0,31,0.0,0,134,17,94.8,127,98.9,22,18.3,0,171,83,4.9,10.1,1.35,0,27.3,1,44.0,55.6,5,9,8.3,1,10,0,43.5,97.5,3,49,0.0,0,26,11,96.2,25,77.9,25,20.8,2,349,61,5.5,31.7,13.96,9,-3.0,2,75.0,,0,0,14.3,1,1,0,49.2,66.4,0,37,0.0,0,28,6,96.4,27,95.3,8,6.7,0,59,75,12.5,9.8,2.19,32.8,0,0.0,,0,0,,0,0,0,,55.5,0,0,0.0,0,21,0,85.7,18,39.6,4,3.3,0,0,0,,,0.0,14.8,0,61.5,100.0,1,1,11.1,1,8,0,58.5,96.7,0,22,0.0,0,38,8,86.8,33,134.6,13,10.8,3,130,19,2.4,16.3,3.94,5.0,4,78.6,66.7,2,3,8.3,1,5,0,60.2,89.6,0,34,0.0,0,70,11,92.9,65,96.4,14,11.7,0,100,51,4.6,9.1,1.54,14.1,3,62.5,100.0,5,5,4.8,1,19,0,73.5,99.8,3,22,0.0,0,39,20,82.1,32,95.1,32,26.7,4,310,53,2.7,15.5,9.69,0,-3.2,0,60.0,,0,0,25.0,1,2,0,36.2,68.7,0,11,0.0,0,20,3,90.0,18,64.6,5,4.2,0,14,24,8.0,4.7,0.78,73.4,97.2,27.3,0,55.6,0.0,0,2,0.0,0,5,0,1,49,3.1,1,32,5,90.6,29,100.5,9,7.5,2,177,40,8.0,35.4,6.1,12.5,1,75.0,,0,0,0.0,0,6,0,74.6,94.9,0,21,0.0,0,36,6,94.4,34,146.9,8,6.7,1,82,16,2.7,13.7,2.41,5.4,1,87.5,,0,0,0.0,0,5,0,75.6,94.5,0,21,1.7,1,58,7,93.1,54,108.9,8,6.7,0,81,44,6.3,11.6,1.5,5.1,10,79.5,66.7,4,6,7.9,3,22,0,61.9,94.4,0,34,0.0,0,47,35,93.6,44,100.0,44,36.7,0,352,178,5.1,10.1,8.0
Cole Beasley,7330,WR,BUF,18,115,-2.6,0,93.3,,0,0,0.0,0,1,0,81.1,67.2,0,9,0.0,0,16,14,93.8,15,81.7,15,13.0,0,54,91,6.5,3.9,3.6,-3.2,0,100.0,,0,0,0.0,0,1,0,74.6,71.1,0,9,0.0,0,22,6,100.0,22,86.1,6,5.2,0,28,47,7.8,4.7,1.27,20.0,0,100.0,,0,0,0.0,0,1,0,64.7,79.1,0,20,0.0,0,20,1,100.0,20,118.8,1,0.9,0,20,0,0.0,20.0,1.0,14.2,0,76.9,0.0,0,1,9.1,1,10,0,58.5,96.3,0,24,0.0,0,55,10,94.5,52,118.3,13,11.3,0,189,54,5.4,18.9,3.63,5.1,2,68.9,50.0,2,4,8.8,3,13,0,59.2,90.1,1,15,0.0,0,113,31,95.6,108,73.6,45,39.1,0,252,104,3.4,8.1,2.33,0,26.5,0,100.0,,0,0,0.0,0,2,0,68.3,89.9,0,29,0.0,0,3,2,66.7,2,158.3,2,1.7,1,49,0,0.0,24.5,24.5,4,-2.3,0,75.0,,0,0,0.0,0,0,0,72.1,60.9,0,7,0.0,0,23,3,95.7,22,77.1,4,3.5,0,9,16,5.3,3.0,0.41,,0,,,0,0,,0,0,0,,,0,0,0.0,0,18,0,100.0,18,0.0,0,0.0,0,0,0,,,0.0,15.3,0,33.3,,0,0,50.0,1,1,0,28.8,59.3,0,14,0.0,0,39,1,92.3,36,49.3,3,2.6,0,14,4,4.0,14.0,0.39,3.6,1,100.0,,0,0,0.0,0,4,1,81.7,90.1,0,12,0.0,0,53,16,96.2,51,95.8,16,13.9,0,112,54,3.4,7.0,2.2,14.4,0,57.9,0.0,0,2,15.4,2,11,0,45.7,95.0,2,24,0.0,0,20,11,95.0,19,55.3,19,16.5,0,203,58,5.3,18.5,10.68,0,-2.2,0,100.0,,0,0,0.0,0,0,0,73.4,61.8,0,7,0.0,0,11,5,100.0,11,80.8,5,4.3,0,17,28,5.6,3.4,1.55,64.7,77.9,33.0,0,100.0,,0,0,0.0,0,1,0,0,29,0.0,0,16,1,81.3,13,158.3,1,0.9,1,29,0,0.0,29.0,2.23,14.3,0,0.0,0.0,0,1,,0,0,0,64.7,73.8,2,0,0.0,0,29,0,82.8,24,0.0,3,2.6,0,0,0,,,0.0,4.0,0,83.3,0.0,0,1,0.0,0,6,0,81.7,90.1,0,13,0.0,0,63,15,93.7,59,90.3,18,15.7,0,102,44,2.9,6.8,1.73,4.6,3,78.5,40.0,2,5,4.6,3,23,1,77.8,92.4,1,15,0.0,0,81,62,97.5,79,86.0,79,68.7,0,466,202,3.3,7.5,5.9
Amon-Ra St. Brown,84470,WR,DET,17,115,-2.9,3,100.0,,0,0,0.0,0,3,0,83.2,88.1,0,19,0.0,0,19,15,78.9,15,88.3,15,13.0,0,78,122,8.1,5.2,5.2,-3.1,3,100.0,,0,0,0.0,0,3,0,81.1,90.7,0,19,3.9,2,51,11,86.3,44,88.6,11,9.6,0,58,92,8.4,5.3,1.32,23.0,0,0.0,0.0,0,1,,0,0,0,,60.0,1,0,0.0,0,12,0,100.0,12,0.0,1,0.9,0,0,0,,,0.0,12.9,1,72.7,0.0,0,1,0.0,0,8,0,77.3,97.7,0,31,0.0,0,41,8,90.2,37,145.1,11,9.6,1,172,67,8.4,21.5,4.65,4.9,3,86.5,70.0,7,10,0.0,0,13,0,88.3,93.2,0,18,0.0,0,151,32,98.7,149,104.2,37,32.2,1,253,98,3.1,7.9,1.7,0,21.6,0,33.3,0.0,0,3,0.0,0,3,0,70.5,90.9,2,37,0.0,0,10,3,90.0,9,64.8,9,7.8,1,81,16,5.3,27.0,9.0,11,-3.5,0,100.0,,0,0,0.0,0,0,0,68.3,61.5,0,6,0.0,0,9,2,100.0,9,83.3,2,1.7,0,8,15,7.5,4.0,0.89,20.8,0,40.0,,0,0,0.0,0,2,0,68.3,90.5,1,37,0.0,0,19,2,84.2,16,82.9,5,4.3,1,57,15,7.5,28.5,3.56,14.4,1,37.5,0.0,0,1,25.0,1,3,0,42.1,90.2,0,34,0.0,0,28,3,89.3,25,69.8,8,7.0,0,70,30,10.0,23.3,2.8,4.8,0,86.7,100.0,1,1,0.0,0,9,0,80.0,93.2,0,19,0.0,0,51,13,96.1,49,116.9,15,13.0,1,101,39,3.0,7.8,2.06,13.7,2,60.9,0.0,0,3,12.5,2,14,0,67.0,97.7,0,34,0.0,0,25,14,92.0,23,118.2,23,20.0,1,281,97,6.9,20.1,12.22,0,-1.5,0,100.0,,0,0,0.0,0,0,0,68.3,61.7,0,6,0.0,0,19,2,100.0,19,91.7,2,1.7,0,12,15,7.5,6.0,0.63,64.7,88.2,22.3,0,33.3,0.0,0,2,0.0,0,1,0,0,24,0.0,0,16,1,93.8,15,63.2,3,2.6,0,24,1,1.0,24.0,1.6,14.3,0,75.0,0.0,0,1,25.0,1,3,0,70.5,91.6,0,16,4.5,1,22,3,86.4,19,105.2,4,3.5,0,39,0,0.0,13.0,2.05,5.3,0,81.3,100.0,1,1,0.0,0,6,0,80.0,92.7,0,20,0.0,0,49,13,98.0,48,118.2,16,13.9,1,118,58,4.5,9.1,2.46,5.0,3,85.3,75.0,9,12,0.0,0,28,0,90.7,95.7,0,20,0.0,0,68,58,100.0,68,110.3,68,59.1,3,472,195,3.4,8.1,6.94
Marvin Jones Jr.,7158,WR,JAX,17,114,-1.8,3,100.0,,0,0,0.0,0,0,0,72.1,74.9,0,8,0.0,0,4,4,100.0,4,80.2,4,3.5,0,13,20,5.0,3.3,3.25,-3.0,1,100.0,,0,0,0.0,0,0,0,64.7,61.5,0,0,0.0,0,47,1,93.6,44,79.2,1,0.9,0,0,3,3.0,0.0,0.0,25.5,0,25.0,0.0,0,1,50.0,1,1,0,28.8,68.0,0,29,0.0,0,13,1,92.3,12,57.3,4,3.5,0,29,2,2.0,29.0,2.42,13.0,0,53.3,40.0,2,5,11.1,1,7,0,54.9,91.9,2,24,0.0,0,53,8,94.3,50,40.6,15,13.2,0,121,18,2.3,15.1,2.42,5.8,0,77.8,66.7,4,6,6.7,1,6,0,65.6,86.0,0,13,0.0,0,124,14,97.6,121,108.3,18,15.8,1,100,20,1.4,7.1,0.83,0,28.1,0,34.8,50.0,3,6,11.1,1,8,0,56.7,95.9,1,33,0.0,0,29,8,79.3,23,79.3,23,20.2,2,206,13,1.6,25.8,8.96,15,,0,,,0,0,,0,0,0,,,0,0,4.8,1,21,0,90.5,19,0.0,0,0.0,0,0,0,,,0.0,30.9,0,14.3,0.0,0,2,0.0,0,1,0,68.3,85.8,1,21,0.0,0,34,1,79.4,27,0.0,7,6.1,0,21,0,0.0,21.0,0.78,12.9,0,71.4,,0,0,0.0,0,5,0,73.4,91.0,0,31,0.0,0,33,5,93.9,31,113.7,7,6.1,0,94,28,5.6,18.8,3.03,6.6,0,90.9,80.0,4,5,0.0,0,4,0,78.0,85.8,0,11,0.0,0,71,10,95.8,68,93.6,11,9.6,0,71,7,0.7,7.1,1.04,13.4,0,58.3,42.9,3,7,4.5,1,20,0,71.5,96.1,2,31,0.0,0,36,21,100.0,36,75.1,36,31.6,1,331,56,2.7,15.8,9.19,0,-1.3,2,100.0,,0,0,0.0,0,0,0,70.5,77.0,0,8,0.0,0,16,3,100.0,16,84.7,3,2.6,0,13,17,5.7,4.3,0.81,74.6,97.4,27.4,0,50.0,100.0,3,3,0.0,0,6,0,0,33,0.0,0,24,6,83.3,20,135.4,12,10.5,2,156,11,1.8,26.0,7.8,14.2,0,57.1,50.0,1,2,0.0,0,8,0,76.5,95.4,0,22,0.0,0,34,8,91.2,31,108.0,14,12.3,1,116,10,1.3,14.5,3.74,6.0,0,72.7,33.3,2,6,0.0,0,4,0,81.7,85.0,0,11,0.0,0,80,16,96.3,77,83.7,22,19.3,0,111,12,0.8,6.9,1.44,6.1,0,78.4,58.8,10,17,2.4,1,14,0,82.6,91.1,0,13,0.0,0,52,40,98.1,51,96.2,51,44.7,1,282,39,1.0,7.1,5.53
Zach Ertz,7816,TE,ARZ,18,112,-3.4,2,100.0,,0,0,0.0,0,4,0,80.6,93.8,0,14,0.0,0,14,14,100.0,14,116.4,14,12.5,1,87,135,9.6,6.2,6.21,-3.6,2,100.0,,0,0,0.0,0,4,0,78.7,93.9,0,14,3.2,2,63,11,96.8,61,125.4,11,9.8,1,75,115,10.5,6.8,1.23,20.0,0,0.0,,0,0,,0,0,0,,58.4,0,0,7.7,1,13,0,84.6,11,39.6,2,1.8,0,0,0,,,0.0,13.1,1,76.2,66.7,2,3,0.0,0,14,0,81.7,97.6,2,47,2.1,1,48,16,89.6,43,108.5,21,18.8,2,256,59,3.7,16.0,5.95,4.7,1,68.4,45.5,5,11,7.1,2,9,0,64.1,90.1,0,20,0.0,0,112,26,96.4,108,82.2,38,33.9,0,211,97,3.7,8.1,1.95,0,26.5,0,12.5,0.0,0,1,0.0,0,1,0,64.7,67.5,1,28,0.0,0,8,1,100.0,8,2.1,8,7.1,0,28,2,2.0,28.0,3.5,1,-2.0,0,100.0,,0,0,0.0,0,0,0,64.7,60.0,0,1,0.0,0,21,1,100.0,21,79.2,1,0.9,0,1,3,3.0,1.0,0.05,27.5,0,0.0,0.0,0,1,,0,0,0,,54.7,1,0,3.8,1,26,0,92.3,24,0.0,4,3.6,0,0,0,,,0.0,13.8,0,50.0,0.0,0,1,0.0,0,2,0,68.3,92.1,1,19,5.9,1,17,2,88.2,15,35.4,4,3.6,0,30,1,0.5,15.0,2.0,2.6,0,60.0,,0,0,25.0,1,1,0,41.6,60.2,0,10,0.0,0,39,3,89.7,35,67.1,5,4.5,0,18,10,3.3,6.0,0.51,13.6,1,65.6,33.3,2,6,0.0,0,19,0,84.1,98.2,3,47,0.0,0,34,21,94.1,32,82.8,32,28.6,2,340,65,3.1,16.2,10.63,0,-3.0,0,100.0,,0,0,0.0,0,0,0,68.3,89.9,0,9,5.3,1,19,2,94.7,18,89.6,2,1.8,0,11,17,8.5,5.5,0.61,64.7,85.8,31.0,0,50.0,,0,0,0.0,0,1,0,0,28,6.1,2,33,1,81.8,27,95.8,2,1.8,0,28,2,2.0,28.0,1.04,14.7,0,42.9,0.0,0,2,0.0,0,3,0,70.5,91.5,0,19,3.0,1,33,3,87.9,29,69.9,7,6.3,0,54,5,1.7,18.0,1.86,3.9,0,80.0,50.0,1,2,0.0,0,7,0,80.0,93.3,0,27,6.2,4,65,12,90.8,59,134.0,15,13.4,2,100,54,4.5,8.3,1.69,4.3,1,70.7,46.2,6,13,6.8,3,17,0,67.4,92.1,0,27,0.0,0,61,41,95.1,58,96.1,58,51.8,2,329,161,3.9,8.0,5.67
Christian Kirk,47546,WR,ARZ,18,112,-2.5,3,100.0,100.0,1,1,0.0,0,3,0,79.4,79.3,0,16,0.0,0,12,12,100.0,12,84.4,12,10.7,0,51,81,6.8,4.3,4.25,-2.8,3,100.0,,0,0,0.0,0,0,0,73.4,72.1,0,9,0.0,0,61,5,100.0,61,91.7,5,4.5,0,30,44,8.8,6.0,0.49,33.0,0,50.0,75.0,3,4,16.7,1,5,0,46.3,95.9,2,50,0.0,0,16,5,87.5,14,89.6,10,8.9,1,187,20,4.0,37.4,13.36,13.6,0,58.3,50.0,1,2,0.0,0,7,0,75.6,94.8,0,28,0.0,0,46,7,95.7,44,96.2,12,10.7,0,131,23,3.3,18.7,2.98,5.1,0,90.0,0.0,0,1,3.6,1,8,0,76.1,86.6,0,18,0.0,0,130,27,97.7,127,94.2,30,26.8,0,198,59,2.2,7.3,1.56,0,30.8,0,48.0,75.0,6,8,25.0,4,12,0,28.7,96.7,2,50,0.0,0,26,12,96.2,25,100.4,25,22.3,3,399,36,3.0,33.3,15.96,1,-3.0,0,100.0,100.0,1,1,0.0,0,1,0,72.1,73.3,0,16,0.0,0,21,4,100.0,21,79.2,4,3.6,0,9,21,5.3,2.3,0.43,31.3,0,66.7,100.0,2,2,20.0,1,4,0,42.1,95.7,0,43,0.0,0,27,4,96.3,26,149.3,6,5.4,1,140,13,3.3,35.0,5.38,15.6,0,80.0,100.0,2,2,0.0,0,4,0,72.1,94.2,0,20,0.0,0,23,4,78.3,18,118.8,5,4.5,0,63,3,0.8,15.8,3.5,5.3,0,90.0,100.0,1,1,0.0,0,4,0,77.3,86.7,0,20,0.0,0,38,9,94.7,36,96.7,10,8.9,0,72,25,2.8,8.0,2.0,14.3,0,60.0,66.7,4,6,6.3,1,15,0,66.7,97.0,0,33,0.0,0,26,15,96.2,25,109.3,25,22.3,1,263,41,2.7,17.5,10.52,0,-1.3,0,100.0,,0,0,0.0,0,2,0,70.5,73.3,0,9,0.0,0,23,3,100.0,23,83.3,3,2.7,0,12,16,5.3,4.0,0.52,28.0,78.1,28.0,0,33.3,50.0,1,2,40.0,2,3,0,0,26,0.0,0,33,3,87.9,29,100.2,9,8.0,1,72,3,1.0,24.0,2.48,14.6,0,50.0,50.0,1,2,20.0,1,4,0,45.8,91.8,0,33,0.0,0,34,4,91.2,31,119.3,8,7.1,1,69,15,3.8,17.3,2.23,5.3,0,80.0,50.0,1,2,0.0,0,3,0,76.5,77.9,0,14,0.0,0,48,8,95.8,46,121.7,10,8.9,1,52,14,1.8,6.5,1.13,5.2,0,88.0,50.0,2,4,2.2,1,15,0,84.3,90.6,0,20,0.0,0,51,44,98.0,50,100.2,50,44.6,1,322,98,2.2,7.3,6.44
Chase Claypool,42312,WR,PIT,16,110,-1.8,1,87.5,,0,0,12.5,1,0,0,54.5,68.5,0,6,0.0,0,9,7,88.9,8,79.2,8,7.3,0,18,31,4.4,2.6,2.25,-2.3,1,100.0,,0,0,0.0,0,1,0,70.5,74.4,0,12,0.0,0,45,3,97.8,44,95.8,3,2.7,0,21,28,9.3,7.0,0.48,30.8,0,33.3,50.0,1,2,0.0,0,2,0,68.3,92.6,0,24,0.0,0,13,2,100.0,13,98.6,6,5.5,1,42,3,1.5,21.0,3.23,11.9,0,70.0,57.1,4,7,0.0,0,6,0,75.6,94.9,1,40,0.0,0,36,7,94.4,34,72.9,10,9.1,0,125,42,6.0,17.9,3.68,4.0,4,59.3,44.4,4,9,15.8,3,7,0,41.9,75.8,0,59,0.0,0,159,16,95.0,151,90.8,27,24.5,1,175,129,8.1,10.9,1.16,0,30.9,0,40.9,36.4,4,11,0.0,0,9,0,77.3,95.8,0,52,0.0,0,28,9,78.6,22,103.4,22,20.0,1,295,26,2.9,32.8,13.41,25,-1.3,0,66.7,,0,0,33.3,1,0,0,36.2,60.1,0,2,0.0,0,19,2,94.7,18,70.1,3,2.7,0,4,7,3.5,2.0,0.22,32.5,0,50.0,0.0,0,2,0.0,0,2,0,68.3,75.0,0,52,0.0,0,20,2,65.0,13,95.8,4,3.6,0,81,15,7.5,40.5,6.23,12.4,0,25.0,33.3,2,6,40.0,2,3,0,28.0,62.1,1,16,0.0,0,25,3,96.0,24,6.9,12,10.9,0,42,6,2.0,14.0,1.75,4.3,2,88.9,100.0,1,1,0.0,0,5,0,76.5,92.6,0,16,0.0,0,65,8,93.8,61,101.4,9,8.2,0,75,39,4.9,9.4,1.23,12.9,0,41.7,40.0,8,20,16.7,3,12,0,37.9,92.6,3,40,0.0,0,38,15,94.7,36,30.6,36,32.7,0,246,57,3.8,16.4,6.83,0,-1.5,0,100.0,,0,0,0.0,0,0,0,68.3,61.9,0,5,0.0,0,27,2,92.6,25,79.2,2,1.8,0,5,8,4.0,2.5,0.2,73.4,95.5,30.3,0,41.7,42.9,3,7,0.0,0,5,0,0,41,0.0,0,28,5,85.7,24,88.9,12,10.9,0,172,8,1.6,34.4,7.17,14.1,0,35.7,28.6,2,7,16.7,1,3,0,45.8,90.4,1,22,0.0,0,36,5,94.4,34,25.6,14,12.7,0,79,9,1.8,15.8,2.32,5.3,1,87.5,,0,0,0.0,0,3,0,75.6,81.7,0,23,0.0,0,43,7,93.0,40,100.0,8,7.3,0,64,31,4.4,9.1,1.6,4.3,7,70.5,50.0,5,10,8.8,3,15,0,59.7,90.4,0,59,0.0,0,47,31,93.6,44,98.1,44,40.0,1,314,199,6.4,10.1,7.14
DeVonta Smith,61100,WR,PHI,18,110,-1.7,3,100.0,,0,0,0.0,0,3,0,75.6,91.8,0,31,0.0,0,7,6,85.7,6,118.8,6,5.5,0,77,87,14.5,12.8,12.83,-2.0,3,100.0,,0,0,0.0,0,2,0,68.3,92.8,0,31,0.0,0,55,2,98.2,54,118.8,2,1.8,0,53,57,28.5,26.5,0.98,32.5,0,50.0,50.0,1,2,0.0,0,3,0,70.5,94.3,0,28,0.0,0,14,3,100.0,14,133.3,6,5.5,1,72,9,3.0,24.0,5.14,13.2,0,66.7,60.0,3,5,14.3,1,5,0,52.5,90.3,0,19,0.0,0,31,6,87.1,27,130.3,9,8.2,1,77,4,0.7,12.8,2.85,5.5,2,80.0,33.3,1,3,11.1,2,9,1,56.9,89.6,0,19,0.0,0,74,16,94.6,70,96.0,20,18.2,0,141,52,3.3,8.8,2.01,0,29.4,0,35.3,40.0,4,10,0.0,0,12,0,79.4,97.5,1,46,0.0,0,34,12,100.0,34,89.3,34,30.9,3,332,28,2.3,27.7,9.76,24,-2.0,0,100.0,,0,0,0.0,0,0,0,68.3,61.3,0,5,0.0,0,13,2,100.0,13,79.2,2,1.8,0,6,10,5.0,3.0,0.46,26.7,0,25.0,0.0,0,1,0.0,0,3,0,70.5,90.9,1,27,0.0,0,33,3,93.9,31,44.4,12,10.9,1,70,6,2.0,23.3,2.26,15.4,0,25.0,0.0,0,4,0.0,0,2,0,68.3,77.4,0,19,0.0,0,30,2,100.0,30,45.8,8,7.3,0,36,5,2.5,18.0,1.2,6.0,0,66.7,,0,0,0.0,0,0,0,68.3,51.3,1,6,0.0,0,33,2,90.9,30,33.3,3,2.7,0,11,0,0.0,5.5,0.37,13.6,3,57.6,30.8,4,13,5.0,1,16,0,70.7,96.8,1,33,0.0,0,36,19,91.7,33,88.4,33,30.0,1,324,68,3.6,17.1,9.82,0,-1.0,0,100.0,,0,0,0.0,0,1,0,70.5,86.1,0,14,0.0,0,19,2,89.5,17,104.2,2,1.8,0,18,20,10.0,9.0,1.06,74.6,96.1,30.4,0,37.5,42.9,3,7,0.0,0,6,0,0,46,0.0,0,34,6,91.2,31,103.6,16,14.5,1,190,13,2.2,31.7,6.13,13.0,3,68.8,25.0,1,4,0.0,0,9,0,78.7,98.1,1,33,0.0,0,49,11,93.9,46,85.4,16,14.5,0,211,59,5.4,19.2,4.59,5.4,3,92.9,100.0,2,2,0.0,0,5,0,80.0,91.5,0,19,0.0,0,78,13,93.6,73,117.6,14,12.7,1,91,25,1.9,7.0,1.25,5.5,5,83.8,60.0,3,5,6.1,2,14,1,70.1,91.2,1,19,0.0,0,41,31,90.2,37,91.8,37,33.6,1,243,77,2.5,7.8,6.57
A.J. Brown,48327,WR,TEN,14,110,-3.3,2,100.0,,0,0,0.0,0,0,0,70.5,61.8,0,3,0.0,0,3,3,100.0,3,79.2,3,2.7,0,1,11,3.7,0.3,0.33,-4.0,1,100.0,,0,0,0.0,0,0,0,68.3,61.2,0,3,0.0,0,35,2,94.3,33,79.2,2,1.8,0,0,8,4.0,0.0,0.0,36.0,0,40.0,0.0,0,1,0.0,0,2,0,68.3,93.0,0,41,0.0,0,12,2,91.7,11,87.5,5,4.5,0,81,8,4.0,40.5,7.36,13.4,1,70.0,83.3,5,6,12.5,3,20,0,48.2,96.6,1,25,0.0,0,56,21,98.2,55,116.4,30,27.3,2,343,64,3.0,16.3,6.24,4.8,0,63.2,25.0,1,4,20.0,3,5,0,31.3,74.3,0,22,0.0,0,93,12,93.5,87,79.5,19,17.3,0,113,50,4.2,9.4,1.3,0,31.4,0,36.8,40.0,2,5,22.2,2,7,0,31.8,93.9,0,46,0.0,0,19,7,100.0,19,120.0,19,17.3,2,246,15,2.1,35.1,12.95,31,,0,,,0,0,,0,0,0,,,0,0,0.0,0,6,0,100.0,6,0.0,0,0.0,0,0,0,,,0.0,27.8,0,60.0,100.0,1,1,25.0,1,3,0,36.2,91.4,0,46,0.0,0,8,3,100.0,8,143.8,5,4.5,1,90,6,2.0,30.0,11.25,11.5,2,75.0,0.0,0,1,0.0,0,4,0,74.6,96.2,0,19,0.0,0,16,6,81.3,13,106.3,8,7.3,0,80,16,2.7,13.3,6.15,5.0,0,80.0,50.0,1,2,0.0,0,2,0,72.1,90.4,0,14,0.0,0,26,4,92.3,24,141.3,5,4.5,1,42,17,4.3,10.5,1.75,13.1,5,64.7,72.7,8,11,10.8,4,29,0,52.8,98.3,2,57,0.0,0,53,33,96.2,51,103.7,51,46.4,3,544,126,3.8,16.5,10.67,0,-2.0,1,100.0,,0,0,0.0,0,0,0,64.7,61.1,0,1,0.0,0,10,1,100.0,10,79.2,1,0.9,0,1,3,3.0,1.0,0.1,29.9,80.6,30.9,0,22.2,33.3,1,3,33.3,1,2,0,0,42,0.0,0,16,2,93.8,15,98.8,9,8.2,1,75,1,0.5,37.5,5.0,13.5,2,46.2,75.0,3,4,14.3,1,5,0,52.1,92.4,1,57,0.0,0,24,6,95.8,23,72.9,13,11.8,1,121,46,7.7,20.2,5.26,5.7,1,69.2,25.0,1,4,0.0,0,6,0,77.3,92.3,0,11,0.0,0,31,9,100.0,31,80.6,13,11.8,0,65,23,2.6,7.2,2.1,5.2,1,67.6,30.0,3,10,10.7,3,13,0,52.9,91.6,0,22,0.0,0,37,25,100.0,37,92.2,37,33.6,1,220,90,3.6,8.8,5.95
Amari Cooper,9437,WR,DAL,16,109,-2.2,0,83.3,,0,0,0.0,0,0,0,73.4,61.3,0,7,0.0,0,6,5,100.0,6,81.3,6,5.5,0,21,32,6.4,4.2,3.5,,0,,,0,0,,0,0,0,,,0,0,0.0,0,25,0,92.0,23,0.0,0,0.0,0,0,0,,,0.0,22.5,0,100.0,,0,0,0.0,0,2,0,68.3,95.5,0,41,0.0,0,21,2,90.5,19,158.3,2,1.8,1,65,20,10.0,32.5,3.42,13.8,2,50.0,50.0,1,2,16.7,1,5,0,45.8,90.7,0,22,0.0,0,51,5,92.2,47,107.9,10,9.2,1,74,7,1.4,14.8,1.57,6.2,7,80.8,66.7,2,3,12.5,3,12,0,50.4,92.7,0,32,0.0,0,132,21,96.2,127,104.6,26,23.9,0,237,110,5.2,11.3,1.87,0,28.5,0,54.5,50.0,4,8,0.0,0,12,0,79.4,99.3,0,41,0.0,0,24,12,91.7,22,139.2,22,20.2,4,329,39,3.3,27.4,14.95,9,-2.3,0,75.0,,0,0,0.0,0,0,0,70.5,60.4,0,7,0.0,0,30,3,96.7,29,77.1,4,3.7,0,12,19,6.3,4.0,0.41,29.5,0,37.5,0.0,0,2,0.0,0,3,0,70.5,90.3,0,28,0.0,0,18,3,83.3,15,72.9,8,7.3,0,76,11,3.7,25.3,5.07,13.5,0,80.0,100.0,4,4,0.0,0,7,0,76.5,96.5,0,18,0.0,0,39,8,82.1,32,142.1,10,9.2,3,86,-1,-0.1,10.8,2.69,5.4,0,61.5,0.0,0,1,0.0,0,5,0,76.5,76.9,0,10,0.0,0,64,8,92.2,59,94.4,13,11.9,1,48,5,0.6,6.0,0.81,13.7,2,59.3,71.4,5,7,5.9,1,15,0,67.7,96.4,0,22,0.0,0,30,16,90.0,27,122.7,27,24.8,4,205,16,1.0,12.8,7.59,0,-2.0,0,100.0,,0,0,0.0,0,0,0,68.3,61.6,0,6,0.0,0,19,2,89.5,17,85.4,2,1.8,0,9,13,6.5,4.5,0.53,75.6,98.6,28.9,0,58.3,66.7,4,6,0.0,0,7,0,0,35,0.0,0,27,7,92.6,25,142.4,12,11.0,3,188,8,1.1,26.9,7.52,13.7,0,42.9,0.0,0,1,0.0,0,3,0,72.1,90.7,0,16,0.0,0,34,3,91.2,31,64.6,7,6.4,0,45,10,3.3,15.0,1.45,5.2,1,80.0,60.0,3,5,0.0,0,4,1,79.4,65.5,0,18,0.0,0,65,12,95.4,62,91.4,15,13.8,0,89,28,2.3,7.4,1.44,5.7,8,75.9,55.6,5,9,6.8,3,21,1,67.4,90.9,0,32,0.0,0,58,41,93.1,54,100.4,54,49.5,1,374,143,3.5,9.1,6.93
Dalton Schultz,47304,TE,DAL,18,108,-2.1,2,88.9,0.0,0,1,0.0,0,4,0,76.5,96.2,0,18,0.0,0,9,8,100.0,9,102.8,9,8.3,0,78,96,12.0,9.8,8.67,-2.2,2,83.3,0.0,0,1,0.0,0,2,0,73.4,92.9,0,11,13.5,5,37,5,83.8,31,92.4,6,5.6,0,37,49,9.8,7.4,1.19,25.0,0,66.7,50.0,1,2,0.0,0,2,0,68.3,95.4,0,32,13.0,3,23,2,82.6,19,149.3,3,2.8,1,62,14,7.0,31.0,3.26,13.5,0,61.5,100.0,3,3,11.1,1,8,0,58.5,95.6,1,23,11.9,7,59,8,74.6,44,85.1,13,12.0,1,119,20,2.5,14.9,2.7,5.0,4,81.0,66.7,6,9,5.6,2,16,0,70.3,94.3,0,17,3.9,6,153,34,91.5,140,118.8,42,38.9,3,285,124,3.6,8.4,2.04,0,23.2,0,66.7,50.0,1,2,0.0,0,4,0,72.1,99.5,0,38,0.0,0,6,4,100.0,6,149.3,6,5.6,1,120,32,8.0,30.0,20.0,9,-2.0,0,100.0,,0,0,0.0,0,0,0,64.7,90.6,0,7,2.9,1,34,1,97.1,33,95.8,1,0.9,0,7,9,9.0,7.0,0.21,20.0,0,100.0,,0,0,0.0,0,1,0,64.7,90.9,0,20,4.8,1,21,1,81.0,17,118.8,1,0.9,0,20,0,0.0,20.0,1.18,12.6,0,60.0,50.0,1,2,0.0,0,3,0,70.5,91.6,0,15,10.0,4,40,3,75.0,30,83.8,5,4.6,0,38,3,1.0,12.7,1.27,3.8,3,84.6,0.0,0,1,0.0,0,3,0,78.7,90.0,0,20,8.2,6,73,11,89.0,65,96.5,13,12.0,0,93,47,4.3,8.5,1.43,13.4,0,61.5,83.3,5,6,5.9,1,16,0,68.7,97.4,1,23,0.0,0,29,16,89.7,26,100.0,26,24.1,2,231,32,2.0,14.4,8.88,0,-2.0,0,100.0,,0,0,0.0,0,2,0,68.3,93.9,0,18,16.7,3,18,2,72.2,13,118.8,2,1.9,0,34,38,19.0,17.0,2.62,64.7,94.3,22.0,0,50.0,,0,0,0.0,0,1,0,0,38,15.6,5,32,1,81.3,26,95.8,2,1.9,0,38,18,18.0,38.0,1.46,13.8,0,62.5,100.0,1,1,0.0,0,5,0,73.4,94.5,0,19,16.2,6,37,5,78.4,29,132.3,8,7.4,1,74,9,1.8,14.8,2.55,3.6,4,100.0,,0,0,0.0,0,4,0,80.6,94.2,0,22,10.8,8,74,12,83.8,62,137.5,12,11.1,2,90,47,3.9,7.5,1.45,4.5,11,85.1,60.0,6,10,3.4,2,23,0,82.5,95.6,0,22,0.0,0,69,57,97.1,67,120.6,67,62.0,5,468,218,3.8,8.2,6.99
Kyle Pitts,83964,TE,ATL,17,107,-2.0,0,100.0,,0,0,0.0,0,2,0,73.4,89.8,0,23,0.0,0,5,5,100.0,5,98.3,5,4.7,0,38,48,9.6,7.6,7.6,-2.0,0,100.0,,0,0,0.0,0,2,0,72.1,91.4,0,23,2.9,1,34,4,91.2,31,106.3,4,3.7,0,38,46,11.5,9.5,1.23,29.0,0,100.0,,0,0,0.0,0,2,0,68.3,93.1,0,39,10.0,1,10,2,80.0,8,118.8,2,1.9,0,62,4,2.0,31.0,7.75,13.0,2,71.0,50.0,3,6,0.0,0,21,0,84.5,99.2,1,61,1.4,1,71,22,95.8,68,99.9,31,29.0,0,404,124,5.6,18.4,5.94,5.3,1,60.7,50.0,5,10,5.6,1,5,0,67.7,89.3,1,24,1.3,2,155,17,97.4,151,58.9,28,26.2,0,142,56,3.3,8.4,0.94,0,28.9,1,58.3,57.1,4,7,12.5,1,7,0,52.1,99.1,0,49,0.0,0,12,7,100.0,12,102.8,12,11.2,0,239,33,4.7,34.1,19.92,2,-2.0,0,100.0,,0,0,0.0,0,0,0,64.7,60.5,0,0,12.5,2,16,1,81.3,13,79.2,1,0.9,0,0,2,2.0,0.0,0.0,28.0,0,50.0,66.7,2,3,33.3,1,2,0,29.9,93.0,0,39,16.7,2,12,2,75.0,9,95.8,4,3.7,0,65,5,2.5,32.5,7.22,16.1,0,28.6,0.0,0,2,33.3,1,2,0,36.2,87.9,1,24,6.7,1,15,2,86.7,13,14.9,7,6.5,0,46,18,9.0,23.0,3.54,5.8,0,75.0,0.0,0,1,0.0,0,0,0,72.1,72.5,0,7,5.1,2,39,3,87.2,34,82.3,4,3.7,0,17,2,0.7,5.7,0.5,13.9,3,64.4,33.3,3,9,3.3,1,28,0,77.3,99.7,4,61,0.0,0,48,29,93.8,45,70.0,45,42.1,0,554,170,5.9,19.1,12.31,0,,0,,,0,0,,0,0,0,,,0,0,0.0,0,19,0,94.7,18,0.0,0,0.0,0,0,0,,,0.0,70.5,97.2,29.5,1,50.0,50.0,2,4,0.0,0,3,0,0,49,0.0,0,16,3,93.8,15,95.8,6,5.6,0,112,24,8.0,37.3,7.47,15.7,1,71.4,0.0,0,1,0.0,0,5,0,73.4,95.5,2,29,5.6,1,18,5,88.9,16,74.1,7,6.5,0,104,28,5.6,20.8,6.5,4.8,0,53.8,50.0,3,6,0.0,0,1,0,75.6,72.2,0,8,0.0,0,56,7,92.9,52,85.1,13,12.1,1,36,9,1.3,5.1,0.69,5.2,1,60.0,47.1,8,17,3.6,1,6,0,76.1,88.1,1,24,0.0,0,48,27,93.8,45,68.3,45,42.1,1,195,67,2.5,7.2,4.33
Mike Gesicki,47153,TE,MIA,17,106,-2.0,0,100.0,100.0,1,1,0.0,0,1,0,74.6,80.8,0,9,0.0,0,6,6,100.0,6,79.2,6,5.7,0,17,29,4.8,2.8,2.83,-3.0,0,100.0,,0,0,0.0,0,1,0,68.3,74.9,0,4,8.3,3,36,2,88.9,32,79.2,2,1.9,0,5,11,5.5,2.5,0.16,20.5,0,100.0,,0,0,0.0,0,2,0,68.3,90.6,0,27,11.1,1,9,2,66.7,6,118.8,2,1.9,0,49,8,4.0,24.5,8.17,12.7,1,58.3,44.4,4,9,12.5,2,12,0,49.6,95.0,1,23,0.0,0,65,14,93.8,61,74.1,24,22.6,0,235,60,4.3,16.8,3.85,5.5,2,65.4,33.3,3,9,0.0,0,7,0,83.2,81.4,0,10,0.0,0,114,17,94.7,108,86.9,26,24.5,1,109,18,1.1,6.4,1.01,0,22.7,0,71.4,0.0,0,2,16.7,1,5,0,45.8,93.9,0,40,0.0,0,7,5,100.0,7,113.7,7,6.6,0,148,34,6.8,29.6,21.14,17,-1.7,0,100.0,100.0,1,1,0.0,0,0,0,70.5,73.3,0,9,0.0,0,16,3,93.8,15,79.2,3,2.8,0,8,13,4.3,2.7,0.53,24.0,0,50.0,0.0,0,1,0.0,0,1,0,64.7,90.2,0,27,9.1,2,22,1,63.6,14,95.8,2,1.9,0,27,3,3.0,27.0,1.93,13.9,0,55.6,83.3,5,6,0.0,0,5,0,74.6,95.1,0,18,0.0,0,28,5,92.9,26,117.4,9,8.5,1,69,8,1.6,13.8,2.65,5.8,1,92.3,50.0,1,2,0.0,0,5,0,79.4,91.4,0,26,1.4,1,73,12,91.8,67,101.3,13,12.3,0,108,42,3.5,9.0,1.61,13.3,1,48.7,52.9,9,17,9.5,2,17,0,58.1,96.1,2,23,0.0,0,41,19,95.1,39,62.3,39,36.8,1,304,68,3.6,16.0,7.79,0,-1.0,0,100.0,,0,0,0.0,0,0,0,64.7,61.8,0,4,0.0,0,12,1,100.0,12,83.3,1,0.9,0,4,5,5.0,4.0,0.33,29.9,83.6,23.3,0,66.7,0.0,0,1,33.3,1,2,0,0,40,0.0,0,20,2,75.0,15,109.7,3,2.8,0,72,23,11.5,36.0,4.8,15.0,0,0.0,0.0,0,2,,0,0,0,,55.0,1,0,3.7,1,27,0,92.6,25,0.0,6,5.7,0,0,0,,,0.0,4.2,0,93.3,100.0,1,1,0.0,0,4,0,80.6,90.9,0,20,0.0,0,77,14,97.4,75,92.8,15,14.2,0,94,39,2.8,6.7,1.25,5.2,3,79.6,41.7,5,12,0.0,0,16,0,90.3,92.0,0,26,0.0,0,58,43,93.1,54,96.8,54,50.9,1,311,99,2.3,7.2,5.76
Robby Anderson,11254,WR,CAR,17,105,-3.4,1,90.0,,0,0,0.0,0,1,0,77.3,75.0,0,18,0.0,0,10,9,100.0,10,82.5,10,9.5,0,38,68,7.6,4.2,3.8,-3.0,0,100.0,,0,0,0.0,0,0,0,73.4,62.7,0,5,0.0,0,39,5,94.9,37,79.2,5,4.8,0,9,24,4.8,1.8,0.24,31.2,0,20.0,0.0,0,1,0.0,0,2,0,68.3,83.5,1,57,0.0,0,18,2,100.0,18,55.0,10,9.5,1,82,16,8.0,41.0,4.56,13.2,0,30.8,0.0,0,1,20.0,1,4,0,42.1,79.0,2,18,0.0,0,57,4,93.0,53,31.1,13,12.4,1,54,6,1.5,13.5,1.02,4.8,1,50.0,14.3,1,7,23.1,3,4,0,29.8,72.2,0,13,0.0,0,147,10,96.6,142,59.6,20,19.0,0,76,26,2.6,7.6,0.54,0,29.9,0,15.8,25.0,1,4,0.0,0,3,0,70.5,84.9,2,57,0.0,0,19,3,100.0,19,28.1,19,18.1,1,105,16,5.3,35.0,5.53,5,-4.3,1,75.0,,0,0,0.0,0,1,0,70.5,83.3,0,18,0.0,0,15,3,100.0,15,90.6,4,3.8,0,25,38,12.7,8.3,1.67,29.3,0,0.0,0.0,0,2,,0,0,0,,55.7,0,0,0.0,0,20,0,95.0,19,39.6,4,3.8,0,0,0,,,0.0,14.0,0,44.4,33.3,1,3,0.0,0,4,0,72.1,90.6,1,19,0.0,0,29,4,100.0,29,62.0,9,8.6,1,55,0,0.0,13.8,1.9,3.7,1,83.3,50.0,1,2,9.1,1,2,0,60.2,77.7,0,17,0.0,0,61,10,96.7,59,88.9,12,11.4,0,64,28,2.8,6.4,1.08,14.0,0,45.2,33.3,2,6,6.7,1,14,0,64.7,93.1,4,19,0.0,0,33,14,93.9,31,57.4,31,29.5,3,186,7,0.5,13.3,6.0,0,-2.0,0,100.0,,0,0,0.0,0,0,0,64.7,61.0,0,4,0.0,0,19,1,94.7,18,83.3,1,1.0,0,4,6,6.0,4.0,0.22,64.7,82.6,28.0,0,20.0,100.0,1,1,0.0,0,1,0,1,23,0.0,0,19,1,94.7,18,6.7,5,4.8,0,23,0,0.0,23.0,1.28,15.1,0,66.7,50.0,1,2,0.0,0,6,0,74.6,92.6,1,18,0.0,0,33,6,90.9,30,90.7,9,8.6,1,77,1,0.2,12.8,2.57,5.2,1,53.8,0.0,0,2,0.0,0,3,0,75.6,84.8,1,16,0.0,0,57,7,94.7,54,56.6,13,12.4,1,50,17,2.4,7.1,0.93,4.6,3,60.0,18.2,2,11,12.9,4,9,0,47.5,84.0,1,17,0.0,0,47,27,95.7,45,67.8,45,42.9,1,190,71,2.6,7.0,4.22
Tyler Lockett,9502,WR,SEA,16,103,-3.5,0,100.0,,0,0,0.0,0,3,0,76.5,84.8,0,27,0.0,0,8,8,100.0,8,126.6,8,7.8,1,39,67,8.4,4.9,4.88,-4.0,0,100.0,,0,0,0.0,0,1,0,64.7,90.2,0,1,3.1,1,32,1,90.6,29,118.8,1,1.0,1,1,5,5.0,1.0,0.03,30.3,1,42.9,0.0,0,2,0.0,0,3,0,72.1,97.0,1,69,0.0,0,16,3,81.3,13,89.9,7,6.8,2,113,18,6.0,37.7,8.69,17.0,0,0.0,0.0,0,1,,0,0,0,64.7,75.6,1,0,0.0,0,24,0,79.2,19,0.0,1,1.0,0,0,0,,,0.0,6.3,0,85.7,0.0,0,1,0.0,0,3,0,79.4,83.8,0,11,0.0,0,83,12,98.8,82,93.2,14,13.6,0,89,12,1.0,7.4,1.09,0,30.6,2,51.3,25.0,3,12,4.8,1,20,0,71.5,99.9,2,69,0.0,0,45,20,86.7,39,115.1,39,37.9,5,740,136,6.8,37.0,18.97,29,-4.8,0,100.0,,0,0,0.0,0,2,0,72.1,83.6,0,27,0.0,0,20,4,95.0,19,100.0,4,3.9,0,32,51,12.8,8.0,1.68,30.6,1,61.1,20.0,1,5,8.3,1,11,0,60.6,99.9,0,63,0.0,0,40,11,97.5,39,123.6,18,17.5,1,394,82,7.5,35.8,10.1,14.4,0,100.0,100.0,1,1,0.0,0,4,0,73.4,93.6,0,28,0.0,0,20,5,90.0,18,118.8,5,4.9,0,84,12,2.4,16.8,4.67,4.7,0,90.9,100.0,2,2,0.0,0,5,0,78.0,86.1,0,17,0.0,0,56,10,100.0,56,97.0,11,10.7,0,80,31,3.1,8.0,1.43,13.9,1,66.7,66.7,2,3,0.0,0,7,0,78.7,95.7,1,28,0.0,0,17,10,88.2,15,94.0,15,14.6,1,151,17,1.7,15.1,10.07,0,-1.7,0,100.0,,0,0,0.0,0,0,0,70.5,61.9,0,6,0.0,0,23,3,100.0,23,79.2,3,2.9,0,6,11,3.7,2.0,0.26,74.6,95.9,30.7,0,42.9,40.0,2,5,0.0,0,6,0,1,55,0.0,0,28,6,85.7,24,99.7,14,13.6,2,233,36,6.0,38.8,9.71,13.3,1,55.6,100.0,1,1,0.0,0,3,0,73.4,93.4,0,19,0.0,0,25,5,92.0,23,116.4,9,8.7,1,67,5,1.0,13.4,2.91,4.9,0,81.3,100.0,2,2,0.0,0,3,0,80.0,67.1,0,15,0.0,0,52,13,100.0,52,107.3,16,15.5,1,76,15,1.2,5.8,1.46,5.3,0,85.4,80.0,4,5,0.0,0,11,0,89.3,85.3,0,17,0.0,0,41,35,100.0,41,99.7,41,39.8,1,245,58,1.7,7.0,5.98
Darren Waller,9637,TE,LV,12,102,-2.8,0,100.0,,0,0,0.0,0,1,0,74.6,76.7,0,9,0.0,0,6,6,100.0,6,80.6,6,5.9,0,20,37,6.2,3.3,3.33,-2.5,0,100.0,,0,0,0.0,0,0,0,72.1,63.2,0,4,3.2,1,31,4,90.3,28,79.2,4,3.9,0,9,19,4.8,2.3,0.32,26.5,0,25.0,0.0,0,1,0.0,0,1,0,64.7,85.3,0,31,10.0,2,20,1,80.0,16,59.4,4,3.9,0,31,5,5.0,31.0,1.94,14.3,1,66.7,33.3,2,6,9.1,1,10,0,60.2,97.6,0,25,8.7,4,46,10,87.0,40,109.7,15,14.7,0,205,46,4.6,20.5,5.13,4.8,2,80.0,50.0,1,2,0.0,0,9,0,82.2,96.1,0,19,2.0,2,98,16,93.9,92,115.6,20,19.6,1,155,80,5.0,9.7,1.68,0,26.9,0,26.7,0.0,0,2,0.0,0,4,0,72.1,95.3,1,33,0.0,0,17,4,88.2,15,30.4,15,14.7,0,112,15,3.8,28.0,7.47,23,-3.0,0,100.0,,0,0,0.0,0,0,0,64.7,61.8,0,9,7.1,1,14,1,85.7,12,104.2,1,1.0,0,9,12,12.0,9.0,0.75,26.3,0,25.0,,0,0,0.0,0,1,0,64.7,91.0,1,23,16.7,3,18,1,77.8,14,11.5,4,3.9,0,23,2,2.0,23.0,1.64,14.6,0,42.9,,0,0,0.0,0,3,0,70.5,77.1,1,21,4.5,1,22,3,95.5,21,23.8,7,6.9,0,43,7,2.3,14.3,2.05,5.7,0,58.3,50.0,1,2,22.2,2,4,0,32.2,85.6,0,12,0.0,0,43,7,100.0,43,99.7,12,11.8,1,61,23,3.3,8.7,1.42,14.5,1,51.9,33.3,2,6,12.5,2,14,0,51.2,95.4,1,25,0.0,0,28,14,96.4,27,69.7,27,26.5,0,258,53,3.8,18.4,9.56,0,-4.0,0,100.0,,0,0,0.0,0,1,0,64.7,90.0,0,2,0.0,0,13,1,100.0,13,79.2,1,1.0,0,2,6,6.0,2.0,0.15,68.3,93.7,27.6,0,28.6,0.0,0,1,0.0,0,2,0,0,33,10.0,3,30,2,70.0,21,61.6,7,6.9,0,58,8,4.0,29.0,2.76,15.0,0,20.0,,0,0,50.0,1,1,0,28.8,46.1,0,10,5.0,1,20,1,85.0,17,39.6,5,4.9,0,10,0,0.0,10.0,0.59,4.7,1,68.2,66.7,2,3,11.8,2,4,0,51.2,70.6,0,29,4.1,2,49,15,93.9,46,84.5,22,21.6,0,135,70,4.7,9.0,2.93,4.9,3,70.4,57.1,4,7,9.5,4,17,0,56.9,93.2,0,29,0.0,0,55,38,98.2,54,100.2,54,52.9,2,351,173,4.6,9.2,6.5
Rob Gronkowski,5567,TE,TB,14,102,-3.8,2,83.3,,0,0,0.0,0,0,0,73.4,78.1,0,7,0.0,0,6,5,100.0,6,81.9,6,5.9,0,22,41,8.2,4.4,3.67,-4.0,1,75.0,,0,0,0.0,0,0,0,70.5,62.6,0,6,5.3,2,38,3,94.7,36,77.1,4,3.9,0,12,24,8.0,4.0,0.33,21.5,0,100.0,100.0,1,1,0.0,0,2,0,68.3,95.5,0,26,16.7,1,6,2,83.3,5,118.8,2,2.0,0,50,7,3.5,25.0,10.0,13.4,6,55.6,50.0,2,4,11.8,2,13,0,51.5,99.1,0,42,6.9,4,58,15,93.1,54,120.1,27,26.5,2,305,118,7.9,20.3,5.65,4.9,5,78.6,60.0,3,5,4.3,1,12,0,72.1,96.2,0,21,3.1,4,130,22,93.8,122,123.7,28,27.5,2,223,124,5.6,10.1,1.83,0,27.3,1,28.6,16.7,1,6,20.0,1,4,0,41.6,91.3,2,35,0.0,0,14,4,100.0,14,19.6,14,13.7,0,108,15,3.8,27.0,7.71,30,,0,,,0,0,,0,0,0,,,0,0,9.5,2,21,0,85.7,18,0.0,0,0.0,0,0,0,,,0.0,26.7,0,0.0,,0,0,100.0,1,0,0,27.9,27.5,0,0,13.0,3,23,0,78.3,18,39.6,3,2.9,0,0,0,,,0.0,13.2,0,20.0,0.0,0,2,50.0,1,1,0,28.8,67.3,0,42,4.5,1,22,1,90.9,20,62.1,5,4.9,0,42,23,23.0,42.0,2.1,2.7,0,100.0,100.0,1,1,0.0,0,1,0,75.6,91.2,0,14,1.7,1,60,7,96.7,58,98.8,7,6.9,0,54,35,5.0,7.7,0.93,13.8,8,54.8,44.4,4,9,11.5,3,21,0,50.6,99.9,0,42,0.0,0,44,23,95.5,42,128.0,42,41.2,4,489,189,8.2,21.3,11.64,0,-3.5,1,100.0,,0,0,0.0,0,0,0,68.3,89.2,0,7,16.7,3,18,2,83.3,15,87.5,2,2.0,0,10,17,8.5,5.0,0.67,68.3,89.0,28.8,1,22.2,0.0,0,5,0.0,0,2,0,2,35,12.9,4,31,2,80.6,25,14.4,9,8.8,0,58,8,4.0,29.0,2.32,15.2,2,70.0,66.7,2,3,0.0,0,7,0,75.6,98.7,0,32,6.1,2,33,7,84.8,28,152.1,10,9.8,2,142,48,6.9,20.3,5.07,3.4,0,60.0,,0,0,0.0,0,1,0,70.5,93.4,0,14,6.9,2,29,3,93.1,27,110.0,5,4.9,1,22,17,5.7,7.3,0.81,4.4,5,80.0,66.7,4,6,3.0,1,14,0,78.4,97.0,0,21,0.0,0,41,32,97.6,40,122.8,40,39.2,3,299,176,5.5,9.3,7.48
George Kittle,11901,TE,SF,16,101,-2.9,6,85.7,,0,0,0.0,0,4,1,79.4,93.9,0,25,0.0,0,14,12,100.0,14,95.8,14,13.9,0,98,134,11.2,8.2,7.0,-2.6,5,81.8,,0,0,0.0,0,3,1,77.3,92.7,0,13,7.0,3,43,9,90.7,39,94.3,11,10.9,0,73,98,10.9,8.1,1.87,28.3,0,37.5,33.3,1,3,25.0,1,3,0,36.2,95.2,1,29,0.0,0,15,3,80.0,12,75.5,8,7.9,1,81,5,1.7,27.0,6.75,13.1,5,70.0,75.0,3,4,6.7,1,11,1,64.7,97.8,4,39,17.3,14,81,14,79.0,64,89.6,20,19.8,1,253,75,5.4,18.1,3.95,5.2,4,79.4,20.0,1,5,3.6,1,16,0,75.5,98.0,0,48,4.8,7,145,27,94.5,137,123.5,34,33.7,2,304,168,6.2,11.3,2.22,0,27.7,0,36.4,40.0,2,5,20.0,1,4,0,41.6,96.0,2,29,0.0,0,11,4,100.0,11,64.8,11,10.9,1,110,6,1.5,27.5,10.0,28,-2.0,0,100.0,,0,0,0.0,0,0,0,64.7,61.8,0,6,6.7,1,15,1,86.7,13,91.7,1,1.0,0,6,8,8.0,6.0,0.46,25.5,0,50.0,100.0,1,1,0.0,0,1,0,64.7,91.6,1,29,22.2,2,9,1,77.8,7,56.3,2,2.0,0,29,1,1.0,29.0,4.14,13.8,0,100.0,100.0,2,2,0.0,0,5,0,73.4,99.9,0,29,17.4,4,23,5,73.9,17,158.3,5,5.0,2,83,19,3.8,16.6,4.88,3.4,1,85.7,50.0,1,2,0.0,0,2,0,74.6,93.4,0,15,19.2,5,26,6,76.9,20,94.6,7,6.9,0,47,27,4.5,7.8,2.35,13.4,5,71.4,71.4,5,7,9.1,2,17,1,58.6,99.9,5,39,0.0,0,28,20,100.0,28,109.8,28,27.7,3,354,96,4.8,17.7,12.64,0,-4.5,1,100.0,,0,0,0.0,0,1,0,68.3,89.2,0,25,0.0,0,11,2,90.9,10,118.8,2,2.0,0,25,34,17.0,12.5,2.5,,58.9,28.0,0,0.0,0.0,0,1,,0,0,0,0,0,26.3,5,19,0,73.7,14,39.6,1,1.0,0,0,0,,,0.0,14.7,0,33.3,0.0,0,1,50.0,1,1,0,28.9,56.4,1,18,28.6,6,21,1,71.4,15,15.3,3,3.0,0,18,2,2.0,18.0,1.2,2.1,3,100.0,,0,0,0.0,0,5,0,75.6,96.2,0,28,7.7,3,39,7,89.7,35,113.1,7,6.9,0,78,63,9.0,11.1,2.23,4.5,8,83.3,28.6,2,7,2.4,1,23,0,82.2,99.1,0,48,0.0,0,48,40,100.0,48,117.8,48,47.5,2,429,258,6.5,10.7,8.94
Najee Harris,57121,HB,PIT,18,96,-3.1,20,80.0,,0,0,10.0,4,7,1,55.1,74.9,0,21,0.0,0,46,36,97.8,45,85.0,45,46.9,0,198,312,8.7,5.5,4.4,-3.0,13,80.8,,0,0,8.7,2,5,0,60.3,83.3,0,21,9.6,5,52,21,86.5,45,85.6,26,27.1,0,118,185,8.8,5.6,2.62,,0,,,0,0,,0,0,0,,,0,0,25.0,3,12,0,75.0,9,0.0,0,0.0,0,0,0,,,0.0,,0,,,0,0,,0,0,0,,,0,0,51.5,17,33,0,48.5,16,0.0,0,0.0,0,0,0,,,0.0,1.5,10,82.8,,0,0,7.7,2,10,0,64.3,91.5,0,20,14.6,26,178,24,81.5,145,91.8,29,30.2,0,175,147,6.1,7.3,1.21,0,,0,,,0,0,,0,0,0,,,0,0,,0,0,0,,0,0.0,0,0.0,0,0,0,,,,25,-3.4,2,72.7,,0,0,20.0,2,2,0,35.3,63.3,0,18,16.0,4,25,8,80.0,20,82.8,11,11.5,0,53,77,9.6,6.6,2.65,,0,,,0,0,,0,0,0,,,0,0,35.0,7,20,0,50.0,10,0.0,0,0.0,0,0,0,,,0.0,15.0,0,0.0,,0,0,,0,0,0,,60.0,0,0,21.9,7,32,0,75.0,24,39.6,1,1.0,0,0,0,,,0.0,2.7,5,80.0,,0,0,7.7,1,5,0,61.8,91.9,0,25,11.0,8,73,12,82.2,60,128.8,15,15.6,3,81,49,4.1,6.8,1.35,15.0,0,0.0,,0,0,,0,0,0,,60.0,0,0,0.0,0,1,0,100.0,1,39.6,1,1.0,0,0,0,,,0.0,0,-3.1,5,87.5,,0,0,0.0,0,0,1,75.6,50.9,0,9,0.0,0,31,7,90.3,28,80.7,8,8.3,0,27,50,7.1,3.9,0.96,,,,0,,,0,0,,0,0,0,0,0,50.0,16,32,0,40.6,13,0.0,0,0.0,0,0,0,,,0.0,,0,,,0,0,,0,0,0,,,0,0,30.0,12,40,0,70.0,28,0.0,0,0.0,0,0,0,,,0.0,1.8,0,66.7,,0,0,0.0,0,0,0,73.4,64.4,0,5,27.5,14,51,4,66.7,34,70.1,6,6.3,0,12,6,1.5,3.0,0.35,1.9,15,80.0,,0,0,7.0,3,15,0,67.6,93.3,0,25,0.0,0,53,40,94.3,50,109.0,50,52.1,3,268,202,5.1,6.7,5.36
Laviska Shenault Jr.,61220,WR,JAX,16,95,-3.5,6,100.0,100.0,1,1,0.0,0,3,1,84.5,76.9,0,11,0.0,0,22,22,100.0,22,82.0,22,23.2,0,81,158,7.2,3.7,3.68,-3.6,5,100.0,,0,0,0.0,0,2,1,80.0,68.7,0,11,0.0,0,37,13,91.9,34,84.6,13,13.7,0,56,103,7.9,4.3,1.65,23.0,0,0.0,0.0,0,1,,0,0,0,,57.6,1,0,0.0,0,6,0,100.0,6,0.0,2,2.1,0,0,0,,,0.0,13.5,5,37.5,,0,0,0.0,0,3,0,70.5,92.8,0,58,2.4,1,41,3,92.7,38,75.5,8,8.4,0,81,39,13.0,27.0,2.13,4.4,6,68.2,33.3,1,3,21.1,4,9,0,29.5,82.6,1,24,1.1,1,94,15,97.9,92,71.8,22,23.2,0,168,95,6.3,11.2,1.83,0,28.5,0,16.7,0.0,0,2,0.0,0,1,0,64.7,77.5,1,52,0.0,0,8,1,75.0,6,23.6,6,6.3,0,52,5,5.0,52.0,8.67,15,-4.0,0,100.0,,0,0,0.0,0,0,0,72.1,83.2,0,8,0.0,0,12,4,100.0,12,81.3,4,4.2,0,14,30,7.5,3.5,1.17,26.5,0,0.0,0.0,0,1,,0,0,0,,57.9,0,0,0.0,0,28,0,75.0,21,39.6,2,2.1,0,0,0,,,0.0,14.2,0,20.0,0.0,0,3,50.0,1,1,0,28.9,57.6,0,14,4.2,1,24,1,87.5,21,39.6,5,5.3,0,14,0,0.0,14.0,0.67,4.5,2,53.3,,0,0,33.3,4,5,0,27.8,67.1,0,16,0.0,0,51,8,94.1,48,67.6,15,15.8,0,76,42,5.3,9.5,1.58,13.7,5,33.3,0.0,0,3,28.6,2,5,0,29.3,85.9,0,58,0.0,0,16,5,93.8,15,61.8,15,15.8,0,115,46,9.2,23.0,7.67,0,-2.8,1,100.0,100.0,1,1,0.0,0,1,0,73.4,73.1,0,10,0.0,0,12,5,100.0,12,79.2,5,5.3,0,11,25,5.0,2.2,0.92,64.7,88.8,36.0,0,50.0,,0,0,0.0,0,1,0,0,52,6.3,1,16,1,75.0,12,95.8,2,2.1,0,52,5,5.0,52.0,4.33,13.0,0,50.0,,0,0,50.0,1,1,0,28.9,59.0,0,20,0.0,0,27,1,92.6,25,85.4,2,2.1,0,20,7,7.0,20.0,0.8,5.5,1,80.0,0.0,0,1,0.0,0,7,0,79.4,92.5,0,20,3.6,2,55,12,92.7,51,101.9,15,15.8,0,127,63,5.3,10.6,2.49,4.8,9,67.3,25.0,1,4,18.6,8,21,0,29.2,90.2,1,24,0.0,0,53,35,98.1,52,79.9,52,54.7,0,371,200,5.7,10.6,7.13
Courtland Sutton,48164,WR,DEN,17,95,-2.0,0,100.0,,0,0,0.0,0,0,0,68.3,61.3,0,4,0.0,0,2,2,100.0,2,81.3,2,2.1,0,7,11,5.5,3.5,3.5,-3.0,0,100.0,,0,0,0.0,0,0,0,64.7,60.4,0,4,0.0,0,26,1,96.2,25,83.3,1,1.1,0,4,7,7.0,4.0,0.16,41.1,0,28.6,33.3,1,3,0.0,0,2,0,68.3,88.0,1,55,0.0,0,12,2,100.0,12,35.7,7,7.4,0,81,12,6.0,40.5,6.75,13.3,0,66.7,,0,0,0.0,0,8,0,77.3,90.9,0,18,0.0,0,41,8,87.8,36,100.0,12,12.6,0,122,20,2.5,15.3,3.39,5.5,2,87.0,66.7,4,6,0.0,0,9,0,84.1,93.4,0,12,0.0,0,134,20,97.0,130,108.3,23,24.2,1,150,37,1.9,7.5,1.15,0,32.8,0,31.0,40.0,4,10,0.0,0,9,0,77.3,93.8,1,55,0.0,0,35,9,82.9,29,70.5,29,30.5,1,316,43,4.8,35.1,10.9,10,,0,,,0,0,,0,0,0,,,0,0,0.0,0,15,0,93.3,14,0.0,0,0.0,0,0,0,,,0.0,30.6,0,33.3,50.0,2,4,0.0,0,4,0,72.1,89.3,0,44,0.0,0,33,4,78.8,26,106.3,12,12.6,1,140,15,3.8,35.0,5.38,13.5,0,33.3,0.0,0,2,0.0,0,2,0,68.3,79.8,2,14,0.0,0,24,2,91.7,22,8.3,6,6.3,0,26,2,1.0,13.0,1.18,5.5,0,75.0,50.0,1,2,14.3,1,2,0,49.2,67.4,0,13,0.0,0,54,6,96.3,52,92.7,8,8.4,0,54,22,3.7,9.0,1.04,13.3,0,56.0,0.0,0,2,0.0,0,14,0,81.7,93.9,2,18,0.0,0,31,14,80.6,25,48.1,25,26.3,0,196,25,1.8,14.0,7.84,0,-1.0,0,100.0,,0,0,0.0,0,0,0,64.7,61.2,0,3,0.0,0,21,1,100.0,21,79.2,1,1.1,0,3,4,4.0,3.0,0.14,70.5,93.0,29.7,0,30.0,33.3,1,3,0.0,0,3,0,0,33,0.0,0,28,3,89.3,25,66.7,10,10.5,0,95,16,5.3,31.7,3.8,13.1,0,57.1,,0,0,0.0,0,4,0,73.4,93.4,0,13,0.0,0,29,4,93.1,27,78.3,7,7.4,0,48,3,0.8,12.0,1.78,6.4,1,87.5,0.0,0,1,0.0,0,1,0,75.6,90.2,0,9,0.0,0,58,7,96.6,56,94.3,8,8.4,0,53,7,1.0,7.6,0.95,5.7,3,84.6,55.6,5,9,2.9,1,12,0,79.4,93.1,0,13,0.0,0,40,33,97.5,39,102.7,39,41.1,1,257,66,2.0,7.8,6.59
Tyler Boyd,10689,WR,CIN,18,95,-2.8,3,87.5,,0,0,0.0,0,1,1,75.6,63.0,0,12,0.0,0,8,7,100.0,8,83.9,8,8.4,0,33,53,7.6,4.7,4.13,-2.8,3,87.5,,0,0,0.0,0,1,1,75.6,63.0,0,12,0.0,0,28,7,100.0,28,83.9,8,8.4,0,33,53,7.6,4.7,1.18,36.0,0,0.0,0.0,0,1,,0,0,0,27.9,39.6,0,0,0.0,0,10,0,90.0,9,39.6,1,1.1,0,0,0,,,0.0,14.2,0,75.0,100.0,4,4,0.0,0,8,0,77.3,96.3,1,68,0.0,0,45,9,93.3,42,109.7,12,12.6,1,197,75,8.3,21.9,4.69,4.7,6,83.7,71.4,5,7,0.0,0,17,0,90.0,95.2,2,33,0.0,0,165,36,96.4,159,89.8,43,45.3,1,359,201,5.6,10.0,2.26,0,26.7,0,28.6,0.0,0,2,0.0,0,2,0,29.9,84.2,0,56,0.0,0,8,2,87.5,7,117.3,7,7.4,1,85,37,18.5,42.5,12.14,7,,0,,,0,0,,0,0,0,,,0,0,0.0,0,19,0,89.5,17,0.0,0,0.0,0,0,0,,,0.0,23.7,0,66.7,,0,0,0.0,0,2,0,68.3,94.7,0,56,0.0,0,17,2,94.1,16,149.3,3,3.2,1,85,37,18.5,42.5,5.31,17.0,0,100.0,100.0,1,1,0.0,0,3,0,72.1,95.1,0,20,0.0,0,21,3,76.2,16,158.3,3,3.2,1,44,2,0.7,14.7,2.75,4.7,0,60.0,50.0,1,2,0.0,0,3,0,74.6,89.3,1,12,0.0,0,60,6,96.7,58,34.2,10,10.5,0,52,21,3.5,8.7,0.9,15.0,0,81.0,100.0,5,5,0.0,0,16,0,82.7,98.8,1,68,0.0,0,22,17,95.5,21,138.5,21,22.1,4,314,86,5.1,18.5,14.95,0,,0,,,0,0,,0,0,0,,,0,0,0.0,0,11,0,90.9,10,0.0,0,0.0,0,0,0,,,0.0,,56.7,26.7,0,0.0,0.0,0,1,,0,0,0,0,0,0.0,0,44,0,90.9,40,39.6,3,3.2,0,0,0,,,0.0,15.7,0,83.3,,0,0,0.0,0,5,0,73.4,93.8,0,21,0.0,0,39,5,94.9,37,156.9,6,6.3,2,73,9,1.8,14.6,1.97,4.7,0,83.3,100.0,1,1,0.0,0,1,0,73.4,69.7,0,10,3.1,2,64,5,96.9,62,86.1,6,6.3,0,28,5,1.0,5.6,0.45,4.7,6,79.7,70.0,7,10,0.0,0,21,0,90.4,95.1,3,33,0.0,0,62,47,95.2,59,82.1,59,62.1,1,439,227,4.8,9.3,7.44
Russell Gage,44771,WR,ATL,14,93,-2.7,3,100.0,,0,0,0.0,0,4,1,77.3,82.0,0,24,0.0,0,9,9,100.0,9,102.3,9,9.7,0,77,101,11.2,8.6,8.56,-2.8,2,100.0,,0,0,0.0,0,3,0,74.6,91.1,0,24,0.0,0,26,6,100.0,26,106.9,6,6.5,0,58,75,12.5,9.7,2.23,33.5,0,50.0,50.0,1,2,0.0,0,2,0,68.3,94.0,0,49,0.0,0,7,2,85.7,6,135.4,4,4.3,1,70,3,1.5,35.0,11.67,13.5,0,61.9,71.4,5,7,23.5,4,12,1,28.9,90.6,0,20,0.0,0,51,13,100.0,51,109.6,21,22.6,1,202,28,2.2,15.5,3.96,5.5,4,80.0,33.3,2,6,0.0,0,8,0,85.3,93.2,2,16,0.0,0,115,24,97.4,112,68.5,30,32.3,0,213,84,3.5,8.9,1.9,0,28.8,0,46.2,80.0,4,5,0.0,0,6,0,74.6,97.9,1,49,0.0,0,13,6,100.0,13,100.2,13,14.0,2,173,10,1.7,28.8,13.31,2,-3.0,0,100.0,,0,0,0.0,0,0,1,64.7,29.3,0,4,0.0,0,11,1,90.9,10,83.3,1,1.1,0,4,7,7.0,4.0,0.4,26.0,0,0.0,,0,0,,0,0,0,,56.6,0,0,0.0,0,12,0,83.3,10,39.6,4,4.3,0,0,0,,,0.0,15.0,0,100.0,,0,0,0.0,0,2,0,68.3,90.7,0,19,0.0,0,10,2,100.0,10,118.8,2,2.2,0,32,2,1.0,16.0,3.2,3.9,0,75.0,,0,0,14.3,1,3,0,49.2,68.2,1,9,0.0,0,32,6,90.6,29,44.8,8,8.6,0,38,14,2.3,6.3,1.31,13.7,0,62.5,71.4,5,7,21.1,4,14,1,29.5,91.8,0,20,0.0,0,24,15,100.0,24,108.7,24,25.8,1,234,30,2.0,15.6,9.75,0,-2.0,1,100.0,,0,0,0.0,0,1,0,68.3,76.7,0,14,0.0,0,9,2,100.0,9,97.9,2,2.2,0,15,19,9.5,7.5,1.67,72.1,98.2,27.4,0,80.0,100.0,3,3,0.0,0,4,0,1,36,0.0,0,17,4,100.0,17,118.8,5,5.4,1,103,7,1.8,25.8,6.06,14.0,0,0.0,,0,0,,0,0,0,,59.3,0,0,0.0,0,12,0,91.7,11,39.6,1,1.1,0,0,0,,,0.0,4.8,0,66.7,0.0,0,1,0.0,0,2,0,74.6,78.3,1,9,0.0,0,39,6,94.9,37,71.3,9,9.7,1,35,16,2.7,5.8,0.95,5.1,4,76.6,28.6,2,7,2.7,1,13,0,80.4,92.4,4,16,0.0,0,48,36,97.9,47,63.0,47,50.5,1,287,115,3.2,8.0,6.11
A.J. Green,6156,WR,ARZ,17,93,-1.4,1,100.0,,0,0,0.0,0,3,0,75.6,69.5,0,9,0.0,0,7,7,100.0,7,124.7,7,7.5,1,31,41,5.9,4.4,4.43,,0,,,0,0,,0,0,0,,,0,0,0.0,0,63,0,100.0,63,0.0,0,0.0,0,0,0,,,0.0,25.3,0,66.7,100.0,1,1,0.0,0,2,0,68.3,92.2,0,36,0.0,0,14,2,85.7,12,109.7,3,3.2,0,59,3,1.5,29.5,4.92,14.1,0,78.6,40.0,2,5,8.3,1,11,0,62.1,96.8,0,34,0.0,0,49,11,95.9,47,118.8,14,15.1,0,187,31,2.8,17.0,3.98,5.6,0,45.5,0.0,0,2,16.7,1,1,0,45.8,58.0,0,9,0.0,0,120,5,97.5,117,54.7,11,11.8,0,39,11,2.2,7.8,0.33,0,27.1,2,54.5,57.1,4,7,0.0,0,12,0,80.6,99.0,0,42,0.0,0,25,12,88.0,22,114.8,22,23.7,1,390,67,5.6,32.5,17.73,1,,0,,,0,0,,0,0,0,,,0,0,0.0,0,19,0,100.0,19,0.0,0,0.0,0,0,0,,,0.0,27.0,1,50.0,,0,0,0.0,0,1,0,64.7,90.3,0,34,0.0,0,29,1,93.1,27,95.8,2,2.2,0,34,14,14.0,34.0,1.26,13.5,0,50.0,50.0,1,2,0.0,0,1,0,64.7,77.3,0,13,0.0,0,22,1,77.3,17,70.8,2,2.2,0,13,0,0.0,13.0,0.76,,0,,,0,0,,0,0,0,,,0,0,0.0,0,34,0,94.1,32,0.0,0,0.0,0,0,0,,,0.0,13.1,0,48.5,46.2,6,13,11.1,2,15,0,54.5,95.0,1,34,0.0,0,35,16,94.3,33,71.9,33,35.5,1,253,34,2.1,15.8,7.67,0,-1.4,1,100.0,,0,0,0.0,0,3,0,75.6,69.5,0,9,0.0,0,23,7,100.0,23,124.7,7,7.5,1,31,41,5.9,4.4,1.35,78.7,98.0,27.4,1,52.9,50.0,3,6,0.0,0,9,0,0,42,0.0,0,34,9,85.3,29,117.9,17,18.3,1,297,50,5.6,33.0,10.24,12.2,0,23.5,50.0,3,6,20.0,1,3,0,41.6,75.5,1,14,0.0,0,32,4,93.8,30,35.2,17,18.3,1,53,3,0.8,13.3,1.77,6.7,4,70.0,75.0,3,4,0.0,0,6,0,64.4,88.6,1,27,0.0,0,43,14,97.7,42,67.7,20,21.5,0,135,41,2.9,9.6,3.21,6.3,4,61.3,50.0,3,6,5.0,1,7,0,56.9,81.0,1,27,0.0,0,32,19,96.9,31,63.1,31,33.3,0,174,52,2.7,9.2,5.61
Leonard Fournette,11759,HB,TB,15,92,-3.4,6,90.7,,0,0,7.1,3,14,1,65.7,90.1,2,23,0.0,0,44,39,97.7,43,68.6,43,46.7,0,220,353,9.1,5.6,5.12,-4.0,3,84.6,,0,0,12.0,3,9,1,49.3,58.7,2,16,2.0,1,49,22,98.0,48,54.5,26,28.3,0,124,214,9.7,5.6,2.58,,0,,,0,0,,0,0,0,,,0,0,0.0,0,6,0,100.0,6,0.0,0,0.0,0,0,0,,,0.0,,0,,,0,0,,0,0,0,,,0,0,10.3,6,58,0,87.9,51,0.0,0,0.0,0,0,0,,,0.0,3.1,3,78.1,0.0,0,3,7.4,2,10,0,63.2,91.0,0,15,7.8,9,116,25,89.7,104,91.5,32,34.8,0,191,116,4.6,7.6,1.84,0,30.0,0,0.0,0.0,0,1,,0,0,0,,57.5,0,0,0.0,0,2,0,50.0,1,39.6,1,1.1,0,0,0,,,0.0,30,-2.3,0,100.0,,0,0,0.0,0,3,0,78.7,91.9,0,13,4.2,1,24,10,91.7,22,85.0,10,10.9,0,44,67,6.7,4.4,2.0,30.0,0,0.0,0.0,0,1,,0,0,0,,59.9,0,0,12.5,2,16,0,75.0,12,39.6,1,1.1,0,0,0,,,0.0,,0,,,0,0,,0,0,0,,,0,0,8.3,2,24,0,87.5,21,0.0,0,0.0,0,0,0,,,0.0,2.9,0,87.5,,0,0,12.5,1,1,0,54.5,58.0,0,6,13.3,6,45,7,77.8,35,122.4,8,8.7,1,31,10,1.4,4.4,0.89,,0,,,0,0,,0,0,0,,,0,0,,0,0,0,,0,0.0,0,0.0,0,0,0,,,,0,-2.9,3,100.0,,0,0,0.0,0,2,0,75.6,91.9,0,23,20.0,3,15,7,80.0,12,97.6,7,7.6,0,52,72,10.3,7.4,4.33,,59.3,,0,,,0,0,,0,0,0,0,0,21.7,5,23,0,65.2,15,0.0,0,0.0,0,0,0,,,0.0,,0,,,0,0,,0,0,0,,,0,0,5.0,1,20,0,90.0,18,0.0,0,0.0,0,0,0,,,0.0,3.4,4,87.5,50.0,1,2,12.5,1,7,0,52.1,89.2,0,19,6.5,2,31,7,93.5,29,141.7,8,8.7,1,68,46,6.6,9.7,2.34,3.1,7,81.3,20.0,1,5,9.3,4,18,0,57.5,90.7,0,19,0.0,0,50,39,96.0,48,105.7,48,52.2,2,290,172,4.4,7.4,6.04
Tyler Higbee,10744,TE,LA,17,91,-3.1,1,100.0,,0,0,0.0,0,4,1,79.4,90.6,0,17,0.0,0,12,11,91.7,11,93.9,11,12.1,0,72,106,9.6,6.5,6.55,-3.3,1,100.0,,0,0,0.0,0,3,1,78.0,90.0,0,17,5.4,2,37,9,89.2,33,92.1,9,9.9,0,55,85,9.4,6.1,1.67,24.0,0,50.0,,0,0,0.0,0,1,0,64.7,91.4,0,29,25.0,7,28,1,67.9,19,95.8,2,2.2,0,29,5,5.0,29.0,1.53,12.7,1,70.0,100.0,2,2,0.0,0,7,0,75.6,95.1,0,22,11.3,9,80,7,83.8,67,139.2,10,11.0,1,109,21,3.0,15.6,1.63,4.8,2,92.0,100.0,6,6,0.0,0,15,0,84.9,96.9,2,26,1.6,2,126,23,97.6,123,79.5,25,27.5,1,197,93,4.0,8.6,1.6,0,22.8,0,50.0,,0,0,0.0,0,2,0,68.3,95.0,0,37,0.0,0,5,2,80.0,4,95.8,4,4.4,0,66,22,11.0,33.0,16.5,26,,0,,,0,0,,0,0,0,,,0,0,4.8,1,21,0,85.7,18,0.0,0,0.0,0,0,0,,,0.0,23.0,0,0.0,,0,0,,0,0,0,,59.1,0,0,14.8,4,27,0,63.0,17,39.6,1,1.1,0,0,0,,,0.0,15.5,0,50.0,100.0,1,1,0.0,0,1,0,64.7,86.8,0,22,16.7,6,36,1,83.3,30,89.6,2,2.2,0,22,4,4.0,22.0,0.73,2.9,0,63.6,0.0,0,1,22.2,2,0,0,31.8,58.0,0,8,10.3,6,58,7,89.7,52,70.6,11,12.1,0,41,28,4.0,5.9,0.79,14.4,1,64.7,100.0,4,4,0.0,0,11,0,78.7,97.5,0,22,0.0,0,17,11,100.0,17,139.2,17,18.7,3,178,26,2.4,16.2,10.47,0,-2.0,0,100.0,,0,0,0.0,0,1,0,68.3,75.6,0,12,9.1,2,22,2,90.9,20,102.1,2,2.2,0,17,21,10.5,8.5,0.85,64.7,94.7,20.0,0,100.0,,0,0,0.0,0,1,0,0,37,23.8,5,21,1,71.4,15,118.8,1,1.1,0,37,17,17.0,37.0,2.47,17.4,0,60.0,100.0,1,1,0.0,0,3,0,70.5,95.4,0,19,17.9,5,28,3,82.1,23,130.8,5,5.5,2,47,1,0.3,15.7,2.04,4.3,0,60.9,20.0,1,5,12.5,2,7,0,49.8,90.6,1,16,3.7,3,82,14,96.3,79,67.8,23,25.3,1,103,42,3.0,7.4,1.3,4.3,2,74.6,58.3,7,12,8.3,4,22,0,60.5,95.0,3,26,0.0,0,59,44,100.0,59,78.4,59,64.8,2,341,163,3.7,7.8,5.78
Brandon Aiyuk,84109,WR,SF,19,90,-2.6,2,90.0,,0,0,10.0,1,2,0,60.2,77.6,0,17,0.0,0,12,9,83.3,10,122.5,10,11.1,1,54,76,8.4,6.0,5.4,-3.4,1,80.0,,0,0,20.0,1,1,0,45.8,69.7,0,17,0.0,0,43,4,97.7,42,82.5,5,5.6,0,19,32,8.0,4.8,0.45,20.0,0,100.0,,0,0,0.0,0,1,0,64.7,89.9,0,37,0.0,0,13,1,76.9,10,118.8,1,1.1,0,37,17,17.0,37.0,3.7,14.8,7,80.0,100.0,4,4,5.9,1,15,1,66.7,99.2,0,43,0.0,0,79,16,93.7,74,158.3,20,22.2,3,349,139,8.7,21.8,4.72,6.3,7,69.2,44.4,4,9,5.3,1,10,0,69.6,93.8,0,21,0.0,0,158,18,98.7,156,92.3,26,28.9,0,203,90,5.0,11.3,1.3,0,25.1,0,22.2,0.0,0,2,0.0,0,2,0,68.3,90.2,0,37,0.0,0,11,2,81.8,9,61.3,9,10.0,0,74,28,14.0,37.0,8.22,28,-1.5,1,100.0,,0,0,0.0,0,1,0,68.3,88.1,0,12,6.3,1,16,2,93.8,15,131.3,2,2.2,1,12,15,7.5,6.0,0.8,23.8,0,0.0,,0,0,,0,0,0,,44.4,0,0,0.0,0,10,0,100.0,10,39.6,4,4.4,0,0,0,,,0.0,15.1,0,28.6,0.0,0,2,0.0,0,2,0,68.3,76.9,0,31,0.0,0,23,2,91.3,21,55.1,7,7.8,0,47,12,6.0,23.5,2.24,6.0,0,50.0,100.0,1,1,0.0,0,1,0,64.7,76.2,0,6,0.0,0,31,1,93.5,29,56.3,2,2.2,0,6,0,0.0,6.0,0.21,14.6,9,72.2,70.0,7,10,3.7,1,23,1,74.9,99.9,0,43,0.0,0,38,26,94.7,36,151.4,36,40.0,4,530,183,7.0,20.4,14.72,0,-2.0,0,100.0,,0,0,0.0,0,0,0,72.1,62.2,0,7,0.0,0,11,3,90.9,10,84.7,3,3.3,0,13,19,6.3,4.3,1.3,64.7,91.9,27.8,0,25.0,0.0,0,2,0.0,0,1,0,0,37,0.0,0,20,1,100.0,20,65.6,4,4.4,0,37,11,11.0,37.0,1.85,13.7,2,88.9,75.0,3,4,0.0,0,6,0,76.5,97.3,0,34,0.0,0,20,8,95.0,19,155.8,9,10.0,1,134,32,4.0,16.8,7.05,4.4,0,71.4,33.3,1,3,0.0,0,2,0,73.4,77.8,0,11,0.0,0,45,5,93.3,42,76.5,7,7.8,0,25,8,1.6,5.0,0.6,5.9,7,68.6,46.2,6,13,4.0,1,13,0,74.2,93.8,0,21,0.0,0,36,24,97.2,35,87.1,35,38.9,0,234,98,4.1,9.8,6.69
Odell Beckham Jr.,8647,WR,LA,16,90,-2.1,2,100.0,,0,0,0.0,0,1,0,76.5,83.1,0,8,0.0,0,8,7,87.5,7,83.3,7,7.8,0,28,43,6.1,4.0,4.0,-2.4,0,100.0,,0,0,0.0,0,1,0,73.4,71.0,0,7,0.0,0,40,5,92.5,37,79.2,5,5.6,0,14,26,5.2,2.8,0.38,36.7,0,0.0,,0,0,,0,0,0,,56.4,2,0,0.0,0,18,0,88.9,16,0.0,3,3.3,0,0,0,,,0.0,13.5,0,76.9,66.7,2,3,0.0,0,9,0,78.7,95.8,0,27,0.0,0,58,10,91.4,53,118.3,13,14.4,0,177,36,3.6,17.7,3.34,4.3,0,68.4,66.7,4,6,13.3,2,7,0,49.6,91.3,0,40,0.0,0,99,13,98.0,97,103.6,19,21.1,1,123,70,5.4,9.5,1.27,0,32.6,0,20.0,0.0,0,2,0.0,0,4,0,72.1,90.8,3,54,0.0,0,24,4,83.3,20,31.0,20,22.2,1,129,23,5.8,32.3,6.45,26,-2.0,1,100.0,,0,0,0.0,0,0,0,68.3,76.3,0,8,0.0,0,11,1,90.9,10,100.0,1,1.1,0,8,10,10.0,8.0,0.8,34.6,0,20.0,0.0,0,1,0.0,0,1,0,64.7,77.4,0,54,0.0,0,21,1,85.7,18,111.7,5,5.6,1,54,19,19.0,54.0,3.0,14.0,0,66.7,33.3,1,3,0.0,0,8,0,76.5,93.4,0,31,0.0,0,26,8,100.0,26,128.5,12,13.3,1,124,17,2.1,15.5,4.77,4.5,0,100.0,100.0,1,1,0.0,0,1,0,68.3,60.9,0,7,0.0,0,35,2,94.3,33,93.8,2,2.2,0,13,4,2.0,6.5,0.39,13.7,0,65.6,57.1,4,7,0.0,0,19,0,84.5,97.1,0,31,0.0,0,33,21,97.0,32,120.6,32,35.6,2,330,52,2.5,15.7,10.31,0,-1.0,1,100.0,,0,0,0.0,0,0,0,64.7,78.8,0,6,0.0,0,13,1,100.0,13,91.7,1,1.1,0,6,7,7.0,6.0,0.46,70.5,91.8,30.7,0,25.0,0.0,0,1,0.0,0,3,0,1,26,0.0,0,22,3,86.4,19,18.4,12,13.3,0,75,4,1.3,25.0,3.95,13.3,0,42.9,100.0,1,1,0.0,0,2,0,70.5,91.2,0,13,0.0,0,27,3,100.0,27,94.6,7,7.8,1,29,-1,-0.3,9.7,1.07,4.4,0,70.0,100.0,1,1,22.2,2,2,0,32.2,72.3,0,8,0.0,0,53,7,98.1,52,115.4,10,11.1,2,37,10,1.4,5.3,0.71,4.4,0,71.0,75.0,6,8,15.4,4,10,0,40.2,90.2,0,40,0.0,0,32,22,96.9,31,116.7,31,34.4,3,173,84,3.8,7.9,5.58
Van Jefferson,47447,WR,LA,19,90,-2.8,0,100.0,,0,0,0.0,0,1,0,72.1,72.7,0,18,0.0,0,4,4,100.0,4,87.5,4,4.4,0,20,31,7.8,5.0,5.0,-3.0,0,100.0,,0,0,0.0,0,0,0,64.7,61.0,0,6,0.0,0,42,1,90.5,38,91.7,1,1.1,0,6,9,9.0,6.0,0.16,40.9,0,75.0,100.0,1,1,0.0,0,6,0,74.6,99.8,1,79,0.0,0,28,6,89.3,25,116.7,8,8.9,2,299,64,10.7,49.8,11.96,15.4,0,47.6,0.0,0,2,28.6,4,10,0,28.1,86.6,0,22,0.0,0,82,10,91.5,75,105.7,21,23.3,2,162,24,2.4,16.2,2.16,4.7,0,57.1,100.0,3,3,27.3,3,2,0,28.8,59.4,0,10,0.0,0,136,8,97.1,132,65.2,14,15.6,0,52,7,0.9,6.5,0.39,0,34.4,0,47.1,33.3,1,3,11.1,1,8,0,54.5,96.5,1,79,0.0,0,22,8,77.3,17,108.5,17,18.9,3,386,85,10.6,48.3,22.71,26,-4.0,0,100.0,,0,0,0.0,0,0,0,64.7,60.8,0,-4,0.0,0,20,1,100.0,20,79.2,1,1.1,0,-4,0,0.0,-4.0,-0.2,22.5,0,25.0,,0,0,50.0,1,1,0,28.8,56.2,0,20,0.0,0,26,1,76.9,20,47.9,4,4.4,0,20,0,0.0,20.0,1.0,14.4,0,75.0,50.0,1,2,0.0,0,6,0,74.6,96.6,0,33,0.0,0,33,6,97.0,32,156.3,8,8.9,1,110,30,5.0,18.3,3.44,4.5,2,84.6,66.7,2,3,0.0,0,5,0,78.7,90.7,0,12,0.0,0,63,11,98.4,62,92.9,13,14.4,0,82,37,3.4,7.5,1.32,15.2,0,48.6,20.0,1,5,22.7,5,17,0,28.8,93.0,0,33,0.0,0,37,17,94.6,35,105.1,35,38.9,3,285,55,3.2,16.8,8.14,0,-2.0,0,100.0,,0,0,0.0,0,1,0,68.3,76.4,0,18,0.0,0,25,2,100.0,25,104.2,2,2.2,0,18,22,11.0,9.0,0.72,64.7,78.9,33.4,0,20.0,0.0,0,2,0.0,0,1,0,0,67,0.0,0,19,1,89.5,17,118.8,5,5.6,1,67,21,21.0,67.0,3.94,15.5,0,16.7,0.0,0,1,50.0,1,1,0,28.9,57.1,0,13,0.0,0,26,1,100.0,26,39.6,6,6.7,0,13,1,1.0,13.0,0.5,4.1,1,71.4,33.3,1,3,0.0,0,2,0,73.4,85.3,0,18,0.0,0,78,5,100.0,78,89.6,7,7.8,0,47,26,5.2,9.4,0.6,4.5,3,70.6,66.7,6,9,11.1,3,9,0,51.8,86.0,0,18,0.0,0,34,24,100.0,34,83.1,34,37.8,0,181,70,2.9,7.5,5.32
Cole Kmet,60995,TE,CHI,17,89,-2.0,0,80.0,,0,0,0.0,0,1,0,72.1,78.8,0,11,0.0,0,5,4,100.0,5,91.7,5,5.6,0,30,39,9.8,7.5,6.0,-2.3,0,100.0,,0,0,0.0,0,1,0,72.1,82.0,0,11,7.7,3,39,4,87.2,34,97.9,4,4.5,0,30,39,9.8,7.5,0.88,24.0,0,50.0,50.0,1,2,0.0,0,2,0,68.3,91.7,0,23,17.6,3,17,2,76.5,13,89.6,4,4.5,0,44,2,1.0,22.0,3.38,13.0,3,52.9,40.0,2,5,10.0,1,7,0,56.7,95.1,2,24,12.2,6,49,9,81.6,40,44.4,17,19.1,0,154,38,4.2,17.1,3.85,4.7,3,72.5,45.5,5,11,9.4,3,12,0,57.8,91.8,0,16,2.3,3,130,29,96.2,125,85.7,40,44.9,0,223,106,3.7,7.7,1.78,0,24.9,0,33.3,50.0,1,2,0.0,0,3,0,70.5,94.2,0,25,0.0,0,9,3,100.0,9,61.8,9,10.1,0,69,2,0.7,23.0,7.67,6,,0,,,0,0,,0,0,0,,,0,0,0.0,0,9,0,88.9,8,0.0,0,0.0,0,0,0,,,0.0,25.7,0,33.3,,0,0,0.0,0,1,0,64.7,93.1,0,25,41.2,7,17,1,52.9,9,64.6,3,3.4,0,25,0,0.0,25.0,2.78,12.5,0,100.0,,0,0,0.0,0,2,0,70.5,72.5,0,16,8.8,3,34,2,79.4,27,118.8,2,2.2,0,27,2,1.0,13.5,1.0,3.3,1,75.0,0.0,0,1,25.0,1,0,0,36.2,45.5,0,12,6.4,3,47,3,80.9,38,94.8,4,4.5,0,29,21,7.0,9.7,0.76,12.8,3,59.1,50.0,3,6,7.1,1,11,0,64.4,94.8,2,24,0.0,0,26,13,84.6,22,52.1,22,24.7,0,204,42,3.2,15.7,9.27,0,-1.0,0,0.0,,0,0,,0,0,0,,59.8,0,0,0.0,0,11,0,100.0,11,39.6,1,1.1,0,0,0,,,0.0,,57.7,25.5,0,0.0,,0,0,,0,0,0,0,0,30.8,8,26,0,65.4,17,39.6,2,2.2,0,0,0,,,0.0,12.0,0,66.7,100.0,1,1,0.0,0,2,0,68.3,86.5,0,12,19.4,6,31,2,67.7,21,89.6,3,3.4,0,23,2,1.0,11.5,1.1,2.6,0,88.9,,0,0,0.0,0,2,0,76.5,80.0,0,15,17.7,11,62,8,77.4,48,93.1,9,10.1,0,57,36,4.5,7.1,1.19,4.2,4,75.5,41.7,5,12,9.1,4,14,0,58.3,91.0,0,16,0.0,0,54,40,98.1,53,89.3,53,59.6,0,309,163,4.1,7.7,5.83
Noah Fant,42388,TE,DEN,16,88,-3.1,1,71.4,,0,0,0.0,0,0,0,73.4,64.3,0,9,0.0,0,7,5,100.0,7,74.1,7,8.0,0,19,35,7.0,3.8,2.71,-4.5,1,75.0,,0,0,0.0,0,0,0,70.5,64.7,0,9,0.0,0,21,3,100.0,21,82.3,4,4.5,0,17,30,10.0,5.7,0.81,23.0,0,0.0,0.0,0,1,,0,0,0,,59.0,0,0,9.1,1,11,0,81.8,9,39.6,1,1.1,0,0,0,,,0.0,15.2,0,83.3,100.0,2,2,0.0,0,5,0,73.4,95.6,0,26,11.4,4,35,5,85.7,30,118.8,6,6.8,0,86,12,2.4,17.2,2.87,4.7,1,79.2,40.0,2,5,5.0,1,6,0,69.9,89.8,0,14,2.8,3,107,19,95.3,102,119.8,24,27.3,2,146,59,3.1,7.7,1.43,0,23.5,0,50.0,0.0,0,1,0.0,0,3,0,70.5,95.4,0,32,0.0,0,6,3,100.0,6,95.8,6,6.8,0,78,5,1.7,26.0,13.0,10,-2.0,0,100.0,,0,0,0.0,0,0,0,64.7,61.8,0,1,7.1,1,14,1,85.7,12,79.2,1,1.1,0,1,3,3.0,1.0,0.08,21.0,0,0.0,,0,0,,0,0,0,,60.0,0,0,25.9,7,27,0,66.7,18,39.6,1,1.1,0,0,0,,,0.0,14.2,1,40.0,0.0,0,2,0.0,0,2,0,68.3,91.7,0,25,5.3,1,19,2,84.2,16,69.6,5,5.7,0,41,14,7.0,20.5,2.56,3.3,1,91.7,,0,0,0.0,0,5,0,79.4,95.2,0,28,12.2,6,49,11,81.6,40,130.6,12,13.6,1,104,67,6.1,9.5,2.6,14.8,1,57.1,50.0,2,4,0.0,0,8,0,76.5,96.5,0,26,0.0,0,14,8,100.0,14,112.5,14,15.9,1,131,26,3.3,16.4,9.36,0,-1.0,0,50.0,,0,0,0.0,0,0,0,64.7,60.1,0,1,0.0,0,17,1,100.0,17,56.3,2,2.3,0,1,2,2.0,1.0,0.06,70.5,97.0,24.3,0,75.0,,0,0,0.0,0,3,0,0,32,10.7,3,28,3,78.6,22,116.7,4,4.5,0,78,5,1.7,26.0,3.55,15.0,0,33.3,,0,0,0.0,0,1,0,64.7,85.3,0,4,4.3,1,23,1,91.3,21,81.9,3,3.4,1,4,0,0.0,4.0,0.19,3.4,1,88.0,100.0,2,2,0.0,0,7,0,72.1,91.3,0,35,3.4,2,59,22,94.9,56,98.7,25,28.4,0,192,121,5.5,8.7,3.43,3.9,3,85.2,57.1,4,7,1.9,1,18,0,80.1,93.9,0,35,0.0,0,63,52,96.8,61,113.3,61,69.3,3,442,247,4.8,8.5,7.25
Austin Ekeler,12164,HB,LAC,16,88,-4.3,9,96.3,,0,0,3.7,1,9,2,75.5,72.3,0,19,0.0,0,28,26,96.4,27,133.8,27,30.7,3,195,307,11.8,7.5,7.22,-5.1,6,100.0,,0,0,0.0,0,6,1,81.1,90.0,0,19,3.6,1,28,14,92.9,26,145.2,14,15.9,2,131,202,14.4,9.4,5.04,,0,,,0,0,,0,0,0,,,0,0,0.0,0,8,0,87.5,7,0.0,0,0.0,0,0,0,,,0.0,17.0,0,0.0,,0,0,,0,0,0,,60.0,0,0,12.1,4,33,0,78.8,26,39.6,1,1.1,0,0,0,,,0.0,3.5,3,76.7,50.0,1,2,11.5,3,13,1,50.4,86.6,1,34,9.3,11,118,23,89.8,106,118.1,30,34.1,3,235,159,6.9,10.2,2.22,0,26.0,0,0.0,,0,0,,0,0,0,,56.3,0,0,0.0,0,3,0,66.7,2,39.6,2,2.3,0,0,0,,,0.0,27,-3.9,1,88.9,,0,0,11.1,1,2,0,54.5,65.5,0,11,5.6,1,18,8,88.9,16,87.0,9,10.2,0,44,75,9.4,5.5,2.75,22.0,0,0.0,,0,0,,0,0,0,,60.0,0,0,10.5,2,19,0,78.9,15,39.6,1,1.1,0,0,0,,,0.0,16.0,0,100.0,100.0,1,1,0.0,0,1,0,64.7,91.0,0,20,22.2,6,27,1,77.8,21,118.8,1,1.1,0,20,4,4.0,20.0,0.95,1.7,2,80.0,,0,0,0.0,0,3,1,78.0,78.5,0,40,12.0,6,50,8,80.0,40,137.9,10,11.4,1,91,80,10.0,11.4,2.28,15.0,0,50.0,100.0,1,1,0.0,0,2,0,68.3,95.1,0,20,0.0,0,4,2,100.0,4,118.8,4,4.5,1,34,6,3.0,17.0,8.5,0,-2.5,2,100.0,,0,0,0.0,0,1,1,72.1,35.7,0,17,8.3,1,12,4,91.7,11,127.1,4,4.5,1,20,30,7.5,5.0,1.82,,57.3,30.0,0,0.0,,0,0,,0,0,0,0,0,11.1,2,18,0,77.8,14,39.6,1,1.1,0,0,0,,,0.0,13.5,0,50.0,,0,0,0.0,0,1,0,64.7,78.6,0,14,10.8,4,37,1,73.0,27,112.5,2,2.3,1,14,2,2.0,14.0,0.52,1.7,2,73.3,100.0,1,1,8.3,1,4,0,60.6,87.2,1,17,10.0,6,60,11,86.7,52,61.0,15,17.0,0,92,69,6.3,8.4,1.77,2.7,7,76.4,66.7,2,3,8.7,4,20,2,60.5,91.2,2,40,0.0,0,57,42,96.5,55,106.5,55,62.5,4,418,308,7.3,10.0,7.6
Adam Thielen,8288,WR,MIN,13,86,-2.6,1,100.0,,0,0,0.0,0,2,1,80.6,69.7,0,19,0.0,0,14,13,92.9,13,82.7,13,15.1,0,50,84,6.5,3.8,3.85,-2.0,0,100.0,,0,0,0.0,0,1,0,72.1,71.6,0,7,0.0,0,38,4,97.4,37,86.5,4,4.7,0,19,27,6.8,4.8,0.51,27.6,0,60.0,33.3,1,3,0.0,0,3,0,70.5,92.5,0,21,0.0,0,14,3,85.7,12,142.5,5,5.8,1,61,1,0.3,20.3,5.08,16.6,0,83.3,100.0,4,4,0.0,0,8,0,78.0,95.4,0,25,0.0,0,43,10,95.3,41,158.3,12,14.0,4,166,17,1.7,16.6,4.05,4.7,4,72.7,50.0,3,6,5.9,1,5,0,68.0,82.9,1,24,0.0,0,107,16,97.2,104,80.5,22,25.6,1,114,44,2.8,7.1,1.1,0,29.3,0,50.0,20.0,1,5,0.0,0,5,0,73.4,94.2,1,35,0.0,0,10,5,100.0,10,89.6,10,11.6,1,125,15,3.0,25.0,12.5,18,-3.5,0,100.0,,0,0,0.0,0,0,1,73.4,53.4,0,5,0.0,0,14,4,92.9,13,79.2,4,4.7,0,5,19,4.8,1.3,0.38,31.0,0,40.0,0.0,0,2,0.0,0,2,0,68.3,90.8,1,35,0.0,0,21,2,76.2,16,47.9,5,5.8,0,64,14,7.0,32.0,4.0,14.4,0,80.0,100.0,1,1,0.0,0,4,0,72.1,92.6,0,26,0.0,0,16,4,87.5,14,118.8,5,5.8,0,78,24,6.0,19.5,5.57,3.8,2,87.5,100.0,1,1,0.0,0,4,0,75.6,91.9,0,24,0.0,0,50,7,96.0,48,143.2,8,9.3,1,71,43,6.1,10.1,1.48,15.4,0,76.0,100.0,8,8,5.0,1,17,0,69.6,96.7,0,32,0.0,0,28,19,89.3,25,157.1,25,29.1,4,329,57,3.0,17.3,13.16,0,-2.4,1,100.0,,0,0,0.0,0,1,0,73.4,74.1,0,19,0.0,0,21,5,100.0,21,88.3,5,5.8,0,26,38,7.6,5.2,1.24,,,,0,,,0,0,,0,0,0,0,0,0.0,0,16,0,87.5,14,0.0,0,0.0,0,0,0,,,0.0,14.1,0,62.5,100.0,3,3,16.7,1,5,0,45.8,91.3,0,32,0.0,0,22,5,90.9,20,98.4,8,9.3,0,85,16,3.2,17.0,4.25,5.5,0,87.5,100.0,1,1,0.0,0,3,0,76.5,88.5,0,9,0.0,0,35,7,94.3,33,125.5,8,9.3,3,37,9,1.3,5.3,1.12,4.7,6,78.9,62.5,5,8,3.2,1,12,0,78.5,91.9,1,24,0.0,0,41,30,92.7,38,119.6,38,44.2,5,222,96,3.2,7.4,5.84
Mecole Hardman,42683,WR,KC,19,85,-3.2,7,96.6,0.0,0,1,0.0,0,15,0,88.0,95.0,0,44,0.0,0,32,28,90.6,29,126.1,29,34.1,2,254,343,12.3,9.1,8.76,-3.3,4,100.0,,0,0,0.0,0,11,0,84.9,94.9,0,44,0.0,0,57,21,94.7,54,126.4,21,24.7,1,221,290,13.8,10.5,4.09,30.0,0,0.0,,0,0,,0,0,0,,58.9,0,0,0.0,0,11,0,63.6,7,39.6,1,1.2,0,0,0,,,0.0,13.6,0,20.0,0.0,0,3,50.0,1,1,0,28.8,56.4,0,11,0.0,0,45,1,95.6,43,39.6,5,5.9,0,11,0,0.0,11.0,0.26,4.2,5,89.5,50.0,1,2,5.6,1,10,1,67.7,90.8,0,27,0.0,0,116,17,96.6,112,104.4,19,22.4,0,172,104,6.1,10.1,1.54,0,35.3,1,33.3,50.0,1,2,0.0,0,4,0,72.1,96.3,0,53,0.0,0,13,4,92.3,12,81.9,12,14.1,0,172,49,12.3,43.0,14.33,16,-3.2,1,80.0,0.0,0,1,0.0,0,2,0,73.4,79.8,0,8,0.0,0,19,4,94.7,18,121.3,5,5.9,1,18,31,7.8,4.5,1.0,38.8,0,40.0,0.0,0,1,0.0,0,2,0,68.3,93.4,0,53,0.0,0,15,2,100.0,15,87.5,5,5.9,0,97,26,13.0,48.5,6.47,13.7,1,33.3,,0,0,0.0,0,1,0,64.7,88.9,0,41,0.0,0,14,1,85.7,12,81.9,3,3.5,0,41,27,27.0,41.0,3.42,3.2,1,76.9,,0,0,9.1,1,2,0,41.1,65.5,0,15,0.0,0,47,10,97.9,46,89.3,13,15.3,0,72,38,3.8,7.2,1.57,13.7,1,40.0,0.0,0,3,20.0,1,4,0,41.6,88.4,0,41,0.0,0,10,4,100.0,10,70.4,10,11.8,0,84,31,7.8,21.0,8.4,0,-2.3,2,100.0,,0,0,0.0,0,2,0,70.5,85.4,0,9,0.0,0,14,3,100.0,14,87.5,3,3.5,0,15,22,7.3,5.0,1.07,68.3,94.9,33.3,1,33.3,100.0,1,1,0.0,0,2,0,0,49,0.0,0,18,2,88.9,16,81.9,6,7.1,0,75,23,11.5,37.5,4.69,14.0,0,100.0,,0,0,0.0,0,2,0,68.3,90.3,0,17,0.0,0,20,2,100.0,20,118.8,2,2.4,0,32,4,2.0,16.0,1.6,3.0,0,50.0,,0,0,0.0,0,1,0,68.3,60.5,1,8,0.0,0,29,1,89.7,26,20.8,2,2.4,0,8,4,4.0,8.0,0.31,3.7,6,82.4,50.0,1,2,6.7,2,13,1,56.8,84.6,1,27,0.0,0,36,28,94.4,34,85.3,34,40.0,0,252,146,5.2,9.0,7.41
Dallas Goedert,47272,TE,PHI,16,84,-4.0,4,91.7,,0,0,8.3,1,6,0,61.8,95.8,0,16,0.0,0,13,11,92.3,12,100.7,12,14.3,0,98,142,12.9,8.9,8.17,-4.1,4,90.0,,0,0,10.0,1,5,0,58.5,96.0,0,16,0.0,0,34,9,97.1,33,102.5,10,11.9,0,86,123,13.7,9.6,2.61,26.0,2,100.0,,0,0,0.0,0,2,0,68.3,97.6,0,36,20.0,2,10,2,80.0,8,158.3,2,2.4,1,64,12,6.0,32.0,8.0,13.8,1,87.5,66.7,2,3,0.0,0,7,0,75.6,97.9,0,38,7.4,2,27,7,81.5,22,118.8,8,9.5,0,139,43,6.1,19.9,6.32,4.4,5,60.0,0.0,0,2,0.0,0,5,0,74.6,97.1,0,28,1.8,1,56,6,92.9,52,90.4,10,11.9,0,92,64,10.7,15.3,1.77,0,27.4,2,44.4,100.0,2,2,0.0,0,4,0,72.1,98.8,0,45,0.0,0,10,4,90.0,9,128.2,9,10.7,1,133,15,3.8,33.3,14.78,24,-3.0,0,100.0,,0,0,0.0,0,1,0,64.7,79.2,0,12,0.0,0,12,1,100.0,12,116.7,1,1.2,0,12,15,15.0,12.0,1.0,28.0,0,33.3,100.0,2,2,0.0,0,2,0,68.3,95.9,0,45,8.0,2,25,2,88.0,22,77.8,6,7.1,0,69,3,1.5,34.5,3.14,13.7,1,66.7,,0,0,14.3,1,6,0,49.2,93.3,0,24,21.7,5,23,6,78.3,18,105.3,9,10.7,0,103,14,2.3,17.2,5.72,4.0,2,66.7,,0,0,33.3,2,1,0,29.2,69.9,0,18,11.5,3,26,4,80.8,21,81.9,6,7.1,0,35,21,5.3,8.8,1.67,13.6,3,78.1,77.8,7,9,7.4,2,25,0,65.8,99.9,0,38,0.0,0,35,25,91.4,32,139.6,32,38.1,2,439,87,3.5,17.6,13.72,0,-4.0,0,100.0,,0,0,0.0,0,0,0,64.7,61.0,0,0,0.0,0,17,1,88.2,15,79.2,1,1.2,0,0,4,4.0,0.0,0.0,,59.9,27.0,0,0.0,,0,0,,0,0,0,0,0,9.5,2,21,0,81.0,17,39.6,1,1.2,0,0,0,,,0.0,13.5,1,80.0,83.3,5,6,7.7,1,12,0,65.6,99.9,0,25,11.4,5,44,12,81.8,36,158.3,15,17.9,2,197,30,2.5,16.4,5.47,3.7,2,80.0,50.0,1,2,7.7,1,8,1,63.2,90.8,1,21,10.0,6,60,12,85.0,51,95.8,15,17.9,1,125,86,7.2,10.4,2.45,4.0,9,71.0,25.0,1,4,12.0,3,14,1,51.6,95.0,1,28,0.0,0,33,22,93.9,31,92.4,31,36.9,1,252,171,7.8,11.5,8.13
Tim Patrick,12087,WR,DEN,16,83,,0,,,0,0,,0,0,0,,,0,0,,0,0,0,,0,0.0,0,0.0,0,0,0,,,,,0,,,0,0,,0,0,0,,,0,0,0.0,0,24,0,95.8,23,0.0,0,0.0,0,0,0,,,0.0,40.0,0,0.0,0.0,0,1,,0,0,0,,58.8,0,0,10.0,1,10,0,80.0,8,39.6,1,1.2,0,0,0,,,0.0,13.7,0,80.0,33.3,1,3,11.1,1,8,0,76.5,95.9,0,23,2.4,1,41,8,87.8,36,118.8,10,12.0,0,128,27,3.4,16.0,3.56,5.0,3,75.0,50.0,1,2,11.8,2,9,0,51.5,91.8,1,19,0.0,0,119,15,97.5,116,92.5,20,24.1,1,154,82,5.5,10.3,1.33,0,28.0,0,35.3,37.5,3,8,0.0,0,6,0,74.6,94.3,0,44,0.0,0,19,6,89.5,17,115.3,17,20.5,2,182,13,2.2,30.3,10.71,10,,0,,,0,0,,0,0,0,,,0,0,0.0,0,16,0,100.0,16,0.0,0,0.0,0,0,0,,,0.0,28.9,0,40.0,66.7,2,3,0.0,0,4,0,72.1,92.7,0,44,0.0,0,27,4,81.5,22,126.7,10,12.0,2,124,4,1.0,31.0,5.64,14.3,0,50.0,0.0,0,1,0.0,0,1,0,68.3,82.7,0,31,5.6,1,18,2,83.3,15,85.4,4,4.8,0,40,12,6.0,20.0,2.67,4.7,0,60.0,,0,0,14.3,1,4,0,49.2,69.3,0,8,0.0,0,50,6,94.0,47,100.0,10,12.0,1,35,10,1.7,5.8,0.74,13.4,1,65.4,16.7,1,6,0.0,0,16,0,82.2,97.7,1,31,0.0,0,27,17,96.3,26,100.0,26,31.3,1,291,79,4.6,17.1,11.19,0,,0,,,0,0,,0,0,0,,,0,0,0.0,0,19,0,100.0,19,0.0,0,0.0,0,0,0,,,0.0,68.3,92.3,24.5,0,33.3,25.0,1,4,0.0,0,2,0,0,31,0.0,0,27,2,92.6,25,70.1,6,7.2,0,58,9,4.5,29.0,2.32,12.9,1,58.3,0.0,0,2,0.0,0,7,0,75.6,95.4,1,29,0.0,0,28,7,96.4,27,86.5,12,14.5,1,123,40,5.7,17.6,4.56,5.4,2,90.0,100.0,1,1,10.0,1,4,0,56.7,90.6,0,11,0.0,0,54,9,98.1,53,96.7,10,12.0,0,72,22,2.4,8.0,1.36,5.0,5,75.0,66.7,2,3,11.8,4,17,0,48.7,92.4,1,19,0.0,0,40,30,100.0,40,98.0,40,48.2,2,261,114,3.8,8.7,6.53
Tyler Conklin,47124,TE,MIN,17,83,-4.4,0,88.9,,0,0,11.1,1,3,0,54.5,93.1,0,19,0.0,0,9,8,100.0,9,93.1,9,10.8,0,57,93,11.6,7.1,6.33,-4.6,0,87.5,,0,0,12.5,1,3,0,52.1,93.4,0,19,19.0,8,42,7,81.0,34,97.9,8,9.6,0,60,93,13.3,8.6,1.76,20.0,0,100.0,,0,0,0.0,0,1,0,64.7,89.9,0,27,23.8,5,21,1,61.9,13,118.8,1,1.2,0,27,7,7.0,27.0,2.08,13.3,0,25.0,0.0,0,2,0.0,0,2,0,68.3,85.6,0,17,19.0,12,63,2,77.8,49,43.8,8,9.6,0,32,6,3.0,16.0,0.65,4.7,2,81.8,50.0,4,8,0.0,0,9,0,86.9,94.7,0,19,8.6,12,139,27,87.1,121,106.7,33,39.8,1,237,110,4.1,8.8,1.96,0,28.5,0,50.0,100.0,1,1,0.0,0,2,0,68.3,92.3,0,31,0.0,0,5,2,80.0,4,95.8,4,4.8,0,58,8,4.0,29.0,14.5,18,-3.0,0,100.0,,0,0,0.0,0,0,0,64.7,64.3,0,-3,23.5,4,17,1,76.5,13,79.2,1,1.2,0,-3,0,0.0,-3.0,-0.23,32.0,0,0.0,,0,0,,0,0,0,,57.4,0,0,27.6,8,29,0,69.0,20,39.6,2,2.4,0,0,0,,,0.0,12.3,0,66.7,100.0,1,1,0.0,0,1,0,68.3,95.7,0,24,26.3,5,19,2,68.4,13,109.7,3,3.6,0,40,13,6.5,20.0,3.08,4.5,0,84.6,66.7,2,3,0.0,0,6,1,78.7,92.9,0,14,10.0,6,60,11,81.7,49,131.6,13,15.7,2,79,36,3.3,7.2,1.61,13.1,0,35.7,25.0,1,4,0.0,0,4,0,74.6,95.1,0,40,0.0,0,15,5,93.3,14,65.2,14,16.9,0,112,46,9.2,22.4,8.0,0,,0,,,0,0,,0,0,0,,,0,0,5.0,1,20,0,95.0,19,0.0,0,0.0,0,0,0,,,0.0,64.7,90.5,30.0,0,100.0,100.0,1,1,0.0,0,1,0,0,31,13.6,3,22,1,86.4,19,118.8,1,1.2,0,31,1,1.0,31.0,1.63,13.7,0,33.3,0.0,0,1,0.0,0,1,0,68.3,91.8,0,40,31.0,9,29,1,62.1,18,81.9,3,3.6,0,40,27,27.0,40.0,2.22,1.3,0,80.0,0.0,0,1,0.0,0,2,0,76.5,90.4,0,15,20.9,9,43,8,74.4,32,87.5,10,12.0,0,50,39,4.9,6.3,1.56,4.0,2,82.1,50.0,6,12,0.0,0,17,1,90.3,95.5,0,19,0.0,0,58,46,96.6,56,111.8,56,67.5,3,366,185,4.0,8.0,6.54
Pat Freiermuth,84085,TE,PIT,17,82,-1.8,2,91.7,,0,0,8.3,1,5,0,61.8,92.1,0,9,0.0,0,13,11,92.3,12,126.0,12,14.6,2,57,77,7.0,5.2,4.75,-2.0,0,100.0,,0,0,0.0,0,1,0,73.4,87.1,0,9,3.4,1,29,4,89.7,26,128.1,4,4.9,1,21,29,7.3,5.3,0.81,28.0,0,0.0,,0,0,,0,0,0,,59.9,0,0,0.0,0,10,0,100.0,10,39.6,1,1.2,0,0,0,,,0.0,13.3,0,25.0,0.0,0,2,33.3,1,2,0,30.0,69.1,0,24,0.0,0,27,2,100.0,27,47.4,8,9.8,0,39,13,6.5,19.5,1.44,5.1,4,86.2,50.0,3,6,0.0,0,16,0,86.1,96.8,0,17,2.1,3,140,25,92.9,130,97.4,29,35.4,0,214,90,3.6,8.6,1.65,0,28.0,0,0.0,,0,0,,0,0,0,,59.9,0,0,0.0,0,1,0,100.0,1,39.6,1,1.2,0,0,0,,,0.0,25,-1.3,2,100.0,,0,0,0.0,0,3,0,72.1,95.0,0,8,0.0,0,17,4,94.1,16,95.8,4,4.9,0,28,33,8.3,7.0,1.75,,0,,,0,0,,0,0,0,,,0,0,50.0,4,8,0,50.0,4,0.0,0,0.0,0,0,0,,,0.0,11.3,0,66.7,100.0,1,1,33.3,1,1,0,29.9,75.4,0,14,5.3,1,19,2,94.7,18,95.1,3,3.7,0,27,3,1.5,13.5,1.5,2.7,3,100.0,100.0,2,2,0.0,0,4,0,78.7,92.0,0,22,6.6,4,61,10,86.9,53,129.6,10,12.2,1,71,46,4.6,7.1,1.34,12.9,0,47.4,62.5,5,8,18.2,2,7,0,38.7,94.4,0,24,0.0,0,19,9,100.0,19,107.5,19,23.2,4,120,23,2.6,13.3,6.32,0,-2.0,0,75.0,,0,0,25.0,1,1,0,36.2,61.0,0,7,0.0,0,23,3,91.3,21,116.7,4,4.9,1,8,15,5.0,2.7,0.38,,,,0,,,0,0,,0,0,0,0,0,26.9,7,26,0,57.7,15,0.0,0,0.0,0,0,0,,,0.0,13.1,0,62.5,80.0,4,5,0.0,0,4,0,73.4,96.7,0,15,8.8,3,34,5,85.3,29,121.9,8,9.8,4,54,7,1.4,10.8,1.86,3.4,3,81.8,0.0,0,1,0.0,0,3,1,77.3,89.1,0,11,6.3,2,32,9,84.4,27,89.4,11,13.4,0,60,37,4.1,6.7,2.22,4.2,10,88.0,55.6,5,9,0.0,0,23,1,90.3,96.7,0,22,0.0,0,52,44,96.2,50,102.1,50,61.0,1,345,173,3.9,7.8,6.9
Marquez Callaway,42295,WR,NO,17,81,,0,,,0,0,,0,0,0,,,0,0,,0,0,0,,0,0.0,0,0.0,0,0,0,,,,,0,,,0,0,,0,0,0,,,0,0,0.0,0,26,0,100.0,26,0.0,0,0.0,0,0,0,,,0.0,32.5,0,75.0,100.0,1,1,0.0,0,3,0,70.5,96.7,0,58,0.0,0,15,3,80.0,12,156.3,4,4.9,1,117,9,3.0,39.0,9.75,13.9,0,61.5,50.0,2,4,0.0,0,6,0,76.5,93.9,0,16,0.0,0,26,8,100.0,26,114.6,13,16.0,1,111,7,0.9,13.9,4.27,3.9,1,68.4,50.0,1,2,7.1,1,7,0,65.9,82.9,0,17,0.0,0,108,13,95.4,103,83.4,19,23.5,0,111,63,4.8,8.5,1.08,0,28.3,0,44.4,66.7,4,6,0.0,0,8,0,76.5,98.7,0,58,0.0,0,18,8,100.0,18,128.2,18,22.2,2,286,27,3.4,35.8,15.89,20,,0,,,0,0,,0,0,0,,,0,0,0.0,0,13,0,92.3,12,0.0,0,0.0,0,0,0,,,0.0,25.2,0,60.0,66.7,2,3,0.0,0,3,0,70.5,96.1,0,40,0.0,0,15,3,93.3,14,104.2,5,6.2,0,98,17,5.7,32.7,7.0,15.1,0,44.4,0.0,0,2,20.0,1,4,0,41.6,90.0,0,17,0.0,0,25,4,92.0,23,103.9,9,11.1,1,60,4,1.0,15.0,2.61,4.6,4,71.4,100.0,1,1,16.7,1,1,0,45.8,67.9,0,26,0.0,0,38,5,94.7,36,91.4,7,8.6,0,50,30,6.0,10.0,1.39,14.4,0,53.3,44.4,4,9,5.9,1,14,0,52.8,94.2,1,17,0.0,0,31,16,96.8,30,102.1,30,37.0,4,215,11,0.7,13.4,7.17,0,,0,,,0,0,,0,0,0,,,0,0,0.0,0,17,0,100.0,17,0.0,0,0.0,0,0,0,,,0.0,68.3,91.4,28.2,0,22.2,50.0,1,2,0.0,0,2,0,0,49,0.0,0,21,2,100.0,21,97.0,9,11.1,1,71,1,0.5,35.5,3.38,14.3,0,50.0,66.7,2,3,0.0,0,4,0,41.6,82.0,1,15,0.0,0,30,4,90.0,27,66.7,8,9.9,2,44,0,0.0,11.0,1.63,5.4,0,57.1,0.0,0,1,20.0,1,2,0,41.6,74.5,0,13,0.0,0,45,4,95.6,43,71.1,7,8.6,0,36,13,3.3,9.0,0.84,4.4,5,66.7,50.0,2,4,12.0,3,10,0,51.8,83.4,0,26,0.0,0,35,22,94.3,33,82.5,33,40.7,0,197,106,4.8,9.0,5.97
T.J. Hockenson,40912,TE,DET,12,81,-3.7,1,66.7,,0,0,0.0,0,0,0,73.4,62.6,0,8,0.0,0,7,4,85.7,6,70.1,6,7.4,0,12,27,6.8,3.0,2.0,-3.4,1,80.0,,0,0,0.0,0,0,0,73.4,63.6,0,8,16.2,6,37,4,73.0,27,79.2,5,6.2,0,12,27,6.8,3.0,0.44,26.5,0,100.0,100.0,1,1,0.0,0,2,0,68.3,97.4,0,33,18.2,2,11,2,81.8,9,118.8,2,2.5,0,58,5,2.5,29.0,6.44,13.8,0,58.3,100.0,2,2,0.0,0,7,0,75.6,97.3,2,24,2.9,1,34,7,82.4,28,82.3,12,14.8,1,125,42,6.0,17.9,4.46,4.7,4,90.9,83.3,5,6,0.0,0,11,0,88.0,91.7,1,22,3.7,4,109,30,94.5,103,84.2,33,40.7,0,239,105,3.5,8.0,2.32,0,30.6,0,40.0,100.0,1,1,0.0,0,2,0,68.3,93.4,0,33,0.0,0,6,2,83.3,5,83.8,5,6.2,0,58,5,2.5,29.0,11.6,11,,0,,,0,0,,0,0,0,,,0,0,8.3,1,12,0,91.7,11,0.0,0,0.0,0,0,0,,,0.0,33.3,0,0.0,,0,0,,0,0,0,,56.7,0,0,0.0,0,21,0,76.2,16,39.6,3,3.7,0,0,0,,,0.0,12.0,0,66.7,100.0,2,2,0.0,0,4,0,72.1,96.8,0,14,5.9,1,17,4,82.4,14,127.8,6,7.4,1,44,2,0.5,11.0,3.14,2.8,0,83.3,100.0,1,1,0.0,0,2,0,74.6,92.2,0,9,2.1,1,48,5,91.7,44,124.3,6,7.4,1,26,11,2.2,5.2,0.59,13.0,1,66.7,100.0,4,4,0.0,0,13,0,80.6,99.1,2,24,0.0,0,24,14,87.5,21,99.3,21,25.9,3,210,48,3.4,15.0,10.0,0,-5.0,0,0.0,,0,0,,0,0,0,,58.8,0,0,0.0,0,14,0,100.0,14,39.6,1,1.2,0,0,0,,,0.0,,59.9,,0,,,0,0,,0,0,0,0,0,0.0,0,12,0,91.7,11,0.0,0,0.0,0,0,0,,,0.0,12.3,1,100.0,,0,0,0.0,0,2,0,70.5,90.8,0,17,0.0,0,17,3,82.4,14,158.3,3,3.7,1,41,4,1.3,13.7,2.93,5.1,0,60.0,0.0,0,2,14.3,1,4,0,49.2,77.3,0,10,7.1,3,42,6,92.9,39,67.9,10,12.3,0,38,5,0.8,6.3,0.97,4.5,4,83.7,66.7,6,9,2.4,1,17,0,83.5,92.7,1,22,0.0,0,51,41,96.1,49,90.7,49,60.5,1,303,121,3.0,7.4,6.18
Dawson Knox,35883,TE,BUF,17,80,-2.4,4,85.7,,0,0,7.7,1,4,0,61.8,91.4,0,24,0.0,0,14,12,100.0,14,117.9,14,17.5,1,92,115,9.6,7.7,6.57,-2.7,3,88.9,,0,0,0.0,0,4,0,76.5,94.5,0,24,8.3,3,36,8,91.7,33,137.5,9,11.3,1,73,90,11.3,9.1,2.21,22.5,0,50.0,,0,0,0.0,0,1,0,64.7,90.2,0,23,12.5,3,24,1,83.3,20,91.7,2,2.5,0,23,2,2.0,23.0,1.15,12.3,2,87.5,100.0,3,3,0.0,0,7,0,75.6,97.3,0,25,7.4,4,54,7,90.7,49,158.3,8,10.0,2,111,28,4.0,15.9,2.27,4.2,0,53.8,50.0,2,4,30.0,3,2,0,28.4,64.9,0,10,5.9,7,118,7,91.5,108,61.7,13,16.3,0,46,13,1.9,6.6,0.43,0,26.5,0,58.3,50.0,2,4,0.0,0,7,0,75.6,99.9,0,53,0.0,0,12,7,100.0,12,130.6,12,15.0,1,238,38,5.4,34.0,19.83,4,-1.5,1,75.0,,0,0,25.0,1,0,0,36.2,59.1,0,9,4.3,1,23,3,87.0,20,78.1,4,5.0,0,13,16,5.3,4.3,0.65,24.0,0,100.0,100.0,2,2,0.0,0,3,0,70.5,97.5,0,31,12.5,3,24,3,83.3,20,118.8,3,3.8,0,83,11,3.7,27.7,4.15,15.3,0,50.0,50.0,1,2,0.0,0,2,0,68.3,80.8,0,15,11.4,5,44,2,79.5,35,107.3,4,5.0,2,23,0,0.0,11.5,0.66,2.3,3,87.5,,0,0,12.5,1,4,0,35.3,78.1,0,17,3.1,2,65,7,90.8,59,133.9,8,10.0,1,53,42,6.0,7.6,0.9,13.4,2,66.7,71.4,5,7,7.7,1,12,0,62.1,97.5,0,25,0.0,0,19,12,94.7,18,138.9,18,22.5,7,180,42,3.5,15.0,10.0,0,-3.0,0,100.0,,0,0,0.0,0,0,0,64.7,61.1,0,6,0.0,0,15,1,100.0,15,91.7,1,1.3,0,6,9,9.0,6.0,0.4,70.5,96.5,28.7,0,42.9,0.0,0,2,0.0,0,3,0,0,53,10.0,3,30,3,80.0,24,129.5,7,8.8,1,132,25,8.3,44.0,5.5,13.7,0,50.0,50.0,1,2,25.0,1,3,0,36.8,93.2,0,24,5.9,2,34,3,79.4,27,115.3,6,7.5,3,46,14,4.7,15.3,1.7,2.3,1,73.3,50.0,1,2,0.0,0,6,0,80.0,93.1,1,13,9.0,7,78,11,84.6,66,78.8,15,18.8,1,76,56,5.1,6.9,1.15,3.0,4,69.4,50.0,3,6,13.8,4,12,0,37.4,91.0,1,17,0.0,0,40,25,90.0,36,87.2,36,45.0,2,175,111,4.4,7.0,4.86
Jarvis Landry,8698,WR,CLV,12,79,-2.8,1,90.9,,0,0,0.0,0,4,0,78.0,75.9,0,9,0.0,0,11,10,100.0,11,81.4,11,13.9,0,39,67,6.7,3.9,3.55,-1.9,1,100.0,,0,0,0.0,0,3,0,75.6,69.7,0,9,0.0,0,29,7,96.6,28,81.5,7,8.9,0,25,38,5.4,3.6,0.89,23.7,0,0.0,,0,0,,0,0,0,,56.7,1,0,0.0,0,12,0,83.3,10,0.0,3,3.8,0,0,0,,,0.0,13.2,1,45.5,50.0,1,2,16.7,1,4,0,46.3,86.1,2,24,0.0,0,26,5,92.3,24,29.5,11,13.9,0,77,18,3.6,15.4,3.21,5.3,1,94.4,100.0,3,3,0.0,0,8,1,82.2,91.3,0,20,0.0,0,66,17,100.0,66,103.9,18,22.8,0,161,68,4.0,9.5,2.44,0,22.2,0,33.3,,0,0,0.0,0,2,0,68.3,88.4,2,38,0.0,0,7,2,85.7,6,41.7,6,7.6,0,74,33,16.5,37.0,12.33,8,-4.0,0,66.7,,0,0,0.0,0,1,0,68.3,75.5,0,9,0.0,0,5,2,100.0,5,79.9,3,3.8,0,16,25,12.5,8.0,3.2,21.0,0,0.0,,0,0,,0,0,0,,56.9,1,0,0.0,0,12,0,83.3,10,0.0,1,1.3,0,0,0,,,0.0,14.0,2,42.9,100.0,1,1,0.0,0,3,0,70.5,91.7,0,26,0.0,0,18,3,94.4,17,116.1,7,8.9,1,65,19,6.3,21.7,3.82,5.3,0,66.7,,0,0,0.0,0,4,0,72.1,78.4,0,11,0.0,0,32,4,87.5,28,80.6,6,7.6,0,33,15,3.8,8.3,1.18,13.9,4,39.3,57.1,4,7,15.4,2,9,0,43.8,91.1,3,26,0.0,0,30,11,93.3,28,34.5,28,35.4,1,184,37,3.4,16.7,6.57,0,-6.0,0,100.0,,0,0,0.0,0,0,0,64.7,65.2,0,-2,16.7,1,6,1,83.3,5,79.2,1,1.3,0,-2,4,4.0,-2.0,-0.4,68.3,92.6,20.5,0,100.0,,0,0,0.0,0,2,0,0,38,0.0,0,9,2,100.0,9,118.8,2,2.5,0,74,33,16.5,37.0,8.22,14.5,1,30.0,50.0,2,4,25.0,1,2,0,36.2,71.8,1,19,0.0,0,23,3,87.0,20,5.0,10,12.7,0,42,0,0.0,14.0,2.1,4.8,2,80.0,50.0,1,2,0.0,0,2,0,76.5,68.0,0,32,0.0,0,36,8,100.0,36,132.9,10,12.7,1,79,41,5.1,9.9,2.19,5.1,3,85.3,80.0,4,5,0.0,0,14,1,87.3,90.4,0,32,0.0,0,35,29,97.1,34,109.9,34,43.0,1,273,124,4.3,9.4,8.03
Jared Cook,5012,TE,LAC,16,79,-3.0,0,100.0,,0,0,0.0,0,0,0,68.3,62.8,0,-3,0.0,0,2,1,50.0,1,79.2,1,1.3,0,-3,0,0.0,-3.0,-3.0,,0,,,0,0,,0,0,0,,,0,0,5.6,1,18,0,88.9,16,0.0,0,0.0,0,0,0,,,0.0,22.5,0,100.0,100.0,1,1,0.0,0,2,0,68.3,95.3,0,22,0.0,0,10,2,90.0,9,158.3,2,2.5,1,38,2,1.0,19.0,4.22,13.6,0,25.0,0.0,0,7,50.0,3,3,0,26.5,61.2,1,19,2.7,1,37,3,86.5,32,36.5,12,15.2,1,47,12,4.0,15.7,1.47,5.2,1,72.7,83.3,5,6,15.8,3,8,0,41.6,90.1,1,15,2.3,3,129,16,94.6,122,69.9,22,27.8,0,138,55,3.4,8.6,1.13,0,23.9,0,57.1,50.0,1,2,0.0,0,4,0,72.1,96.6,1,42,0.0,0,7,4,100.0,7,101.8,7,8.9,1,103,19,4.8,25.8,14.71,27,-3.0,0,100.0,,0,0,0.0,0,0,0,68.3,62.8,0,-3,6.3,1,16,1,87.5,14,79.2,1,1.3,0,-3,0,0.0,-3.0,-0.21,23.5,0,50.0,0.0,0,1,0.0,0,2,0,68.3,92.6,0,42,13.6,3,22,2,77.3,17,95.8,4,5.1,0,65,17,8.5,32.5,3.82,12.8,0,75.0,66.7,2,3,14.3,1,6,0,49.2,95.4,0,23,3.1,1,32,6,93.8,30,116.1,8,10.1,0,99,26,4.3,16.5,3.3,3.1,0,80.0,0.0,0,1,0.0,0,4,0,77.3,93.4,0,29,0.0,0,49,8,95.9,47,105.4,10,12.7,0,93,77,9.6,11.6,1.98,13.4,0,41.7,20.0,2,10,28.6,4,10,0,28.6,92.9,1,23,0.0,0,27,10,88.9,24,60.6,24,30.4,1,157,38,3.8,15.7,6.54,0,,0,,,0,0,,0,0,0,,,0,0,0.0,0,13,0,92.3,12,0.0,0,0.0,0,0,0,,,0.0,,60.0,28.0,0,0.0,,0,0,,0,0,0,1,0,4.8,1,21,0,85.7,18,0.0,1,1.3,0,0,0,,,0.0,14.0,0,25.0,,0,0,0.0,0,1,0,70.5,92.3,0,11,6.3,2,32,1,71.9,23,39.6,4,5.1,0,11,0,0.0,11.0,0.48,4.9,1,60.0,20.0,1,5,0.0,0,5,0,77.3,91.3,1,17,7.9,5,63,9,90.5,57,85.0,15,19.0,2,76,54,6.0,8.4,1.33,4.7,2,70.2,50.0,6,12,8.3,3,17,0,61.9,93.7,2,29,0.0,0,49,33,95.9,47,84.3,47,59.5,2,307,186,5.6,9.3,6.53
Hunter Henry,10669,TE,NE,17,78,,0,,,0,0,,0,0,0,,,0,0,,0,0,0,,0,0.0,0,0.0,0,0,0,,,,,0,,,0,0,,0,0,0,,,0,0,13.5,5,37,0,83.8,31,0.0,0,0.0,0,0,0,,,0.0,21.0,0,66.7,,0,0,0.0,0,2,0,68.3,96.1,0,25,18.2,4,22,2,72.7,16,149.3,3,3.8,1,45,5,2.5,22.5,2.81,13.5,0,69.2,100.0,2,2,0.0,0,9,0,77.3,97.4,2,33,15.4,6,39,9,82.1,32,97.9,13,16.7,1,165,47,5.2,18.3,5.16,5.6,1,80.0,55.6,5,9,0.0,0,8,0,83.6,93.9,0,12,3.5,4,115,20,93.0,107,132.3,25,32.1,3,156,48,2.4,7.8,1.46,0,23.0,0,50.0,,0,0,0.0,0,5,0,73.4,96.7,0,35,0.0,0,11,5,90.9,10,129.2,10,12.8,1,142,21,4.2,28.4,14.2,19,,0,,,0,0,,0,0,0,,,0,0,40.0,6,15,0,60.0,9,0.0,0,0.0,0,0,0,,,0.0,25.0,0,50.0,,0,0,0.0,0,1,0,64.7,89.5,0,35,4.2,1,24,1,83.3,20,95.8,2,2.6,0,35,5,5.0,35.0,1.75,15.8,0,50.0,100.0,1,1,0.0,0,4,0,73.4,91.4,0,22,9.4,3,32,4,81.3,26,120.3,8,10.3,1,71,17,4.3,17.8,2.73,5.7,0,50.0,0.0,0,1,25.0,1,3,0,36.8,85.1,1,16,17.5,10,57,3,80.7,46,67.4,6,7.7,1,34,16,5.3,11.3,0.74,14.2,0,60.0,60.0,3,5,0.0,0,15,0,81.7,97.4,2,33,0.0,0,27,15,92.6,25,99.8,25,32.1,3,249,66,4.4,16.6,9.96,0,,0,,,0,0,,0,0,0,,,0,0,0.0,0,14,0,92.9,13,0.0,0,0.0,0,0,0,,,0.0,68.3,90.6,23.4,0,40.0,,0,0,0.0,0,2,0,0,32,6.7,1,15,2,93.3,14,87.1,5,6.4,0,62,11,5.5,31.0,4.43,13.0,0,50.0,0.0,0,2,0.0,0,2,0,68.3,90.3,0,12,11.5,3,26,2,73.1,19,96.9,4,5.1,1,13,2,1.0,6.5,0.68,6.5,0,66.7,,0,0,0.0,0,4,0,77.3,83.2,0,9,11.5,6,52,8,84.6,44,103.5,12,15.4,1,52,5,0.6,6.5,1.18,5.9,1,72.1,50.0,5,10,3.1,1,15,0,78.5,93.9,1,16,0.0,0,45,31,95.6,43,114.7,43,55.1,5,242,69,2.2,7.8,5.63
Zay Jones,11792,WR,LV,18,77,-3.8,5,100.0,,0,0,0.0,0,0,1,76.5,56.9,0,7,0.0,0,8,8,100.0,8,80.7,8,10.4,0,27,57,7.1,3.4,3.38,-9.0,1,100.0,,0,0,0.0,0,0,0,64.7,61.1,0,-1,0.0,0,42,1,92.9,39,79.2,1,1.3,0,-1,8,8.0,-1.0,-0.03,40.3,0,25.0,0.0,0,1,0.0,0,1,0,64.7,82.5,2,26,0.0,0,16,1,87.5,14,14.6,4,5.2,0,26,2,2.0,26.0,1.86,13.6,0,68.8,50.0,3,6,0.0,0,10,0,79.4,96.0,1,22,0.0,0,59,11,91.5,54,97.1,16,20.8,1,165,14,1.3,15.0,3.06,5.4,0,75.0,33.3,1,3,0.0,0,4,0,74.6,90.3,1,10,0.0,0,79,6,98.7,78,45.3,8,10.4,0,39,13,2.2,6.5,0.5,0,40.9,0,25.0,0.0,0,4,0.0,0,4,0,73.4,95.1,4,43,0.0,0,20,4,80.0,16,45.3,16,20.8,1,142,10,2.5,35.5,8.88,23,-2.3,2,100.0,,0,0,0.0,0,0,1,70.5,50.6,0,7,0.0,0,18,3,100.0,18,87.5,3,3.9,0,15,22,7.3,5.0,0.83,40.3,0,25.0,0.0,0,1,0.0,0,1,0,64.7,82.7,0,42,0.0,0,12,1,83.3,10,70.8,4,5.2,0,42,4,4.0,42.0,4.2,13.2,0,60.0,100.0,1,1,0.0,0,3,0,70.5,92.3,0,16,0.0,0,20,3,100.0,20,85.4,5,6.5,0,40,2,0.7,13.3,2.0,3.2,0,88.9,,0,0,11.1,1,6,0,54.5,90.7,0,35,0.0,0,52,8,100.0,52,112.0,9,11.7,0,98,73,9.1,12.3,1.88,13.9,0,65.4,55.6,5,9,0.0,0,16,0,82.7,97.3,1,22,0.0,0,27,17,96.3,26,93.9,26,33.8,1,253,22,1.3,14.9,9.73,0,-3.5,2,100.0,,0,0,0.0,0,0,0,72.1,62.8,0,5,0.0,0,20,4,95.0,19,80.2,4,5.2,0,13,27,6.8,3.3,0.68,70.5,94.9,41.5,0,25.0,0.0,0,2,0.0,0,2,0,2,43,0.0,0,22,2,72.7,16,65.6,8,10.4,1,74,4,2.0,37.0,4.63,15.8,0,60.0,50.0,1,2,0.0,0,3,0,70.5,91.1,0,20,0.0,0,19,3,84.2,16,92.1,5,6.5,0,48,6,2.0,16.0,3.0,4.7,0,90.0,0.0,0,1,0.0,0,3,0,77.3,68.3,0,7,0.0,0,41,9,97.6,40,86.7,10,13.0,0,48,7,0.8,5.3,1.2,4.4,0,85.2,25.0,1,4,4.2,1,13,0,72.8,90.8,1,35,0.0,0,27,23,100.0,27,79.8,27,35.1,0,185,93,4.0,8.0,6.85
C.J. Uzomah,9590,TE,CIN,18,76,-2.6,2,100.0,,0,0,0.0,0,1,0,73.4,80.6,0,11,0.0,0,5,5,100.0,5,83.3,5,6.6,0,20,33,6.6,4.0,4.0,-2.8,0,100.0,,0,0,0.0,0,1,0,72.1,81.3,0,11,9.5,2,21,4,90.5,19,84.4,4,5.3,0,17,28,7.0,4.3,0.89,25.5,1,100.0,100.0,1,1,0.0,0,2,0,68.3,99.9,0,55,0.0,0,10,2,90.0,9,158.3,2,2.6,1,84,33,16.5,42.0,9.33,10.0,0,100.0,100.0,1,1,0.0,0,1,0,64.7,78.3,0,7,5.0,2,40,1,87.5,35,135.4,1,1.3,1,7,0,0.0,7.0,0.2,3.9,3,81.8,40.0,2,5,6.9,2,10,0,65.0,91.9,0,32,3.2,5,154,27,94.2,145,105.9,33,43.4,1,231,129,4.8,8.6,1.59,0,24.3,1,66.7,100.0,1,1,0.0,0,2,0,68.3,99.4,1,55,0.0,0,4,2,75.0,3,109.7,3,3.9,1,84,33,16.5,42.0,28.0,7,,0,,,0,0,,0,0,0,,,0,0,9.1,2,22,0,90.9,20,0.0,0,0.0,0,0,0,,,0.0,22.0,0,0.0,,0,0,,0,0,0,,60.0,1,0,20.0,3,15,0,73.3,11,0.0,1,1.3,0,0,0,,,0.0,13.7,0,66.7,,0,0,0.0,0,2,0,68.3,96.4,0,32,8.3,2,24,2,79.2,19,149.3,3,3.9,1,63,32,16.0,31.5,3.32,3.1,3,83.3,100.0,1,1,9.1,1,5,0,58.5,91.0,0,12,8.3,5,60,10,91.7,55,120.8,12,15.8,1,76,51,5.1,7.6,1.38,13.2,1,66.7,100.0,1,1,0.0,0,4,0,72.1,97.3,0,32,0.0,0,6,4,100.0,6,149.3,6,7.9,3,102,47,11.8,25.5,17.0,0,-2.0,2,100.0,,0,0,0.0,0,0,0,64.7,62.6,0,3,14.3,2,14,1,85.7,12,79.2,1,1.3,0,3,5,5.0,3.0,0.25,,59.9,,0,,,0,0,,0,0,0,0,0,7.3,3,41,0,87.8,36,0.0,0,0.0,0,0,0,,,0.0,14.0,1,50.0,,0,0,0.0,0,1,0,64.7,90.4,0,32,9.1,3,33,1,87.9,29,135.4,2,2.6,1,32,15,15.0,32.0,1.1,3.6,2,82.4,,0,0,6.7,1,8,0,64.7,93.4,0,25,3.4,2,59,14,96.6,57,94.9,17,22.4,0,115,74,5.3,8.2,2.02,3.6,8,82.3,50.0,3,6,7.3,4,23,0,65.0,94.3,0,32,0.0,0,62,51,100.0,62,105.8,62,81.6,2,422,254,5.0,8.3,6.81
D'Andre Swift,57212,HB,DET,13,76,-4.1,15,94.1,,0,0,3.0,1,7,0,78.4,93.4,0,63,0.0,0,36,32,94.4,34,114.6,34,44.7,2,231,360,11.3,7.2,6.79,-4.4,6,94.7,,0,0,5.3,1,5,0,68.7,88.1,0,63,11.4,5,44,18,72.7,32,138.8,19,25.0,2,169,245,13.6,9.4,5.28,,0,,,0,0,,0,0,0,,,0,0,14.3,1,7,0,85.7,6,0.0,0,0.0,0,0,0,,,0.0,12.0,0,0.0,,0,0,,0,0,0,,60.0,0,2,15.8,6,38,0,73.7,28,39.6,1,1.3,0,2,2,,,0.07,3.0,5,75.0,50.0,1,2,4.5,1,6,1,71.3,75.3,2,21,6.9,7,102,21,91.2,93,59.5,28,36.8,0,166,107,5.1,7.9,1.78,0,,0,,,0,0,,0,0,0,,,0,0,,0,0,0,,0,0.0,0,0.0,0,0,0,,,,11,-4.0,1,83.3,,0,0,0.0,0,0,0,73.4,89.4,0,11,10.0,1,10,5,90.0,9,79.2,6,7.9,0,14,37,7.4,2.8,1.56,,0,,,0,0,,0,0,0,,,0,0,8.3,1,12,0,75.0,9,0.0,0,0.0,0,0,0,,,0.0,12.0,0,0.0,,0,0,,0,0,0,27.9,34.1,0,0,6.3,1,16,0,81.3,13,39.6,1,1.3,0,0,0,,,0.0,3.0,0,85.7,50.0,1,2,14.3,1,3,0,52.5,73.4,0,11,15.0,6,40,6,77.5,31,90.5,7,9.2,0,40,26,4.3,6.7,1.29,12.0,0,0.0,,0,0,,0,0,0,27.9,29.4,0,0,0.0,0,4,0,50.0,2,39.6,2,2.6,0,0,0,,,0.0,0,-3.3,8,100.0,,0,0,0.0,0,2,0,77.3,93.4,0,16,6.3,1,16,9,93.8,15,88.9,9,11.8,0,48,78,8.7,5.3,3.2,,,,0,,,0,0,,0,0,0,0,0,25.0,2,8,0,75.0,6,0.0,0,0.0,0,0,0,,,0.0,,0,,,0,0,,0,0,0,,59.9,0,0,7.1,1,14,0,78.6,11,0.0,0,0.0,0,0,0,,,0.0,2.2,0,60.0,,0,0,40.0,2,2,1,28.0,21.4,0,6,13.6,3,22,3,86.4,19,64.6,5,6.6,0,13,11,3.7,4.3,0.68,2.9,5,75.0,50.0,2,4,11.8,4,11,2,49.8,54.8,2,21,0.0,0,41,30,97.6,40,66.6,40,52.6,0,219,144,4.8,7.3,5.48
Kendrick Bourne,12270,WR,NE,18,75,-2.2,3,90.0,,0,0,0.0,0,2,0,77.3,91.0,0,46,0.0,0,10,9,100.0,10,113.8,10,13.3,0,113,131,14.6,12.6,11.3,-2.1,1,85.7,,0,0,0.0,0,1,0,74.6,71.3,0,15,0.0,0,40,6,95.0,38,91.1,7,9.3,0,41,52,8.7,6.8,1.08,26.5,0,100.0,100.0,1,1,0.0,0,2,0,68.3,94.4,0,75,0.0,0,17,2,82.4,14,158.3,2,2.7,2,98,45,22.5,49.0,7.0,14.9,0,87.5,66.7,2,3,0.0,0,4,0,75.6,95.6,0,48,0.0,0,34,7,94.1,32,118.8,8,10.7,0,151,49,7.0,21.6,4.72,4.7,6,77.8,100.0,1,1,6.7,1,7,1,64.7,89.9,1,41,0.0,0,98,14,96.9,95,101.9,18,24.0,1,172,101,7.2,12.3,1.81,0,31.5,0,66.7,100.0,1,1,0.0,0,4,0,73.4,98.0,0,75,0.0,0,8,4,75.0,6,149.3,6,8.0,2,187,77,19.3,46.8,31.17,19,-1.5,2,100.0,,0,0,0.0,0,1,0,68.3,92.9,0,46,0.0,0,11,2,100.0,11,118.8,2,2.7,0,63,66,33.0,31.5,5.73,39.5,0,50.0,,0,0,0.0,0,1,0,64.7,89.5,0,46,0.0,0,21,1,85.7,18,95.8,2,2.7,0,46,10,10.0,46.0,2.56,12.3,0,85.7,100.0,3,3,0.0,0,5,0,74.6,94.1,0,14,0.0,0,32,6,90.6,29,137.2,7,9.3,2,52,0,0.0,8.7,1.79,5.9,1,66.7,0.0,0,1,14.3,1,2,0,52.1,80.3,0,17,0.0,0,47,6,93.6,44,79.9,9,12.0,0,48,17,2.8,8.0,1.09,13.8,1,89.5,87.5,7,8,0.0,0,13,0,82.2,98.9,0,48,0.0,0,20,17,95.0,19,158.3,19,25.3,4,257,54,3.2,15.1,13.53,0,-4.0,0,100.0,,0,0,0.0,0,0,0,64.7,81.5,0,9,0.0,0,14,1,100.0,14,104.2,1,1.3,0,9,13,13.0,9.0,0.64,68.3,94.3,28.5,0,50.0,,0,0,0.0,0,1,0,0,43,0.0,0,13,1,84.6,11,95.8,2,2.7,0,43,22,22.0,43.0,3.91,14.3,1,100.0,100.0,2,2,0.0,0,4,0,72.1,96.5,0,22,0.0,0,21,4,85.7,18,158.3,4,5.3,2,54,5,1.3,13.5,3.0,5.4,0,92.3,0.0,0,1,0.0,0,5,0,79.4,91.8,0,18,0.0,0,57,12,94.7,54,98.7,13,17.3,0,100,35,2.9,8.3,1.85,5.2,7,80.0,33.3,1,3,5.9,2,14,1,69.6,92.5,1,41,0.0,0,42,32,95.2,40,97.9,40,53.3,1,320,153,4.8,10.0,8.0
Kenny Golladay,11851,WR,NYG,14,75,,0,,,0,0,,0,0,0,,,0,0,,0,0,0,,0,0.0,0,0.0,0,0,0,,,,,0,,,0,0,,0,0,0,,,0,0,0.0,0,32,0,96.9,31,0.0,0,0.0,0,0,0,,,0.0,,0,,,0,0,,0,0,0,,,0,0,0.0,0,6,0,100.0,6,0.0,0,0.0,0,0,0,,,0.0,13.5,2,63.6,75.0,6,8,6.7,1,13,0,64.4,96.5,1,27,0.0,0,50,14,92.0,46,80.7,22,29.3,0,235,47,3.4,16.8,5.11,6.0,3,57.1,44.4,4,9,0.0,0,5,0,76.5,91.3,1,28,0.0,0,97,8,91.8,89,46.4,14,18.7,0,89,43,5.4,11.1,1.0,0,28.8,0,7.1,25.0,1,4,0.0,0,1,0,64.7,68.1,2,36,0.0,0,16,1,87.5,14,0.0,14,18.7,0,36,6,6.0,36.0,2.57,21,,0,,,0,0,,0,0,0,,,0,0,0.0,0,12,0,100.0,12,0.0,0,0.0,0,0,0,,,0.0,29.6,0,0.0,0.0,0,1,,0,0,0,,55.9,1,0,0.0,0,12,0,91.7,11,0.0,5,6.7,0,0,0,,,0.0,14.7,0,71.4,50.0,1,2,0.0,0,4,0,74.6,91.3,0,23,0.0,0,19,5,89.5,17,109.2,7,9.3,0,80,12,2.4,16.0,4.71,6.8,0,50.0,33.3,1,3,0.0,0,0,0,68.3,59.2,0,6,0.0,0,32,2,96.9,31,56.3,4,5.3,0,11,0,0.0,5.5,0.35,13.6,2,57.9,57.1,8,14,4.3,1,20,0,72.8,96.3,1,27,0.0,0,42,22,90.5,38,78.4,38,50.7,0,356,62,2.8,16.2,9.37,0,,0,,,0,0,,0,0,0,,,0,0,0.0,0,12,0,100.0,12,0.0,0,0.0,0,0,0,,,0.0,64.7,73.0,28.3,0,11.1,33.3,1,3,0.0,0,1,0,1,36,0.0,0,19,1,89.5,17,4.2,9,12.0,0,36,6,6.0,36.0,2.12,13.1,0,33.3,25.0,1,4,0.0,0,3,0,70.5,78.4,0,20,0.0,0,20,3,100.0,20,48.8,9,12.0,0,41,3,1.0,13.7,2.05,6.4,0,80.0,100.0,1,1,0.0,0,1,0,72.1,80.6,0,10,0.0,0,46,4,95.7,44,90.8,5,6.7,0,29,5,1.3,7.3,0.66,6.2,3,60.9,46.2,6,13,0.0,0,6,0,80.6,90.7,1,28,0.0,0,26,14,88.5,23,58.1,23,30.7,0,129,48,3.4,9.2,5.61
K.J. Osborn,23503,WR,MIN,17,74,-1.0,0,100.0,,0,0,0.0,0,0,0,64.7,61.3,0,2,0.0,0,1,1,100.0,1,79.2,1,1.4,0,2,3,3.0,2.0,2.0,,0,,,0,0,,0,0,0,,,0,0,2.4,1,42,0,95.2,40,0.0,0,0.0,0,0,0,,,0.0,29.0,0,100.0,100.0,1,1,0.0,0,1,0,64.7,90.2,0,30,0.0,0,18,1,83.3,15,118.8,1,1.4,0,30,1,1.0,30.0,2.0,12.6,0,75.0,33.3,1,3,0.0,0,4,0,74.6,94.8,1,20,0.0,0,65,6,95.4,62,103.1,8,10.8,3,74,10,1.7,12.3,1.19,5.4,0,60.0,28.6,2,7,6.3,1,7,0,66.7,90.1,2,15,0.0,0,120,15,95.0,114,43.1,25,33.8,0,146,63,4.2,9.7,1.28,0,30.2,0,50.0,100.0,3,3,12.5,1,7,0,52.5,97.0,0,64,0.0,0,16,7,87.5,14,135.4,14,18.9,4,254,50,7.1,36.3,18.14,18,-1.0,0,100.0,,0,0,0.0,0,0,0,64.7,61.3,0,2,0.0,0,17,1,94.1,16,79.2,1,1.4,0,2,3,3.0,2.0,0.13,29.9,0,71.4,100.0,2,2,16.7,1,5,0,46.3,96.8,0,62,0.0,0,30,5,83.3,25,153.3,7,9.5,3,160,16,3.2,32.0,6.4,10.0,0,0.0,,0,0,,0,0,0,,59.9,0,0,0.0,0,16,0,87.5,14,39.6,1,1.4,0,0,0,,,0.0,3.7,0,88.9,0.0,0,1,0.0,0,0,0,78.0,63.1,0,8,0.0,0,51,8,94.1,48,84.7,9,12.2,0,39,13,1.6,4.9,0.81,13.0,0,76.9,50.0,2,4,0.0,0,8,0,78.0,96.3,1,21,0.0,0,14,10,92.9,13,117.9,13,17.6,3,138,16,1.6,13.8,10.62,0,,0,,,0,0,,0,0,0,,,0,0,0.0,0,13,0,100.0,13,0.0,0,0.0,0,0,0,,,0.0,64.7,80.7,30.8,0,16.7,,0,0,0.0,0,1,0,0,64,0.0,0,19,1,94.7,18,111.1,6,8.1,1,64,33,33.0,64.0,3.56,14.5,0,100.0,100.0,1,1,0.0,0,4,0,72.1,93.5,0,21,0.0,0,24,4,91.7,22,118.8,4,5.4,0,64,6,1.5,16.0,2.91,4.1,1,75.0,,0,0,0.0,0,3,0,77.3,87.0,0,25,2.6,1,39,9,94.9,37,91.0,12,16.2,0,76,37,4.1,8.4,2.05,4.7,1,69.6,25.0,2,8,3.0,1,10,0,79.9,89.9,2,25,0.0,0,51,32,90.2,46,65.6,46,62.2,0,261,113,3.5,8.2,5.67
Aaron Jones,11937,HB,GB,16,74,-2.8,7,86.5,,0,0,8.6,3,11,0,60.5,92.1,0,23,0.0,0,38,32,97.4,37,107.3,37,50.0,2,201,293,9.2,6.3,5.43,-2.4,6,86.4,,0,0,13.6,3,7,0,45.1,92.1,0,23,0.0,0,38,19,100.0,38,122.7,22,29.7,2,136,182,9.6,7.2,3.58,,0,,,0,0,,0,0,0,,,0,0,7.7,1,13,0,84.6,11,0.0,0,0.0,0,0,0,,,0.0,11.0,0,0.0,,0,0,,0,0,0,,60.0,0,0,19.5,8,41,0,78.0,32,39.6,1,1.4,0,0,0,,,0.0,1.6,3,81.8,0.0,0,1,10.0,1,4,0,56.7,92.1,0,26,3.6,2,55,9,85.5,47,140.5,11,14.9,1,115,99,11.0,12.8,2.45,0,33.5,0,50.0,0.0,0,1,0.0,0,1,0,64.7,72.7,0,75,0.0,0,2,1,100.0,2,95.8,2,2.7,0,75,40,40.0,75.0,37.5,12,-3.7,0,88.9,,0,0,0.0,0,2,0,77.3,81.0,0,13,6.7,1,15,8,86.7,13,81.5,9,12.2,0,32,62,7.8,4.0,2.46,,0,,,0,0,,0,0,0,,,0,0,27.3,3,11,0,72.7,8,0.0,0,0.0,0,0,0,,,0.0,14.3,0,66.7,0.0,0,1,0.0,0,2,0,68.3,90.8,0,23,23.5,4,17,2,76.5,13,141.7,3,4.1,2,32,11,5.5,16.0,2.46,0.4,0,87.5,,0,0,0.0,0,2,1,75.6,56.7,0,10,22.2,12,54,7,77.8,42,84.4,8,10.8,0,34,31,4.4,4.9,0.81,14.0,0,40.0,0.0,0,1,0.0,0,2,0,68.3,90.1,0,23,0.0,0,5,2,100.0,5,101.7,5,6.8,2,32,11,5.5,16.0,6.4,0,-3.0,1,83.3,,0,0,0.0,0,2,0,73.4,71.6,0,19,0.0,0,10,5,100.0,10,89.6,6,8.1,0,33,49,9.8,6.6,3.3,64.7,72.7,33.5,0,50.0,0.0,0,1,0.0,0,1,0,0,75,20.8,5,24,1,75.0,18,95.8,2,2.7,0,75,40,40.0,75.0,4.17,16.0,0,0.0,,0,0,,0,0,0,,60.0,0,0,42.1,8,19,0,57.9,11,39.6,1,1.4,0,0,0,,,0.0,1.5,0,90.9,100.0,1,1,9.1,1,4,0,58.5,90.1,0,12,13.5,7,52,10,86.5,45,120.8,11,14.9,1,63,51,5.1,6.3,1.4,1.2,3,86.7,50.0,1,2,7.1,2,10,1,64.1,91.4,0,26,0.0,0,30,26,100.0,30,118.3,30,40.5,2,212,181,7.0,8.2,7.07
Elijah Moore,84302,WR,NYJ,11,74,-3.5,4,92.3,,0,0,0.0,0,2,0,79.4,79.0,0,13,0.0,0,13,12,100.0,13,80.1,13,17.6,0,42,83,6.9,3.5,3.23,-3.8,3,100.0,,0,0,0.0,0,1,0,76.5,77.5,0,11,0.0,0,18,8,100.0,18,79.2,8,10.8,0,20,50,6.3,2.5,1.11,29.4,0,60.0,0.0,0,1,0.0,0,3,0,70.5,90.1,0,29,0.0,0,7,3,85.7,6,104.2,5,6.8,0,73,10,3.3,24.3,12.17,13.4,0,63.6,,0,0,0.0,0,6,0,75.6,95.8,0,62,0.0,0,33,7,97.0,32,146.8,11,14.9,3,154,67,9.6,22.0,4.81,4.7,1,50.0,50.0,1,2,25.0,1,2,0,36.2,69.1,0,15,0.0,0,66,3,98.5,65,107.6,6,8.1,1,35,16,5.3,11.7,0.54,0,29.2,0,40.0,0.0,0,3,11.1,1,8,0,54.9,91.0,2,29,0.0,0,23,8,87.0,20,52.7,20,27.0,1,193,20,2.5,24.1,9.65,22,-3.0,1,66.7,,0,0,0.0,0,1,0,68.3,74.0,0,13,0.0,0,10,2,100.0,10,71.5,3,4.1,0,10,15,7.5,5.0,1.0,28.5,0,25.0,,0,0,33.3,1,2,0,30.0,56.1,1,27,0.0,0,15,2,80.0,12,51.0,8,10.8,1,46,2,1.0,23.0,3.83,12.9,0,57.1,100.0,2,2,0.0,0,4,0,74.6,94.3,0,15,0.0,0,13,4,84.6,11,80.7,7,9.5,0,52,0,0.0,13.0,4.73,4.1,0,42.9,0.0,0,2,0.0,0,1,0,70.5,62.2,0,9,0.0,0,38,3,100.0,38,50.3,7,9.5,0,21,12,4.0,7.0,0.55,13.0,0,52.2,100.0,2,2,0.0,0,11,0,80.6,96.7,2,62,0.0,0,25,12,92.0,23,88.9,23,31.1,3,221,71,5.9,18.4,9.61,0,-3.0,0,100.0,,0,0,0.0,0,0,0,68.3,61.7,0,7,0.0,0,10,2,90.0,9,91.7,2,2.7,0,12,18,9.0,6.0,1.33,70.5,93.6,29.7,0,42.9,0.0,0,2,0.0,0,3,0,1,26,0.0,0,13,3,92.3,12,42.3,7,9.5,0,74,8,2.7,24.7,6.17,12.2,0,20.0,,0,0,0.0,0,1,0,64.7,70.1,2,15,7.1,1,14,1,85.7,12,0.0,5,6.8,0,15,4,4.0,15.0,1.25,4.8,0,100.0,100.0,1,1,0.0,0,0,0,73.4,70.3,0,9,0.0,0,39,5,92.3,36,88.3,5,6.8,0,26,2,0.4,5.2,0.72,4.5,1,61.1,40.0,2,5,8.3,1,3,0,60.2,70.7,0,15,0.0,0,19,11,94.7,18,90.5,18,24.3,1,82,30,2.7,7.5,4.56
Gabriel Davis,55410,WR,BUF,18,74,-1.8,0,75.0,100.0,1,1,25.0,1,0,0,36.2,49.3,0,5,0.0,0,4,3,100.0,4,77.1,4,5.4,0,6,11,3.7,2.0,1.5,-1.5,0,100.0,100.0,1,1,0.0,0,0,0,68.3,61.3,0,3,0.0,0,26,2,100.0,26,79.2,2,2.7,0,1,4,2.0,0.5,0.04,28.8,0,63.6,0.0,0,1,0.0,0,7,0,75.6,99.1,1,75,0.0,0,23,7,95.7,22,108.9,11,14.9,4,247,41,5.9,35.3,11.23,14.8,2,77.8,100.0,3,3,6.7,1,13,0,64.4,97.4,0,28,0.0,0,41,14,95.1,39,158.3,18,24.3,4,271,58,4.1,19.4,6.95,6.3,1,62.5,100.0,3,3,16.7,1,5,0,46.3,90.0,0,16,0.0,0,73,5,94.5,69,116.1,8,10.8,1,43,15,3.0,8.6,0.62,0,30.8,0,42.1,33.3,1,3,0.0,0,8,0,76.5,98.5,1,75,0.0,0,19,8,100.0,19,106.9,19,25.7,4,283,44,5.5,35.4,14.89,4,-2.0,0,100.0,,0,0,0.0,0,0,0,64.7,61.1,0,5,0.0,0,17,1,94.1,16,87.5,1,1.4,0,5,7,7.0,5.0,0.31,38.0,0,0.0,,0,0,,0,0,0,,58.6,0,0,15.4,2,13,0,84.6,11,39.6,2,2.7,0,0,0,,,0.0,12.0,0,80.0,100.0,2,2,0.0,0,4,0,72.1,94.4,0,12,0.0,0,22,4,90.9,20,136.3,5,6.8,1,36,-1,-0.3,9.0,1.8,5.2,0,33.3,,0,0,0.0,0,1,0,70.5,68.6,0,12,0.0,0,31,2,90.3,28,43.1,6,8.1,0,19,10,5.0,9.5,0.68,14.3,3,77.4,83.3,5,6,7.7,2,22,0,62.3,99.0,0,28,0.0,0,32,24,96.9,31,158.3,31,41.9,6,419,90,3.8,17.5,13.52,0,-2.0,0,0.0,,0,0,100.0,1,0,0,27.9,40.0,0,0,0.0,0,9,0,100.0,9,39.6,1,1.4,0,0,0,,,0.0,64.7,90.4,32.0,0,16.7,50.0,1,2,0.0,0,1,0,0,36,0.0,0,20,1,90.0,18,52.1,6,8.1,0,36,3,3.0,36.0,2.0,14.5,1,75.0,0.0,0,1,14.3,1,5,0,49.2,94.0,0,26,3.8,1,26,6,84.6,22,156.3,8,10.8,1,112,33,5.5,18.7,5.09,4.8,0,50.0,,0,0,0.0,0,2,0,70.5,78.4,0,15,0.0,0,37,3,97.3,36,58.3,6,8.1,0,21,11,3.7,7.0,0.58,5.5,1,50.0,100.0,3,3,9.1,1,8,0,60.6,89.2,0,16,0.0,0,21,10,95.2,20,77.7,20,27.0,1,83,36,3.6,8.3,4.15
DeVante Parker,9447,WR,MIA,10,73,,0,,,0,0,,0,0,0,,,0,0,,0,0,0,,0,0.0,0,0.0,0,0,0,,,,,0,,,0,0,,0,0,0,,,0,0,0.0,0,22,0,95.5,21,0.0,0,0.0,0,0,0,,,0.0,44.5,0,0.0,0.0,0,2,100.0,1,0,0,27.9,40.6,0,0,0.0,0,9,0,77.8,7,39.6,2,2.7,0,0,0,,,0.0,13.7,0,47.4,42.9,3,7,10.0,1,9,0,58.5,93.2,1,23,0.0,0,43,9,95.3,41,64.8,19,26.0,1,126,24,2.7,14.0,3.07,5.4,1,81.3,50.0,3,6,0.0,0,7,0,80.0,94.0,0,15,0.0,0,65,13,95.4,62,118.8,16,21.9,1,120,46,3.5,9.2,1.94,0,32.3,0,55.6,66.7,4,6,16.7,1,5,0,45.8,95.1,0,42,0.0,0,12,5,75.0,9,100.5,9,12.3,0,157,13,2.6,31.4,17.44,17,,0,,,0,0,,0,0,0,,,0,0,0.0,0,9,0,100.0,9,0.0,0,0.0,0,0,0,,,0.0,27.3,0,66.7,100.0,1,1,0.0,0,2,0,68.3,93.3,0,37,0.0,0,14,2,85.7,12,109.7,3,4.1,0,62,9,4.5,31.0,5.17,14.9,0,28.6,0.0,0,2,0.0,0,2,0,68.3,85.0,1,16,0.0,0,23,2,87.0,20,6.5,7,9.6,0,32,5,2.5,16.0,1.6,4.9,0,71.4,50.0,1,2,16.7,1,4,0,45.8,83.9,0,12,0.0,0,42,5,92.9,39,81.8,7,9.6,0,34,12,2.4,6.8,0.87,14.3,0,40.0,36.4,4,11,14.3,2,12,0,48.0,92.7,2,23,0.0,0,32,12,93.8,30,43.1,30,41.1,1,175,30,2.5,14.6,5.83,0,,0,,,0,0,,0,0,0,,,0,0,0.0,0,5,0,100.0,5,0.0,0,0.0,0,0,0,,,0.0,70.5,96.1,30.0,0,75.0,100.0,3,3,0.0,0,3,0,0,42,0.0,0,12,3,75.0,9,116.7,4,5.5,0,95,4,1.3,31.7,10.56,16.3,0,25.0,50.0,1,2,50.0,1,1,0,28.9,58.2,0,17,0.0,0,14,1,100.0,14,44.8,4,5.5,0,17,1,1.0,17.0,1.21,6.1,1,45.5,40.0,2,5,0.0,0,1,0,73.4,68.5,0,9,0.0,0,47,5,97.9,46,52.5,11,15.1,0,29,7,1.4,5.8,0.63,5.5,2,67.6,46.2,6,13,4.2,1,12,0,72.8,92.8,0,15,0.0,0,34,23,100.0,34,90.7,34,46.6,1,183,65,2.8,8.0,5.38
Emmanuel Sanders,5606,WR,BUF,16,72,-2.0,0,100.0,,0,0,0.0,0,1,0,68.3,75.7,0,7,0.0,0,2,2,100.0,2,79.2,2,2.8,0,4,8,4.0,2.0,2.0,-3.0,0,100.0,,0,0,0.0,0,0,0,64.7,60.8,0,-3,0.0,0,29,1,100.0,29,79.2,1,1.4,0,-3,0,0.0,-3.0,-0.1,30.9,0,50.0,50.0,1,2,0.0,0,4,0,72.1,91.5,0,41,0.0,0,17,4,94.1,16,95.8,8,11.1,0,108,12,3.0,27.0,6.75,14.8,0,50.0,100.0,1,1,0.0,0,6,0,74.6,90.7,1,21,0.0,0,49,6,93.9,46,44.4,12,16.7,0,102,22,3.7,17.0,2.22,5.7,0,80.0,,0,0,7.7,1,5,0,63.2,90.0,0,11,0.0,0,117,12,96.6,113,94.7,15,20.8,0,101,35,2.9,8.4,0.89,0,32.2,0,50.0,25.0,1,4,0.0,0,9,0,78.7,98.4,0,41,0.0,0,21,9,85.7,18,135.4,18,25.0,3,271,19,2.1,30.1,15.06,4,-1.0,0,100.0,,0,0,0.0,0,1,0,64.7,78.3,0,7,0.0,0,24,1,100.0,24,95.8,1,1.4,0,7,8,8.0,7.0,0.29,34.7,0,50.0,0.0,0,1,0.0,0,3,0,72.1,94.9,0,35,0.0,0,19,3,89.5,17,135.4,6,8.3,2,104,6,2.0,34.7,6.12,14.9,0,71.4,50.0,1,2,0.0,0,10,0,78.0,96.3,0,17,0.0,0,38,10,97.4,37,141.7,14,19.4,2,136,1,0.1,13.6,3.68,6.5,0,50.0,0.0,0,1,0.0,0,0,0,64.7,64.0,0,9,0.0,0,54,1,94.4,51,62.5,2,2.8,0,9,0,0.0,9.0,0.18,15.1,0,60.0,75.0,3,4,0.0,0,18,0,82.7,96.1,1,21,0.0,0,33,18,90.9,30,98.6,30,41.7,2,275,28,1.6,15.3,9.17,0,,0,,,0,0,,0,0,0,,,0,0,0.0,0,15,0,100.0,15,0.0,0,0.0,0,0,0,,,0.0,70.5,97.5,31.0,0,50.0,0.0,0,1,0.0,0,2,0,0,31,0.0,0,22,2,81.8,18,135.4,4,5.6,1,59,1,0.5,29.5,3.28,16.5,0,50.0,100.0,1,1,0.0,0,2,0,68.3,84.5,0,21,0.0,0,25,2,88.0,22,82.3,4,5.6,0,37,5,2.5,18.5,1.68,5.0,0,60.0,,0,0,25.0,1,0,0,36.2,59.2,0,9,0.0,0,54,3,92.6,50,67.1,5,6.9,0,18,5,1.7,6.0,0.36,5.6,0,72.7,0.0,0,1,11.1,2,5,0,54.3,84.2,0,11,0.0,0,25,16,88.0,22,86.9,22,30.6,0,128,40,2.5,8.0,5.82
Jamison Crowder,9538,WR,NYJ,12,71,-2.4,1,85.7,,0,0,0.0,0,2,0,74.6,69.5,0,10,0.0,0,7,6,100.0,7,79.2,7,9.9,0,10,25,4.2,1.7,1.43,-1.0,0,100.0,,0,0,0.0,0,1,0,64.7,60.5,0,3,0.0,0,25,1,100.0,25,79.2,1,1.4,0,3,4,4.0,3.0,0.12,,0,,,0,0,,0,0,0,,,0,0,0.0,0,8,0,75.0,6,0.0,0,0.0,0,0,0,,,0.0,12.8,0,75.0,,0,0,0.0,0,3,0,70.5,91.5,1,19,0.0,0,44,3,95.5,42,76.0,4,5.6,0,49,10,3.3,16.3,1.17,5.4,5,89.5,50.0,1,2,0.0,0,5,1,82.2,91.4,1,26,0.0,0,81,17,97.5,79,81.1,19,26.8,0,166,73,4.3,9.8,2.1,0,27.0,0,33.3,0.0,0,1,0.0,0,1,0,64.7,84.5,0,29,0.0,0,4,1,75.0,3,70.1,3,4.2,0,29,2,2.0,29.0,9.67,22,-3.0,1,100.0,,0,0,0.0,0,1,0,72.1,72.1,0,10,0.0,0,13,4,100.0,13,79.2,4,5.6,0,2,14,3.5,0.5,0.15,25.5,0,50.0,0.0,0,1,0.0,0,1,0,64.7,90.2,0,29,5.9,1,17,1,76.5,13,95.8,2,2.8,0,29,2,2.0,29.0,2.23,10.3,0,66.7,,0,0,0.0,0,1,0,68.3,88.7,0,13,0.0,0,14,2,100.0,14,91.0,3,4.2,0,24,3,1.5,12.0,1.71,4.3,0,66.7,33.3,1,3,7.7,1,4,0,63.2,80.5,0,14,1.9,1,53,12,94.3,50,76.2,18,25.4,0,80,26,2.2,6.7,1.6,13.1,0,54.5,0.0,0,1,0.0,0,5,0,74.6,93.8,1,21,0.0,0,11,6,100.0,11,45.3,11,15.5,0,94,18,3.0,15.7,8.55,0,-2.0,0,50.0,,0,0,0.0,0,0,0,64.7,60.0,0,5,0.0,0,11,1,90.9,10,56.3,2,2.8,0,5,7,7.0,5.0,0.5,,57.4,30.0,0,0.0,,0,0,,0,0,0,0,0,0.0,0,18,0,83.3,15,39.6,1,1.4,0,0,0,,,0.0,15.5,0,25.0,0.0,0,1,0.0,0,1,0,64.7,83.7,0,21,0.0,0,18,1,88.9,16,49.0,4,5.6,0,21,5,5.0,21.0,1.31,4.3,1,69.2,,0,0,10.0,1,5,0,56.7,82.9,0,12,0.0,0,44,9,95.5,42,121.2,13,18.3,2,68,31,3.4,7.6,1.62,4.7,6,76.0,40.0,2,5,5.0,2,14,1,73.2,91.6,1,26,0.0,0,52,38,96.2,50,96.6,50,70.4,2,314,130,3.4,8.3,6.28
Byron Pringle,42345,WR,KC,19,71,-1.4,2,80.0,,0,0,20.0,1,2,0,41.6,70.0,0,8,0.0,0,5,4,100.0,5,84.2,5,7.0,0,21,27,6.8,5.3,4.2,-2.0,2,100.0,,0,0,0.0,0,1,0,64.7,78.2,0,8,0.0,0,45,1,95.6,43,100.0,1,1.4,0,8,10,10.0,8.0,0.19,23.0,0,60.0,50.0,1,2,25.0,1,3,0,36.2,89.5,0,25,0.0,0,12,3,75.0,9,104.2,5,7.0,0,69,0,0.0,23.0,7.67,13.1,1,70.0,100.0,1,1,22.2,2,7,0,32.2,90.5,0,28,0.0,0,38,7,92.1,35,139.2,10,14.1,1,109,28,4.0,15.6,3.11,4.9,5,80.0,50.0,1,2,9.1,2,10,0,58.3,81.6,0,40,0.0,0,114,20,98.2,112,135.1,25,35.2,3,173,84,4.2,8.7,1.54,0,27.3,0,57.1,50.0,2,4,20.0,2,8,0,35.3,94.6,0,37,0.0,0,14,8,100.0,14,125.6,14,19.7,1,204,17,2.1,25.5,14.57,16,-1.0,0,100.0,,0,0,0.0,0,1,0,68.3,76.4,0,7,0.0,0,24,2,100.0,24,87.5,2,2.8,0,10,12,6.0,5.0,0.42,23.5,0,50.0,0.0,0,1,0.0,0,1,0,64.7,90.2,0,37,0.0,0,14,1,85.7,12,95.8,2,2.8,0,37,13,13.0,37.0,3.08,11.5,0,50.0,,0,0,0.0,0,0,0,64.7,76.9,0,19,0.0,0,18,1,61.1,11,83.3,2,2.8,0,19,9,9.0,19.0,1.73,3.2,0,60.0,0.0,0,1,0.0,0,1,0,70.5,73.1,0,9,0.0,0,40,3,97.5,39,70.4,5,7.0,0,22,15,5.0,7.3,0.56,13.0,1,70.6,100.0,2,2,14.3,2,10,0,46.0,94.2,0,28,0.0,0,18,12,94.4,17,143.4,17,23.9,3,175,45,3.8,14.6,10.29,0,-1.5,0,50.0,,0,0,50.0,1,0,0,28.8,43.3,0,3,0.0,0,19,1,100.0,19,56.3,2,2.8,0,3,5,5.0,3.0,0.16,41.6,92.3,31.4,0,57.1,100.0,1,1,20.0,1,4,0,0,27,0.0,0,24,4,83.3,20,141.4,7,9.9,1,98,4,1.0,24.5,4.9,13.4,0,80.0,100.0,1,1,0.0,0,3,0,72.1,93.8,0,18,0.0,0,25,4,100.0,25,145.4,5,7.0,2,47,8,2.0,11.8,1.88,4.0,0,100.0,100.0,1,1,0.0,0,5,0,73.4,94.6,0,15,0.0,0,30,5,86.7,26,138.8,5,7.0,1,39,26,5.2,7.8,1.5,4.5,5,80.0,50.0,2,4,6.7,2,16,0,66.0,91.1,0,40,0.0,0,36,28,97.2,35,132.6,35,49.3,4,234,125,4.5,8.4,6.69
Cedrick Wilson,48170,WR,DAL,16,71,-4.1,0,88.9,,0,0,11.1,1,3,0,54.5,73.4,0,16,0.0,0,9,8,100.0,9,82.4,9,12.7,0,34,67,8.4,4.3,3.78,-4.0,0,0.0,,0,0,100.0,1,0,0,27.9,40.0,0,0,0.0,0,16,0,100.0,16,39.6,1,1.4,0,0,0,,,0.0,22.8,0,66.7,66.7,2,3,20.0,1,3,0,45.8,98.4,1,73,0.0,0,14,4,85.7,12,109.7,6,8.5,1,149,58,14.5,37.3,12.42,13.1,0,55.6,100.0,1,1,0.0,0,4,0,45.8,91.0,0,37,0.0,0,38,5,78.9,30,88.7,9,12.7,0,87,19,3.8,17.4,2.9,5.4,1,71.4,33.3,1,3,6.3,1,4,2,65.9,74.1,1,18,0.0,0,103,15,94.2,97,66.4,21,29.6,0,124,50,3.3,8.3,1.28,0,29.4,1,50.0,50.0,3,6,12.5,1,6,0,54.5,99.1,1,73,0.0,0,15,7,93.3,14,105.7,14,19.7,2,259,88,12.6,37.0,18.5,9,-4.6,0,100.0,,0,0,0.0,0,2,0,75.6,76.6,0,16,0.0,0,18,7,100.0,18,85.1,7,9.9,0,31,63,9.0,4.4,1.72,29.0,1,75.0,50.0,1,2,0.0,0,3,0,70.5,97.0,0,51,0.0,0,15,3,86.7,13,156.3,4,5.6,1,110,30,10.0,36.7,8.46,14.0,0,66.7,0.0,0,1,0.0,0,2,0,68.3,91.9,0,13,4.2,1,24,2,83.3,20,118.1,3,4.2,1,15,0,0.0,7.5,0.75,2.0,1,100.0,,0,0,0.0,0,4,0,75.6,90.6,0,18,0.0,0,46,7,97.8,45,143.2,7,9.9,1,62,48,6.9,8.9,1.38,13.8,1,66.7,33.3,1,3,0.0,0,11,0,61.8,95.9,0,37,0.0,0,20,12,90.0,18,138.0,18,25.4,3,176,30,2.5,14.7,9.78,0,-1.0,0,100.0,,0,0,0.0,0,1,0,64.7,78.0,0,3,0.0,0,9,1,88.9,8,79.2,1,1.4,0,3,4,4.0,3.0,0.38,,55.1,39.8,0,0.0,0.0,0,1,,0,0,0,0,0,0.0,0,20,0,95.0,19,39.6,4,5.6,0,0,0,,,0.0,14.7,1,83.3,0.0,0,1,0.0,0,5,0,73.4,94.5,0,23,0.0,0,20,5,90.0,18,157.6,6,8.5,2,74,11,2.2,14.8,4.11,6.0,0,50.0,100.0,1,1,0.0,0,0,0,68.3,73.9,0,9,2.4,1,42,1,88.1,37,62.5,2,2.8,0,9,0,0.0,9.0,0.24,4.7,2,76.7,50.0,2,4,4.2,1,8,2,73.7,86.8,1,18,0.0,0,31,23,96.8,30,90.3,30,42.3,1,195,98,4.3,8.5,6.5
Rondale Moore,62890,WR,ARZ,15,70,-3.7,9,90.2,0.0,0,1,2.6,1,10,1,81.0,90.4,2,29,0.0,0,41,37,100.0,41,65.2,41,58.6,0,186,329,8.9,5.0,4.54,-3.8,4,90.0,0.0,0,1,3.6,1,8,1,75.7,83.5,1,29,0.0,0,47,27,100.0,47,72.1,30,42.9,0,139,245,9.1,5.1,2.96,,0,,,0,0,,0,0,0,,,0,0,0.0,0,9,0,88.9,8,0.0,0,0.0,0,0,0,,,0.0,11.0,0,100.0,100.0,1,1,0.0,0,1,0,64.7,48.9,0,11,0.0,0,23,1,100.0,23,112.5,1,1.4,0,11,0,0.0,11.0,0.48,3.2,2,85.7,50.0,1,2,0.0,0,4,0,79.4,83.4,1,16,0.0,0,49,12,100.0,49,62.8,14,20.0,0,87,56,4.7,7.3,1.78,0,31.3,0,50.0,100.0,1,1,0.0,0,2,0,68.3,94.3,0,77,0.0,0,5,2,80.0,4,135.4,4,5.7,1,110,41,20.5,55.0,27.5,1,-3.8,4,100.0,,0,0,0.0,0,1,0,73.4,90.1,0,10,0.0,0,12,5,100.0,12,80.0,5,7.1,0,16,35,7.0,3.2,1.33,31.3,0,50.0,100.0,1,1,0.0,0,2,0,68.3,94.9,0,77,0.0,0,15,2,100.0,15,135.4,4,5.7,1,110,41,20.5,55.0,7.33,17.0,0,100.0,,0,0,0.0,0,1,0,64.7,79.6,0,18,0.0,0,13,1,84.6,11,118.8,1,1.4,0,18,1,1.0,18.0,1.64,1.0,1,80.0,,0,0,0.0,0,1,0,72.1,80.5,0,18,0.0,0,17,4,100.0,17,90.0,5,7.1,0,28,23,5.8,7.0,1.65,14.0,0,50.0,100.0,1,1,33.3,1,2,0,29.9,51.6,0,18,0.0,0,4,2,100.0,4,74.0,4,5.7,0,29,1,0.5,14.5,7.25,0,-3.2,1,83.3,,0,0,0.0,0,1,0,73.4,76.1,1,8,0.0,0,15,5,100.0,15,48.6,6,8.6,0,31,49,9.8,6.2,2.07,,59.9,,0,,,0,0,,0,0,0,0,0,0.0,0,18,0,88.9,16,0.0,0,0.0,0,0,0,,,0.0,14.0,0,0.0,,0,0,100.0,1,0,0,27.9,39.6,0,0,0.0,0,15,0,100.0,15,39.6,2,2.9,0,0,0,,,0.0,6.5,1,100.0,,0,0,0.0,0,2,0,68.3,90.7,0,16,0.0,0,15,2,86.7,13,118.8,2,2.9,0,27,14,7.0,13.5,2.08,3.0,4,85.7,50.0,1,2,0.0,0,7,0,82.7,90.9,1,18,0.0,0,21,18,100.0,21,75.0,21,30.0,0,142,93,5.2,7.9,6.76
Kalif Raymond,11028,WR,DET,16,70,-2.2,2,100.0,,0,0,0.0,0,2,0,78.7,84.5,0,22,0.0,0,11,11,100.0,11,125.0,11,15.7,1,74,98,8.9,6.7,6.73,-2.0,0,100.0,,0,0,0.0,0,1,0,70.5,74.4,0,22,2.3,1,44,3,86.4,38,116.7,3,4.3,0,36,42,14.0,12.0,0.95,30.3,0,42.9,0.0,0,2,0.0,0,3,0,70.5,86.7,0,25,0.0,0,13,3,92.3,12,121.4,7,10.0,1,74,6,2.0,24.7,6.17,14.5,0,60.0,0.0,0,2,0.0,0,6,0,74.6,93.2,1,19,0.0,0,38,6,94.7,36,50.4,10,14.3,0,91,4,0.7,15.2,2.53,5.2,2,93.8,100.0,1,1,6.3,1,9,0,65.9,90.7,0,37,0.0,0,135,15,98.5,133,108.9,16,22.9,0,162,84,5.6,10.8,1.22,0,29.2,0,30.8,0.0,0,2,0.0,0,4,0,72.1,84.9,0,75,0.0,0,14,4,92.9,13,115.1,13,18.6,2,149,58,14.5,37.3,11.46,11,-2.3,1,100.0,,0,0,0.0,0,1,0,72.1,82.5,0,8,0.0,0,11,4,100.0,11,129.2,4,5.7,1,22,31,7.8,5.5,2.0,31.5,0,0.0,,0,0,,0,0,0,,57.4,0,0,0.0,0,17,0,76.5,13,39.6,2,2.9,0,0,0,,,0.0,15.0,0,0.0,,0,0,,0,0,0,,59.9,0,0,0.0,0,20,0,85.0,17,39.6,1,1.4,0,0,0,,,0.0,5.0,0,77.8,33.3,1,3,12.5,1,3,0,52.1,67.7,0,10,0.0,0,52,7,94.2,49,87.0,9,12.9,0,44,9,1.3,6.3,0.9,14.8,0,53.3,0.0,0,2,0.0,0,8,0,76.5,94.5,1,20,0.0,0,15,8,100.0,15,55.1,15,21.4,0,131,7,0.9,16.4,8.73,0,-2.3,1,100.0,,0,0,0.0,0,0,0,72.1,71.5,0,17,0.0,0,15,4,100.0,15,83.3,4,5.7,0,16,25,6.3,4.0,1.07,64.7,70.5,26.0,0,25.0,,0,0,0.0,0,1,0,0,75,0.0,0,9,1,100.0,9,118.8,4,5.7,1,75,52,52.0,75.0,8.33,15.5,0,50.0,,0,0,0.0,0,2,0,68.3,91.4,0,20,0.0,0,21,2,90.5,19,85.4,4,5.7,0,40,3,1.5,20.0,2.11,2.8,0,50.0,0.0,0,1,25.0,1,2,0,36.2,68.9,0,9,0.0,0,48,3,97.9,47,95.8,6,8.6,1,16,11,3.7,5.3,0.34,4.7,2,80.6,40.0,2,5,10.7,3,14,0,52.9,87.8,0,37,0.0,0,31,25,100.0,31,107.3,31,44.3,1,222,104,4.2,8.9,7.16
Josh Jacobs,45953,HB,LV,16,69,-3.5,6,86.8,50.0,1,2,2.9,1,6,0,80.1,91.3,1,29,0.0,0,41,33,92.7,38,75.3,38,55.1,0,179,298,9.0,5.4,4.71,-3.4,5,87.5,50.0,1,2,4.5,1,3,0,73.0,89.9,1,29,4.5,2,44,21,88.6,39,72.4,24,34.8,0,133,207,9.9,6.3,3.41,,0,,,0,0,,0,0,0,,,0,0,29.4,5,17,0,70.6,12,0.0,0,0.0,0,0,0,,,0.0,14.0,0,0.0,,0,0,100.0,1,0,0,27.9,26.1,0,0,13.7,7,51,0,76.5,39,39.6,1,1.4,0,0,0,,,0.0,2.9,2,92.9,,0,0,7.1,1,5,0,63.2,88.0,0,16,12.7,7,55,13,85.5,47,100.3,14,20.3,0,113,78,6.0,8.7,2.4,0,,0,,,0,0,,0,0,0,,,0,0,,0,0,0,,0,0.0,0,0.0,0,0,0,,,,23,-4.0,1,75.0,,0,0,0.0,0,2,0,74.6,90.6,0,15,0.0,0,13,6,100.0,13,81.3,8,11.6,0,32,57,9.5,5.3,2.46,,0,,,0,0,,0,0,0,,,0,0,12.5,1,8,0,87.5,7,0.0,0,0.0,0,0,0,,,0.0,,0,,,0,0,,0,0,0,,,0,0,16.7,3,18,0,83.3,15,0.0,0,0.0,0,0,0,,,0.0,2.7,4,81.8,,0,0,10.0,1,3,0,56.7,89.4,0,12,9.4,5,53,9,90.6,48,90.5,11,15.9,0,63,43,4.8,7.0,1.31,14.0,0,0.0,,0,0,100.0,1,0,0,27.9,26.1,0,0,0.0,0,1,0,100.0,1,39.6,1,1.4,0,0,0,,,0.0,0,-3.3,0,100.0,,0,0,0.0,0,1,0,74.6,70.1,0,11,16.7,3,18,6,77.8,14,79.2,6,8.7,0,14,34,5.7,2.3,1.0,,,,0,,,0,0,,0,0,0,0,0,10.0,1,10,0,70.0,7,0.0,0,0.0,0,0,0,,,0.0,,0,,,0,0,,0,0,0,,,0,0,16.7,2,12,0,75.0,9,0.0,0,0.0,0,0,0,,,0.0,2.4,1,60.0,0.0,0,1,25.0,1,2,0,41.6,56.8,0,17,18.9,10,53,3,79.2,42,82.9,5,7.2,0,37,32,10.7,12.3,0.88,2.7,7,83.3,0.0,0,1,10.7,3,10,0,53.8,90.6,0,17,0.0,0,31,25,96.8,30,96.3,30,43.5,0,213,153,6.1,8.5,7.1
Quez Watkins,61664,WR,PHI,18,68,-3.2,5,91.7,,0,0,0.0,0,3,0,78.7,84.6,0,36,0.0,0,12,11,100.0,12,116.0,12,17.6,1,62,94,8.5,5.6,5.17,-3.3,3,100.0,,0,0,0.0,0,2,0,77.3,76.2,0,11,0.0,0,50,9,98.0,49,79.2,9,13.2,0,20,50,5.6,2.2,0.41,31.0,0,50.0,100.0,1,1,0.0,0,1,0,64.7,80.8,0,39,0.0,0,11,1,100.0,11,95.8,2,2.9,0,39,2,2.0,39.0,3.55,13.0,0,33.3,33.3,1,3,0.0,0,1,0,70.5,80.0,1,10,0.0,0,23,2,91.3,21,4.2,6,8.8,0,20,0,0.0,10.0,0.95,4.1,2,87.5,100.0,4,4,0.0,0,4,0,75.6,93.1,0,11,0.0,0,58,7,98.3,57,93.8,8,11.8,0,52,21,3.0,7.4,0.91,0,33.2,1,40.0,40.0,2,5,11.1,1,8,0,56.7,98.4,2,91,0.0,0,21,8,95.2,20,47.9,20,29.4,0,334,72,9.0,41.8,16.7,24,-3.5,0,50.0,,0,0,0.0,0,0,0,64.7,60.0,0,6,0.0,0,10,1,100.0,10,56.3,2,2.9,0,6,7,7.0,6.0,0.6,35.8,0,30.8,33.3,1,3,20.0,1,4,0,41.6,93.3,1,53,0.0,0,33,4,93.9,31,46.0,13,19.1,0,157,19,4.8,39.3,5.06,16.8,0,50.0,0.0,0,2,0.0,0,2,0,68.3,92.3,0,22,0.0,0,24,2,100.0,24,89.6,4,5.9,0,44,11,5.5,22.0,1.83,3.0,0,50.0,,0,0,0.0,0,1,0,64.7,75.0,0,18,0.0,0,24,1,87.5,21,81.3,2,2.9,0,18,18,18.0,18.0,0.86,15.4,0,56.3,33.3,2,6,0.0,0,8,0,78.0,96.9,1,27,0.0,0,17,9,94.1,16,67.2,16,23.5,0,170,32,3.6,18.9,10.63,0,-1.0,2,100.0,,0,0,0.0,0,1,0,64.7,90.9,0,36,0.0,0,16,1,87.5,14,158.3,1,1.5,1,36,37,37.0,36.0,2.57,72.1,99.2,27.0,1,60.0,0.0,0,1,0.0,0,3,0,1,91,4.3,1,23,3,91.3,21,64.6,5,7.4,0,138,51,17.0,46.0,6.57,16.8,0,83.3,100.0,1,1,0.0,0,5,0,73.4,97.4,0,27,0.0,0,39,5,92.3,36,118.8,6,8.8,0,106,21,4.2,21.2,2.94,2.8,0,90.0,,0,0,0.0,0,2,0,78.0,76.9,0,12,0.0,0,59,9,91.5,54,85.8,10,14.7,0,46,23,2.6,5.1,0.85,3.4,2,85.0,100.0,4,4,0.0,0,7,0,82.7,92.2,0,18,0.0,0,22,17,90.9,20,90.8,20,29.4,0,116,62,3.6,6.8,5.8
Evan Engram,11778,TE,NYG,15,67,-4.1,0,70.0,,0,0,22.2,2,3,0,32.2,68.4,0,20,0.0,0,10,7,100.0,10,80.0,10,14.9,0,47,82,11.7,6.7,4.7,-5.0,0,100.0,,0,0,0.0,0,3,0,74.6,92.3,0,20,2.6,1,38,6,89.5,34,100.7,6,9.0,0,49,79,13.2,8.2,1.44,,0,,,0,0,,0,0,0,,59.9,0,0,9.1,1,11,0,81.8,9,0.0,0,0.0,0,0,0,,,0.0,13.1,0,85.7,100.0,1,1,0.0,0,5,1,74.6,92.9,1,18,5.7,2,35,6,91.4,32,118.8,7,10.4,1,88,16,2.7,14.7,2.75,4.9,0,65.4,40.0,2,5,10.5,2,5,0,54.3,72.0,0,18,0.9,1,114,17,93.9,107,78.0,26,38.8,0,134,50,2.9,7.9,1.25,0,29.7,0,33.3,50.0,1,2,0.0,0,1,0,64.7,74.7,0,30,0.0,0,4,1,75.0,3,111.1,3,4.5,1,30,3,3.0,30.0,10.0,21,-3.3,0,33.3,,0,0,50.0,1,0,0,28.9,37.6,0,-2,0.0,0,13,1,100.0,13,42.4,3,4.5,0,-2,3,3.0,-2.0,-0.15,31.0,0,0.0,0.0,0,1,,0,0,0,,45.6,0,0,0.0,0,9,0,100.0,9,39.6,2,3.0,0,0,0,,,0.0,11.0,0,100.0,,0,0,0.0,0,1,0,64.7,79.1,0,13,5.9,1,17,1,88.2,15,118.8,1,1.5,0,13,2,2.0,13.0,0.87,3.0,0,100.0,,0,0,0.0,0,2,0,74.6,79.9,0,10,9.5,4,42,6,88.1,37,88.2,6,9.0,0,31,13,2.2,5.2,0.84,12.8,0,80.0,100.0,1,1,0.0,0,7,1,76.5,95.5,1,18,0.0,0,10,8,100.0,10,107.9,10,14.9,1,114,18,2.3,14.3,11.4,0,-1.0,0,0.0,,0,0,100.0,1,0,0,27.9,41.5,0,0,0.0,0,13,0,92.3,12,39.6,1,1.5,0,0,0,,,0.0,64.7,90.8,27.0,0,100.0,100.0,1,1,0.0,0,1,0,0,30,11.8,2,17,1,76.5,13,158.3,1,1.5,1,30,3,3.0,30.0,2.31,12.5,0,50.0,,0,0,0.0,0,1,0,64.7,93.9,0,13,7.1,2,28,1,82.1,23,70.8,2,3.0,0,13,0,0.0,13.0,0.57,3.3,2,58.3,50.0,2,4,0.0,0,3,0,75.6,83.3,1,18,4.1,3,73,7,93.2,68,61.8,12,17.9,1,52,30,4.3,7.4,0.76,4.2,2,68.2,44.4,4,9,6.3,2,10,0,67.3,82.9,1,18,0.0,0,46,30,95.7,44,77.6,44,65.7,1,217,93,3.1,7.2,4.93
Ezekiel Elliott,10638,HB,DAL,18,67,-3.6,4,76.9,0.0,0,2,0.0,0,7,0,73.7,85.8,0,14,0.0,0,31,20,83.9,26,93.9,26,38.8,1,93,169,8.5,4.7,3.58,-4.1,1,76.9,,0,0,0.0,0,4,0,60.6,83.8,0,14,0.0,0,33,10,87.9,29,85.7,13,19.4,0,61,107,10.7,6.1,2.1,27.0,0,0.0,,0,0,,0,0,0,,59.8,0,0,10.0,2,20,0,90.0,18,39.6,1,1.5,0,0,0,,,0.0,10.0,0,0.0,0.0,0,1,,0,0,0,,59.0,0,0,17.8,8,45,0,73.3,33,39.6,1,1.5,0,0,0,,,0.0,2.0,3,78.6,75.0,3,4,8.3,1,4,0,60.2,84.8,0,18,6.4,7,110,11,90.0,99,111.6,14,20.9,1,71,52,4.7,6.5,0.72,0,27.0,0,0.0,,0,0,,0,0,0,,59.8,0,0,0.0,0,1,0,100.0,1,39.6,1,1.5,0,0,0,,,0.0,9,-3.0,2,62.5,0.0,0,2,0.0,0,1,0,74.6,68.2,0,4,11.5,3,26,5,84.6,22,66.7,8,11.9,0,14,28,5.6,2.8,0.64,,0,,,0,0,,0,0,0,,,0,0,43.8,7,16,0,50.0,8,0.0,0,0.0,0,0,0,,,0.0,,0,,,0,0,,0,0,0,64.7,81.5,0,0,21.1,8,38,0,63.2,24,0.0,0,0.0,0,0,0,,,0.0,1.7,0,66.7,,0,0,0.0,0,2,0,78.0,91.0,1,19,14.5,9,62,8,79.0,49,45.8,12,17.9,0,66,52,6.5,8.3,1.35,14.0,0,0.0,0.0,0,1,,0,0,0,64.7,69.8,0,0,0.0,0,3,0,66.7,2,39.6,2,3.0,0,0,0,,,0.0,0,-3.2,1,100.0,,0,0,0.0,0,2,0,75.6,83.7,0,11,0.0,0,19,5,89.5,17,121.3,5,7.5,1,18,34,6.8,3.6,1.06,,,,0,,,0,0,,0,0,0,0,0,23.1,6,26,0,76.9,20,0.0,0,0.0,0,0,0,,,0.0,18.0,0,0.0,,0,0,,0,0,0,,59.7,0,0,29.6,8,27,0,70.4,19,39.6,1,1.5,0,0,0,,,0.0,1.8,0,75.0,,0,0,10.0,1,3,0,56.7,73.9,0,21,13.8,8,58,9,79.3,46,84.4,12,17.9,0,57,44,4.9,6.3,1.24,1.8,3,73.7,75.0,3,4,6.7,2,9,0,67.3,91.0,1,21,0.0,0,41,28,92.7,38,81.0,38,56.7,1,180,134,4.8,6.4,4.74
Zach Pascal,12303,WR,IND,16,67,-3.3,0,85.7,,0,0,0.0,0,0,0,74.6,70.2,0,9,0.0,0,7,6,100.0,7,79.2,7,10.4,0,11,31,5.2,1.8,1.57,-3.6,0,80.0,,0,0,0.0,0,0,0,72.1,61.2,0,2,0.0,0,49,4,98.0,48,79.2,5,7.5,0,-4,11,2.8,-1.0,-0.08,38.5,0,0.0,0.0,0,1,,0,0,0,,57.2,0,0,0.0,0,9,0,88.9,8,39.6,2,3.0,0,0,0,,,0.0,13.2,0,66.7,50.0,1,2,0.0,0,6,0,74.6,94.3,1,16,0.0,0,43,6,93.0,40,91.0,9,13.4,3,72,3,0.5,12.0,1.8,5.5,0,60.9,0.0,0,6,12.5,2,1,1,49.6,60.2,0,12,0.0,0,123,14,96.7,119,70.9,23,34.3,0,100,27,1.9,7.1,0.84,0,29.7,0,44.4,0.0,0,2,20.0,1,4,0,42.1,88.5,0,41,0.0,0,11,4,81.8,9,91.2,9,13.4,0,122,22,5.5,30.5,13.56,14,-2.5,0,100.0,,0,0,0.0,0,0,0,68.3,77.1,0,9,0.0,0,7,2,100.0,7,97.9,2,3.0,0,15,20,10.0,7.5,2.14,24.8,0,60.0,,0,0,25.0,1,3,0,36.8,89.9,0,41,0.0,0,21,3,90.5,19,104.2,5,7.5,0,99,20,6.7,33.0,5.21,13.6,0,20.0,0.0,0,1,0.0,0,1,0,64.7,82.2,0,31,0.0,0,25,1,100.0,25,52.9,5,7.5,0,31,17,17.0,31.0,1.24,3.0,0,66.7,,0,0,0.0,0,2,0,72.1,72.5,0,13,0.0,0,47,4,89.4,42,78.5,6,9.0,0,30,18,4.5,7.5,0.71,13.5,0,47.1,50.0,2,4,0.0,0,8,0,76.5,94.5,1,31,0.0,0,18,8,94.4,17,84.6,17,25.4,3,115,20,2.5,14.4,6.76,0,,0,,,0,0,,0,0,0,,,0,0,0.0,0,10,0,100.0,10,0.0,0,0.0,0,0,0,,,0.0,64.7,74.4,33.0,0,50.0,0.0,0,1,0.0,0,1,0,0,23,0.0,0,24,1,79.2,19,91.7,2,3.0,0,23,2,2.0,23.0,1.21,14.3,0,33.3,100.0,1,1,0.0,0,1,0,64.7,75.7,0,12,0.0,0,28,1,89.3,25,46.5,3,4.5,0,12,0,0.0,12.0,0.48,4.2,0,40.0,50.0,1,2,0.0,0,0,0,68.3,58.5,0,4,0.0,0,51,2,96.1,49,47.9,5,7.5,0,6,1,0.5,3.0,0.12,4.9,0,58.8,12.5,1,8,9.1,2,3,1,58.1,63.4,0,13,0.0,0,34,20,100.0,34,67.8,34,50.7,0,136,46,2.3,6.8,4.0
Allen Robinson II,8696,WR,CHI,12,66,-1.0,0,100.0,,0,0,0.0,0,0,0,68.3,81.6,0,1,0.0,0,2,1,50.0,1,79.2,1,1.5,0,1,2,2.0,1.0,1.0,-1.0,0,100.0,,0,0,0.0,0,0,0,68.3,81.6,0,1,0.0,0,27,1,92.6,25,79.2,1,1.5,0,1,2,2.0,1.0,0.04,31.7,0,66.7,,0,0,0.0,0,2,0,68.3,92.3,1,28,0.0,0,10,2,90.0,9,70.1,3,4.5,0,48,8,4.0,24.0,5.33,14.3,0,25.0,100.0,1,1,0.0,0,1,0,64.7,68.6,1,11,2.9,1,34,1,85.3,29,39.6,4,6.1,1,11,0,0.0,11.0,0.38,5.2,2,68.4,0.0,0,4,7.1,1,6,0,63.2,82.3,0,13,0.0,0,79,13,97.5,77,80.6,19,28.8,0,98,34,2.6,7.5,1.27,0,31.2,0,28.6,33.3,1,3,20.0,1,4,0,41.6,90.5,3,39,0.0,0,16,4,87.5,14,21.4,14,21.2,0,114,19,4.8,28.5,8.14,6,,0,,,0,0,,0,0,0,,,0,0,0.0,0,5,0,80.0,4,0.0,0,0.0,0,0,0,,,0.0,25.3,0,0.0,0.0,0,2,100.0,1,0,0,27.9,40.9,0,0,0.0,0,10,0,80.0,8,39.6,3,4.5,0,0,0,,,0.0,12.9,0,85.7,66.7,2,3,0.0,0,4,0,75.6,95.8,0,20,0.0,0,21,6,90.5,19,118.8,7,10.6,0,89,12,2.0,14.8,4.68,5.6,1,85.7,0.0,0,1,0.0,0,3,0,74.6,77.1,0,13,0.0,0,24,6,87.5,21,92.9,7,10.6,0,44,12,2.0,7.3,2.1,13.7,0,50.0,50.0,3,6,0.0,0,5,0,76.5,93.6,1,20,0.0,0,18,7,77.8,14,67.6,14,21.2,1,100,12,1.7,14.3,7.14,0,,0,,,0,0,,0,0,0,,,0,0,0.0,0,8,0,100.0,8,0.0,0,0.0,0,0,0,,,0.0,68.3,90.7,33.3,0,25.0,100.0,1,1,0.0,0,2,0,2,39,0.0,0,17,2,94.1,16,21.9,8,12.1,0,66,11,5.5,33.0,4.13,15.0,0,0.0,0.0,0,2,,0,0,0,,57.7,0,0,0.0,0,14,0,92.9,13,39.6,3,4.5,0,0,0,,,0.0,5.6,0,63.6,50.0,2,4,0.0,0,4,0,76.5,90.2,0,12,0.0,0,44,7,93.2,41,75.2,11,16.7,0,53,11,1.6,7.6,1.29,5.4,3,70.3,22.2,2,9,3.7,1,13,0,75.5,90.6,0,13,0.0,0,38,26,97.4,37,82.6,37,56.1,0,195,57,2.2,7.5,5.27
Robert Woods,7822,WR,LA,9,66,-2.3,0,75.0,,0,0,14.3,1,3,0,52.5,74.4,0,14,0.0,0,9,6,88.9,8,80.7,8,12.1,0,31,46,7.7,5.2,3.88,-2.0,0,75.0,,0,0,0.0,0,2,0,72.1,80.0,0,5,0.0,0,21,3,95.2,20,77.1,4,6.1,0,8,15,5.0,2.7,0.4,20.8,0,50.0,0.0,0,1,0.0,0,2,0,68.3,85.6,0,20,0.0,0,14,2,78.6,11,85.4,4,6.1,0,40,0,0.0,20.0,3.64,13.7,2,70.6,50.0,1,2,0.0,0,12,0,79.4,96.7,0,28,2.2,1,46,12,91.3,42,130.0,17,25.8,1,202,46,3.8,16.8,4.81,5.8,1,70.6,0.0,0,1,14.3,2,9,0,45.7,91.9,0,25,0.0,0,61,12,100.0,61,137.6,17,25.8,2,153,82,6.8,12.8,2.51,0,20.8,0,50.0,0.0,0,1,0.0,0,2,0,68.3,85.6,0,20,0.0,0,4,2,100.0,4,85.4,4,6.1,0,40,0,0.0,20.0,10.0,26,-2.0,0,50.0,,0,0,50.0,1,0,0,28.9,43.6,0,6,0.0,0,13,1,100.0,13,56.3,2,3.0,0,6,8,8.0,6.0,0.46,,0,,,0,0,,0,0,0,,,0,0,5.9,1,17,0,70.6,12,0.0,0,0.0,0,0,0,,,0.0,18.0,0,0.0,0.0,0,1,,0,0,0,,59.7,0,0,5.9,1,17,0,88.2,15,39.6,1,1.5,0,0,0,,,0.0,6.7,0,100.0,,0,0,0.0,0,2,0,70.5,86.2,0,18,2.6,1,39,3,97.4,38,116.7,3,4.5,0,36,16,5.3,12.0,0.95,13.9,2,62.5,50.0,2,4,0.0,0,14,0,81.1,96.1,0,28,0.0,0,26,15,92.3,24,124.0,24,36.4,2,242,49,3.3,16.1,10.08,0,-3.0,0,100.0,,0,0,0.0,0,1,0,68.3,76.6,0,14,0.0,0,16,2,100.0,16,102.1,2,3.0,0,17,23,11.5,8.5,1.06,,,,0,,,0,0,,0,0,0,0,0,0.0,0,10,0,90.0,9,0.0,0,0.0,0,0,0,,,0.0,13.8,0,50.0,100.0,1,1,0.0,0,2,0,70.5,80.7,0,16,0.0,0,14,3,100.0,14,111.1,6,9.1,1,40,3,1.0,13.3,2.86,5.7,0,70.0,0.0,0,1,12.5,1,4,0,52.1,66.8,1,9,0.0,0,39,7,100.0,39,43.3,10,15.2,0,54,15,2.1,7.7,1.38,5.8,1,73.3,0.0,0,2,12.0,3,15,0,49.1,91.1,1,25,0.0,0,30,22,100.0,30,105.3,30,45.5,2,243,113,5.1,11.0,8.1
Rashod Bateman,84296,WR,BLT,12,65,,0,,,0,0,,0,0,0,,,0,0,,0,0,0,,0,0.0,0,0.0,0,0,0,,,,,0,,,0,0,,0,0,0,,,0,0,0.0,0,10,0,90.0,9,0.0,0,0.0,0,0,0,,,0.0,,0,,,0,0,,0,0,0,,59.3,0,0,0.0,0,9,0,88.9,8,0.0,0,0.0,0,0,0,,,0.0,14.8,0,50.0,,0,0,0.0,0,3,0,70.5,89.9,1,13,0.0,0,35,3,97.1,34,64.6,6,9.2,1,30,0,0.0,10.0,0.88,4.7,1,90.9,100.0,3,3,4.8,1,11,0,70.5,91.7,1,20,0.0,0,91,20,97.8,89,77.8,22,33.8,0,159,71,3.6,8.0,1.79,0,27.9,0,50.0,60.0,3,5,20.0,1,4,0,42.1,90.7,0,36,0.0,0,11,4,72.7,8,95.8,8,12.3,0,131,31,7.8,32.8,16.38,3,,0,,,0,0,,0,0,0,,,0,0,0.0,0,16,0,93.8,15,0.0,0,0.0,0,0,0,,,0.0,29.5,0,75.0,100.0,3,3,0.0,0,3,0,70.5,95.2,0,36,0.0,0,6,3,100.0,6,116.7,4,6.2,0,96,20,6.7,32.0,16.0,15.5,0,50.0,,0,0,0.0,0,1,0,64.7,76.9,0,14,0.0,0,10,1,100.0,10,72.9,2,3.1,0,14,2,2.0,14.0,1.4,4.8,1,73.3,75.0,3,4,0.0,0,5,0,78.7,90.5,0,20,0.0,0,31,11,100.0,31,88.8,15,23.1,0,92,40,3.6,8.4,2.97,14.1,0,50.0,33.3,1,3,0.0,0,7,0,75.6,91.2,2,25,0.0,0,15,7,93.3,14,57.4,14,21.5,1,99,15,2.1,14.1,7.07,0,,0,,,0,0,,0,0,0,,,0,0,0.0,0,15,0,86.7,13,0.0,0,0.0,0,0,0,,,0.0,28.9,56.8,26.3,0,25.0,0.0,0,2,50.0,1,1,0,0,35,0.0,0,25,1,84.0,21,63.5,4,6.2,0,35,11,11.0,35.0,1.67,12.8,0,50.0,33.3,1,3,0.0,0,3,0,70.5,79.8,1,25,0.0,0,15,3,86.7,13,42.4,6,9.2,0,55,13,4.3,18.3,4.23,5.0,0,66.7,,0,0,20.0,1,2,0,41.6,69.0,0,15,0.0,0,59,4,94.9,56,81.3,6,9.2,0,34,11,2.8,8.5,0.61,4.8,2,81.4,85.7,6,7,5.4,2,18,0,70.8,92.5,1,20,0.0,0,43,35,100.0,43,84.6,43,66.2,0,285,122,3.5,8.1,6.63
Alvin Kamara,11822,HB,NO,13,65,-4.3,5,76.0,0.0,0,1,13.6,3,10,0,46.6,85.1,0,29,0.0,0,26,19,96.2,25,109.7,25,38.5,1,186,274,14.4,9.8,7.44,-4.3,3,70.0,0.0,0,1,22.2,2,5,0,32.2,71.7,0,29,0.0,0,17,7,94.1,16,130.8,10,15.4,1,89,123,17.6,12.7,5.56,,0,,,0,0,,0,0,0,,,0,0,16.7,2,12,0,75.0,9,0.0,0,0.0,0,0,0,,,0.0,,0,,,0,0,,0,0,0,,,0,0,5.6,1,18,0,94.4,17,0.0,0,0.0,0,0,0,,,0.0,3.3,0,70.6,0.0,0,1,20.0,3,4,0,33.8,66.4,0,31,12.5,8,64,12,84.4,54,107.5,17,26.2,1,110,70,5.8,9.2,2.04,0,22.0,0,0.0,,0,0,100.0,1,0,0,27.9,27.9,0,0,0.0,0,2,0,100.0,2,39.6,2,3.1,0,0,0,,,0.0,20,-4.2,1,83.3,,0,0,16.7,1,2,0,49.2,75.0,0,15,0.0,0,10,5,90.0,9,86.1,6,9.2,0,28,47,9.4,5.6,3.11,20.0,0,0.0,,0,0,,0,0,0,,59.9,0,0,20.0,2,10,0,70.0,7,39.6,1,1.5,0,0,0,,,0.0,17.0,0,0.0,,0,0,,0,0,0,,60.0,0,0,20.0,3,15,0,80.0,12,39.6,1,1.5,0,0,0,,,0.0,2.7,1,72.7,,0,0,0.0,0,2,0,76.5,77.9,0,19,4.8,1,21,8,90.5,19,85.8,11,16.9,0,61,40,5.0,7.6,3.21,17.0,0,0.0,,0,0,,0,0,0,,60.0,0,0,0.0,0,1,0,100.0,1,39.6,1,1.5,0,0,0,,,0.0,0,-4.4,1,77.8,,0,0,0.0,0,3,0,75.6,84.8,0,20,0.0,0,12,7,100.0,12,98.6,9,13.8,0,69,104,14.9,9.9,5.75,27.9,26.1,24.0,0,0.0,,0,0,100.0,1,0,0,0,0,14.3,2,14,0,78.6,11,39.6,1,1.5,0,0,0,,,0.0,,0,,,0,0,,0,0,0,,,0,0,5.9,1,17,0,82.4,14,0.0,0,0.0,0,0,0,,,0.0,2.8,1,88.9,100.0,1,1,0.0,0,4,0,76.5,94.0,0,19,21.4,6,28,8,78.6,22,144.2,9,13.8,3,82,60,7.5,10.3,3.73,3.0,2,75.7,50.0,1,2,9.7,3,10,0,57.0,90.4,0,31,0.0,0,38,28,97.4,37,129.7,37,56.9,4,253,170,6.1,9.0,6.84
Ray-Ray McCloud III,47895,WR,PIT,16,65,-3.4,0,100.0,,0,0,0.0,0,0,0,76.5,62.2,0,7,0.0,0,8,8,100.0,8,79.2,8,12.3,0,3,30,3.8,0.4,0.38,-4.0,0,100.0,,0,0,0.0,0,0,0,72.1,61.6,0,7,0.0,0,28,4,92.9,26,79.2,4,6.2,0,0,16,4.0,0.0,0.0,24.0,0,0.0,,0,0,,0,0,0,,59.0,0,0,0.0,0,10,0,100.0,10,39.6,1,1.5,0,0,0,,,0.0,14.2,0,33.3,,0,0,50.0,2,2,0,27.3,65.2,0,20,0.0,0,23,2,91.3,21,52.1,6,9.2,0,32,2,1.0,16.0,1.52,3.7,4,68.0,33.3,2,6,5.6,1,6,1,68.7,83.3,0,17,0.0,0,109,17,93.6,102,79.9,25,38.5,0,127,66,3.9,7.5,1.25,0,26.0,0,0.0,0.0,0,1,,0,0,0,,45.1,2,0,0.0,0,5,0,100.0,5,0.0,5,7.7,0,0,0,,,0.0,25,,0,,,0,0,,0,0,0,,,0,0,0.0,0,11,0,100.0,11,0.0,0,0.0,0,0,0,,,0.0,26.0,0,0.0,,0,0,,0,0,0,,60.0,0,0,0.0,0,17,0,70.6,12,39.6,1,1.5,0,0,0,,,0.0,17.0,0,100.0,,0,0,0.0,0,1,0,64.7,90.7,0,24,0.0,0,23,1,95.7,22,118.8,1,1.5,0,24,7,7.0,24.0,1.09,6.3,0,66.7,,0,0,0.0,0,2,0,68.3,86.5,0,11,0.0,0,32,2,93.8,30,78.5,3,4.6,0,15,2,1.0,7.5,0.5,14.8,0,53.8,100.0,1,1,22.2,2,7,0,35.3,92.8,0,24,0.0,0,15,7,86.7,13,82.9,13,20.0,0,112,6,0.9,16.0,8.62,0,-2.8,0,100.0,,0,0,0.0,0,0,0,72.1,61.8,0,3,0.0,0,16,4,87.5,14,79.2,4,6.2,0,3,14,3.5,0.8,0.21,,45.2,26.7,0,0.0,0.0,0,1,,0,0,0,2,0,0.0,0,18,0,83.3,15,0.0,3,4.6,0,0,0,,,0.0,15.2,0,66.7,100.0,1,1,0.0,0,4,0,73.4,93.7,0,17,8.0,2,25,4,84.0,21,96.5,6,9.2,0,56,-3,-0.8,14.0,2.67,3.0,1,63.6,,0,0,12.5,1,3,0,52.1,72.9,0,15,0.0,0,33,7,97.0,32,70.3,11,16.9,0,40,20,2.9,5.7,1.25,3.7,5,66.7,33.3,2,6,7.1,2,11,1,65.0,87.5,0,17,0.0,0,40,26,97.5,39,77.1,39,60.0,0,182,88,3.4,7.0,4.67
Cordarrelle Patterson,7810,HB,ATL,16,63,-3.7,5,94.7,,0,0,0.0,0,5,0,83.6,91.8,1,28,0.0,0,21,18,90.5,19,69.5,19,30.2,0,113,182,10.1,6.3,5.95,-2.8,1,100.0,,0,0,0.0,0,3,0,78.0,82.9,0,28,5.0,1,20,9,90.0,18,94.0,9,14.3,0,59,84,9.3,6.6,3.28,37.0,0,100.0,,0,0,0.0,0,1,0,64.7,78.2,0,42,0.0,0,8,1,87.5,7,158.3,1,1.6,1,42,5,5.0,42.0,6.0,12.3,0,83.3,100.0,1,1,0.0,0,5,0,73.4,93.5,0,18,19.5,8,41,5,80.5,33,117.4,6,9.5,0,73,10,2.0,14.6,2.21,2.8,4,81.0,20.0,1,5,0.0,0,6,0,82.2,91.8,0,26,9.3,8,86,17,88.4,76,129.5,21,33.3,3,117,76,4.5,6.9,1.54,0,27.0,1,60.0,,0,0,0.0,0,3,0,70.5,96.1,0,64,0.0,0,5,3,100.0,5,143.8,5,7.9,1,140,47,15.7,46.7,28.0,2,-5.6,3,100.0,,0,0,0.0,0,2,0,74.6,93.6,0,23,9.1,1,11,5,81.8,9,107.5,5,7.9,0,49,77,15.4,9.8,5.44,20.0,0,0.0,,0,0,,0,0,0,,60.0,0,0,25.0,2,8,0,75.0,6,39.6,1,1.6,0,0,0,,,0.0,15.0,0,100.0,100.0,1,1,0.0,0,1,0,64.7,90.8,0,14,16.7,1,6,1,83.3,5,158.3,1,1.6,1,14,0,0.0,14.0,2.8,5.0,1,50.0,50.0,1,2,0.0,0,3,0,70.5,81.5,0,23,11.1,2,18,3,83.3,15,73.6,6,9.5,0,43,30,10.0,14.3,2.87,12.7,0,85.7,100.0,2,2,0.0,0,6,0,74.6,95.4,0,18,0.0,0,7,6,100.0,7,158.0,7,11.1,1,87,10,1.7,14.5,12.43,0,-3.6,1,80.0,,0,0,0.0,0,0,0,72.1,70.2,1,8,20.0,2,10,4,80.0,8,39.6,5,7.9,0,5,21,5.3,1.3,0.63,68.3,96.5,26.0,1,66.7,,0,0,0.0,0,2,0,0,64,11.1,1,9,2,88.9,8,109.7,3,4.8,0,98,42,21.0,49.0,12.25,,0,,,0,0,,0,0,0,,,0,0,0.0,0,7,0,100.0,7,0.0,0,0.0,0,0,0,,,0.0,2.8,1,100.0,,0,0,0.0,0,3,0,73.4,93.9,0,20,15.4,4,26,5,76.9,20,106.7,5,7.9,0,48,34,6.8,9.6,2.4,3.2,6,78.1,28.6,2,7,0.0,0,12,0,85.7,94.7,0,26,0.0,0,32,25,100.0,32,125.0,32,50.8,3,208,140,5.6,8.3,6.5
Bryan Edwards,28486,WR,LV,17,62,-2.0,0,100.0,,0,0,0.0,0,1,0,68.3,76.4,0,12,0.0,0,2,1,50.0,1,116.7,1,1.6,0,12,14,14.0,12.0,12.0,-2.0,0,100.0,,0,0,0.0,0,1,0,64.7,78.5,0,12,0.0,0,44,1,93.2,41,116.7,1,1.6,0,12,14,14.0,12.0,0.29,27.7,0,28.6,50.0,1,2,0.0,0,2,0,68.3,90.9,0,37,0.0,0,24,2,87.5,21,107.7,7,11.3,1,69,15,7.5,34.5,3.29,14.4,0,62.5,57.1,4,7,0.0,0,10,0,78.7,96.3,0,24,0.0,0,55,10,90.9,50,101.6,16,25.8,0,182,32,3.2,18.2,3.64,3.8,2,81.8,50.0,1,2,10.0,1,6,0,56.7,91.2,0,23,0.0,0,112,9,96.4,108,134.5,11,17.7,1,99,63,7.0,11.0,0.92,0,26.9,0,27.8,50.0,3,6,16.7,1,5,0,45.8,92.6,0,37,0.0,0,20,5,90.0,18,83.8,18,29.0,1,165,37,7.4,33.0,9.17,23,,0,,,0,0,,0,0,0,64.7,61.2,0,0,0.0,0,17,0,94.1,16,0.0,0,0.0,0,0,0,,,0.0,28.0,0,0.0,0.0,0,1,100.0,1,0,0,27.9,41.7,0,0,0.0,0,20,0,90.0,18,39.6,5,8.1,0,0,0,,,0.0,18.5,0,100.0,100.0,1,1,0.0,0,2,0,68.3,95.5,0,51,0.0,0,19,2,94.7,18,118.8,2,3.2,0,68,31,15.5,34.0,3.78,5.0,3,66.7,0.0,0,1,0.0,0,1,1,72.1,51.5,0,16,0.0,0,69,4,100.0,69,72.9,6,9.7,0,22,6,1.5,5.5,0.32,14.8,1,66.7,60.0,6,10,0.0,0,14,0,81.1,98.6,0,51,0.0,0,25,14,84.0,21,125.6,21,33.9,1,282,73,5.2,20.1,13.43,0,,0,,,0,0,,0,0,0,,,0,0,0.0,0,19,0,94.7,18,0.0,0,0.0,0,0,0,,,0.0,70.5,95.5,25.2,0,50.0,66.7,2,3,0.0,0,3,0,0,34,0.0,0,26,3,84.6,22,95.8,6,9.7,0,96,22,7.3,32.0,4.36,14.0,1,66.7,50.0,1,2,0.0,0,2,0,68.3,92.8,0,27,0.0,0,26,2,92.3,24,141.7,3,4.8,1,32,10,5.0,16.0,1.33,5.8,0,80.0,,0,0,0.0,0,1,0,72.1,70.6,0,18,1.5,1,66,4,97.0,64,93.3,5,8.1,0,32,12,3.0,8.0,0.5,4.6,5,77.3,33.3,1,3,5.6,1,8,1,67.7,83.1,0,23,0.0,0,22,17,100.0,22,110.6,22,35.5,1,153,81,4.8,9.0,6.95
Tyler Johnson,48054,WR,TB,19,62,-1.9,2,87.5,,0,0,0.0,0,2,0,75.6,76.4,0,12,0.0,0,8,7,100.0,8,84.4,8,12.9,0,34,48,6.9,4.9,4.25,-2.0,1,100.0,,0,0,0.0,0,0,0,70.5,74.6,0,9,0.0,0,39,3,100.0,39,83.3,3,4.8,0,12,18,6.0,4.0,0.31,21.0,0,100.0,,0,0,0.0,0,1,0,64.7,90.8,0,27,0.0,0,5,1,100.0,5,118.8,1,1.6,0,27,6,6.0,27.0,5.4,17.0,0,40.0,,0,0,0.0,0,2,0,68.3,85.5,0,23,0.0,0,47,2,97.9,46,70.4,5,8.1,0,42,7,3.5,21.0,0.91,4.6,0,67.7,60.0,3,5,19.2,5,6,0,29.7,69.7,0,14,0.0,0,139,21,98.6,137,79.5,31,50.0,0,156,61,2.9,7.4,1.14,0,28.5,0,50.0,,0,0,0.0,0,2,0,68.3,93.7,0,31,0.0,0,4,2,100.0,4,95.8,4,6.5,0,58,11,5.5,29.0,14.5,30,-1.8,1,75.0,,0,0,0.0,0,2,0,70.5,71.7,0,12,0.0,0,26,3,96.2,25,83.3,4,6.5,0,18,24,8.0,6.0,0.72,26.0,0,100.0,,0,0,0.0,0,1,0,64.7,90.7,0,31,0.0,0,15,1,86.7,13,118.8,1,1.6,0,31,5,5.0,31.0,2.38,14.3,1,33.3,0.0,0,1,50.0,1,1,0,28.8,69.8,0,31,0.0,0,22,1,95.5,21,72.9,3,4.8,0,31,16,16.0,31.0,1.48,5.0,1,66.7,,0,0,0.0,0,1,0,68.3,73.2,0,9,0.0,0,43,2,95.3,41,81.3,3,4.8,0,17,8,4.0,8.5,0.41,14.5,1,41.7,50.0,1,2,16.7,1,4,0,45.8,90.1,0,31,0.0,0,13,5,92.3,12,72.2,12,19.4,0,102,27,5.4,20.4,8.5,0,-2.0,0,100.0,,0,0,0.0,0,0,0,64.7,61.1,0,4,0.0,0,19,1,89.5,17,83.3,1,1.6,0,4,6,6.0,4.0,0.24,,58.4,33.5,0,0.0,,0,0,,0,0,0,0,0,0.0,0,23,0,91.3,21,39.6,2,3.2,0,0,0,,,0.0,11.5,0,50.0,100.0,1,1,0.0,0,1,0,68.3,82.2,0,18,0.0,0,25,2,88.0,22,74.0,4,6.5,0,29,4,2.0,14.5,1.32,5.8,1,100.0,,0,0,0.0,0,2,0,72.1,90.7,0,17,0.0,0,31,4,100.0,31,106.3,4,6.5,0,38,15,3.8,9.5,1.23,4.7,2,71.1,60.0,3,5,15.6,5,9,0,36.2,79.0,0,17,0.0,0,38,27,100.0,38,84.4,38,61.3,0,211,84,3.1,7.8,5.55
Myles Gaskin,45914,HB,MIA,17,62,-3.2,5,89.3,,0,0,7.4,2,4,0,65.0,83.4,0,14,0.0,0,30,25,93.3,28,79.2,28,45.2,0,82,158,6.3,3.3,2.93,-3.5,3,91.7,,0,0,8.3,1,2,0,63.2,78.8,0,12,8.8,3,34,11,82.4,28,79.5,12,19.4,0,37,75,6.8,3.4,1.32,,0,,,0,0,,0,0,0,,,0,0,0.0,0,4,0,100.0,4,0.0,0,0.0,0,0,0,,,0.0,,0,,,0,0,,0,0,0,,,0,0,27.8,10,36,0,63.9,23,0.0,0,0.0,0,0,0,,,0.0,2.9,2,61.5,0.0,0,2,0.0,0,5,0,76.5,95.2,0,22,14.0,12,86,8,81.4,70,113.5,13,21.0,2,64,42,5.3,8.0,0.91,0,26.0,0,0.0,,0,0,,0,0,0,,59.8,0,0,0.0,0,1,0,100.0,1,39.6,1,1.6,0,0,0,,,0.0,17,-3.3,0,88.9,,0,0,11.1,1,1,0,54.5,59.8,0,14,0.0,0,14,8,92.9,13,80.6,9,14.5,0,30,57,7.1,3.8,2.31,,0,,,0,0,,0,0,0,,,0,0,18.2,2,11,0,54.5,6,0.0,0,0.0,0,0,0,,,0.0,18.0,0,100.0,,0,0,0.0,0,1,0,64.7,81.2,0,24,18.2,4,22,1,68.2,15,158.3,1,1.6,1,24,6,6.0,24.0,1.6,2.9,1,62.5,100.0,1,1,0.0,0,0,0,73.4,65.4,0,4,21.7,10,46,5,76.1,35,66.7,8,12.9,0,12,5,1.0,2.4,0.34,18.0,0,100.0,,0,0,0.0,0,1,0,64.7,81.2,0,24,0.0,0,1,1,100.0,1,158.3,1,1.6,1,24,6,6.0,24.0,24.0,0,-2.6,2,85.7,,0,0,0.0,0,1,0,74.6,89.4,0,6,11.1,1,9,6,88.9,8,79.2,7,11.3,0,15,26,4.3,2.5,1.88,,59.8,26.0,0,0.0,,0,0,,0,0,0,0,0,0.0,0,4,0,50.0,2,39.6,1,1.6,0,0,0,,,0.0,,0,,,0,0,,0,0,0,,,0,0,22.2,4,18,0,77.8,14,0.0,0,0.0,0,0,0,,,0.0,1.2,2,90.9,,0,0,0.0,0,3,0,78.0,92.7,0,10,20.4,10,49,10,79.6,39,116.7,11,17.7,1,52,42,4.2,5.2,1.33,2.3,5,71.9,33.3,1,3,0.0,0,8,0,84.9,94.9,0,22,0.0,0,33,23,97.0,32,109.9,32,51.6,3,128,89,3.9,5.6,4.0
Nelson Agholor,9453,WR,NE,16,61,-1.0,0,100.0,,0,0,0.0,0,0,0,64.7,60.8,0,1,0.0,0,1,1,100.0,1,79.2,1,1.6,0,1,2,2.0,1.0,1.0,-1.0,0,100.0,,0,0,0.0,0,0,0,64.7,60.8,0,1,0.0,0,39,1,97.4,38,79.2,1,1.6,0,1,2,2.0,1.0,0.03,31.2,0,16.7,50.0,1,2,0.0,0,1,0,64.7,80.3,2,25,0.0,0,19,1,89.5,17,4.9,6,9.8,0,25,0,0.0,25.0,1.47,13.0,1,71.4,66.7,2,3,0.0,0,5,0,73.4,93.9,1,26,0.0,0,37,5,97.3,36,69.0,7,11.5,0,79,19,3.8,15.8,2.19,4.1,1,77.8,50.0,1,2,12.5,1,3,0,54.5,79.6,0,19,0.0,0,99,7,96.0,95,131.5,9,14.8,1,60,39,5.6,8.6,0.63,0,30.3,0,27.8,50.0,2,4,0.0,0,5,0,73.4,94.3,3,44,0.0,0,19,5,94.7,18,38.9,18,29.5,1,142,13,2.6,28.4,7.89,19,,0,,,0,0,,0,0,0,,,0,0,0.0,0,13,0,100.0,13,0.0,0,0.0,0,0,0,,,0.0,31.7,0,16.7,100.0,1,1,0.0,0,1,0,64.7,76.8,1,21,0.0,0,19,1,84.2,16,2.1,6,9.8,0,21,1,1.0,21.0,1.31,12.3,0,83.3,100.0,2,2,0.0,0,4,0,73.4,90.8,0,23,0.0,0,30,5,90.0,27,111.8,6,9.8,0,65,6,1.2,13.0,2.41,6.0,1,91.7,,0,0,0.0,0,4,0,78.7,90.0,0,13,0.0,0,51,11,96.1,49,125.0,12,19.7,1,88,24,2.2,8.0,1.8,12.8,1,63.2,57.1,4,7,0.0,0,11,0,79.4,94.4,1,30,0.0,0,24,12,79.2,19,73.4,19,31.1,0,185,37,3.1,15.4,9.74,0,,0,,,0,0,,0,0,0,,,0,0,0.0,0,15,0,93.3,14,0.0,0,0.0,0,0,0,,,0.0,70.5,95.7,28.0,0,50.0,0.0,0,1,0.0,0,3,0,0,44,0.0,0,17,3,94.1,16,135.4,6,9.8,1,96,12,4.0,32.0,6.0,13.2,0,33.3,0.0,0,2,0.0,0,2,0,68.3,76.4,0,30,0.0,0,20,2,80.0,16,58.3,6,9.8,0,41,12,6.0,20.5,2.56,4.0,0,100.0,,0,0,0.0,0,1,0,68.3,75.5,0,10,0.0,0,52,2,98.1,51,97.9,2,3.3,0,15,7,3.5,7.5,0.29,5.1,2,87.0,50.0,1,2,4.8,1,8,0,71.3,90.6,0,19,0.0,0,24,20,95.8,23,125.2,23,37.7,2,163,70,3.5,8.2,7.09
Adam Humphries,10075,WR,WAS,17,61,-2.6,1,100.0,100.0,1,1,0.0,0,1,0,75.6,70.4,0,12,0.0,0,7,7,100.0,7,79.2,7,11.5,0,20,38,5.4,2.9,2.86,-3.5,1,100.0,,0,0,0.0,0,1,0,68.3,77.1,0,12,0.0,0,29,2,89.7,26,91.7,2,3.3,0,12,19,9.5,6.0,0.46,21.0,0,0.0,,0,0,,0,0,0,,56.8,1,0,0.0,0,16,0,87.5,14,0.0,2,3.3,0,0,0,,,0.0,11.3,2,100.0,100.0,2,2,0.0,0,2,0,70.5,92.4,0,18,0.0,0,30,3,100.0,30,118.8,3,4.9,0,42,8,2.7,14.0,1.4,4.9,0,56.3,0.0,0,2,10.0,1,2,0,58.5,70.3,0,20,0.0,0,115,9,93.9,108,69.3,16,26.2,0,78,35,3.9,8.7,0.72,0,24.2,0,20.0,,0,0,0.0,0,1,0,64.7,67.4,2,26,0.0,0,9,1,55.6,5,9.2,5,8.2,0,26,6,6.0,26.0,5.2,32,-2.0,0,100.0,,0,0,0.0,0,0,0,70.5,61.5,0,4,0.0,0,11,3,100.0,11,79.2,3,4.9,0,3,9,3.0,1.0,0.27,29.5,0,50.0,,0,0,0.0,0,1,0,64.7,74.4,0,26,0.0,0,23,1,87.0,20,95.8,2,3.3,0,26,6,6.0,26.0,1.3,11.7,0,33.3,0.0,0,1,0.0,0,1,0,64.7,74.1,0,19,0.0,0,16,1,93.8,15,56.3,3,4.9,0,19,8,8.0,19.0,1.27,4.8,0,87.5,,0,0,0.0,0,6,0,75.6,93.3,0,23,0.0,0,33,7,97.0,32,99.5,8,13.1,0,63,30,4.3,9.0,1.97,11.5,2,60.0,75.0,3,4,10.0,1,8,0,56.7,93.1,0,19,0.0,0,16,9,93.8,15,86.5,15,24.6,0,124,19,2.1,13.8,8.27,0,-2.5,0,100.0,100.0,1,1,0.0,0,0,0,68.3,61.7,0,7,0.0,0,17,2,100.0,17,79.2,2,3.3,0,5,10,5.0,2.5,0.29,,57.9,20.0,0,0.0,,0,0,,0,0,0,1,0,0.0,0,21,0,90.5,19,0.0,1,1.6,0,0,0,,,0.0,11.6,0,55.6,100.0,1,1,16.7,1,5,0,45.8,89.9,0,17,0.0,0,32,5,93.8,30,77.5,9,14.8,0,63,3,0.6,12.6,2.1,5.2,0,80.0,,0,0,0.0,0,5,0,76.5,86.2,0,27,0.0,0,43,8,93.0,40,96.7,10,16.4,0,72,33,4.1,9.0,1.8,5.0,0,70.6,0.0,0,2,4.0,1,13,0,74.2,91.1,0,27,0.0,0,36,24,94.4,34,87.0,34,55.7,0,213,98,4.1,8.9,6.26
Antonio Brown,5718,WR,TB,7,61,-2.9,2,88.9,,0,0,0.0,0,1,0,76.5,68.7,0,14,0.0,0,9,8,100.0,9,79.2,9,14.8,0,27,51,6.4,3.4,3.0,-5.0,0,100.0,,0,0,0.0,0,1,0,68.3,75.9,0,14,0.0,0,17,2,100.0,17,87.5,2,3.3,0,10,20,10.0,5.0,0.59,35.0,0,0.0,,0,0,,0,0,0,,60.0,1,0,0.0,0,3,0,100.0,3,0.0,1,1.6,0,0,0,,,0.0,14.3,1,66.7,0.0,0,1,0.0,0,4,0,72.1,93.3,0,27,0.0,0,20,4,100.0,20,149.3,6,9.8,1,75,21,5.3,18.8,3.75,5.6,1,100.0,,0,0,0.0,0,5,0,76.5,92.5,0,62,0.0,0,40,8,95.0,38,158.3,8,13.1,2,117,76,9.5,14.6,3.08,0,29.9,0,35.7,50.0,1,2,16.7,1,5,0,49.2,96.3,1,47,0.0,0,15,5,93.3,14,69.6,14,23.0,1,147,9,1.8,29.4,10.5,30,-2.8,2,75.0,,0,0,0.0,0,0,0,70.5,60.9,0,3,0.0,0,7,3,100.0,7,77.1,4,6.6,0,8,17,5.7,2.7,1.14,24.8,0,75.0,,0,0,0.0,0,3,0,70.5,96.1,0,27,0.0,0,8,3,100.0,8,116.7,4,6.6,0,72,5,1.7,24.0,9.0,15.4,0,40.0,50.0,1,2,0.0,0,2,0,68.3,84.6,0,19,0.0,0,13,2,100.0,13,65.4,5,8.2,0,36,0,0.0,18.0,2.77,4.4,1,80.0,,0,0,11.1,1,6,0,54.9,79.3,0,11,0.0,0,21,8,95.2,20,88.3,10,16.4,0,52,18,2.3,6.5,2.6,14.8,2,66.7,60.0,3,5,0.0,0,10,0,78.0,96.3,0,27,0.0,0,15,10,100.0,15,131.3,15,24.6,1,185,36,3.6,18.5,12.33,0,-1.7,0,100.0,,0,0,0.0,0,0,0,70.5,62.0,0,6,0.0,0,6,3,100.0,6,79.2,3,4.9,0,9,14,4.7,3.0,1.5,36.2,92.6,31.6,0,22.2,50.0,1,2,33.3,1,2,0,0,47,0.0,0,19,2,89.5,17,98.8,9,14.8,1,75,4,2.0,37.5,4.41,14.8,1,100.0,100.0,2,2,0.0,0,4,0,72.1,94.7,0,27,0.0,0,15,4,93.3,14,118.8,4,6.6,0,74,15,3.8,18.5,5.29,5.2,0,60.0,,0,0,0.0,0,2,0,70.5,70.1,0,9,0.0,0,13,3,100.0,13,66.3,5,8.2,0,17,3,1.0,5.7,1.31,5.0,2,82.6,,0,0,5.0,1,13,0,69.9,91.3,0,62,0.0,0,24,19,95.8,23,129.3,23,37.7,2,186,97,5.1,9.8,8.09
Braxton Berrios,47961,WR,NYJ,16,60,-3.9,1,88.2,,0,0,0.0,0,5,1,81.1,90.9,0,11,0.0,0,17,15,100.0,17,84.6,17,28.3,0,73,132,8.8,4.9,4.29,-4.4,1,90.0,,0,0,0.0,0,3,0,77.3,90.8,0,9,0.0,0,26,9,96.2,25,82.9,10,16.7,0,39,78,8.7,4.3,1.56,,0,,,0,0,,0,0,0,,,0,0,0.0,0,4,0,100.0,4,0.0,0,0.0,0,0,0,,,0.0,12.7,0,70.0,100.0,2,2,12.5,1,7,0,52.5,92.5,1,25,0.0,0,29,7,89.7,26,64.6,10,16.7,0,105,19,2.7,15.0,4.04,4.9,1,69.2,100.0,1,1,0.0,0,5,0,77.3,85.1,0,46,0.0,0,58,9,98.3,57,99.8,13,21.7,0,125,83,9.2,13.9,2.19,0,26.3,0,66.7,100.0,1,1,0.0,0,2,0,68.3,92.8,0,27,0.0,0,3,2,100.0,3,109.7,3,5.0,0,49,1,0.5,24.5,16.33,22,-5.0,0,75.0,,0,0,0.0,0,0,1,70.5,61.7,0,10,0.0,0,9,3,100.0,9,79.2,4,6.7,0,14,31,10.3,4.7,1.56,26.3,0,66.7,100.0,1,1,0.0,0,2,0,68.3,92.8,0,27,0.0,0,17,2,100.0,17,109.7,3,5.0,0,49,1,0.5,24.5,2.88,11.0,0,50.0,100.0,1,1,0.0,0,1,0,64.7,90.2,0,8,0.0,0,13,1,84.6,11,100.0,2,3.3,1,8,0,0.0,8.0,0.73,3.4,0,80.0,0.0,0,1,0.0,0,0,0,73.4,61.6,0,6,0.0,0,24,4,95.8,23,81.7,5,8.3,0,18,3,0.8,4.5,0.78,12.5,0,61.5,100.0,3,3,11.1,1,8,0,54.9,93.6,1,25,0.0,0,13,8,100.0,13,83.2,13,21.7,1,113,19,2.4,14.1,8.69,0,-1.0,0,100.0,,0,0,0.0,0,2,0,70.5,86.6,0,11,0.0,0,8,3,87.5,7,94.4,3,5.0,0,20,23,7.7,6.7,2.86,,,,0,,,0,0,,0,0,0,0,0,0.0,0,2,0,100.0,2,0.0,0,0.0,0,0,0,,,0.0,14.0,0,0.0,,0,0,,0,0,0,,59.3,0,0,0.0,0,8,0,100.0,8,39.6,1,1.7,0,0,0,,,0.0,3.9,0,88.9,,0,0,0.0,0,2,0,76.5,88.4,0,11,0.0,0,27,8,96.3,26,128.2,9,15.0,1,53,20,2.5,6.6,2.04,4.3,1,77.8,50.0,1,2,0.0,0,6,0,84.5,88.2,0,46,0.0,0,28,21,96.4,27,105.9,27,45.0,1,174,84,4.0,8.3,6.44
Allen Lazard,48135,WR,GB,16,60,-2.5,0,100.0,,0,0,0.0,0,3,0,74.6,89.1,0,19,0.0,0,6,6,100.0,6,129.9,6,10.0,1,34,49,8.2,5.7,5.67,-2.4,0,100.0,,0,0,0.0,0,2,0,73.4,82.7,0,19,2.6,1,39,5,97.4,38,128.8,5,8.3,1,27,39,7.8,5.4,0.71,31.7,0,0.0,0.0,0,2,,0,0,0,,55.6,0,0,0.0,0,15,0,100.0,15,39.6,3,5.0,0,0,0,,,0.0,13.0,1,70.0,60.0,3,5,12.5,1,7,0,52.1,93.4,0,28,2.3,1,43,7,95.3,41,112.5,10,16.7,0,126,38,5.4,18.0,3.07,5.2,2,72.7,66.7,2,3,11.1,1,7,0,54.5,93.1,0,18,1.3,1,76,8,92.1,70,131.4,11,18.3,2,77,41,5.1,9.6,1.1,0,28.3,0,50.0,40.0,2,5,0.0,0,5,0,73.4,96.9,0,42,0.0,0,12,5,83.3,10,135.4,10,16.7,2,157,29,5.8,31.4,15.7,12,,0,,,0,0,,0,0,0,,,0,0,0.0,0,16,0,93.8,15,0.0,0,0.0,0,0,0,,,0.0,27.5,0,100.0,,0,0,0.0,0,2,0,68.3,97.3,0,32,0.0,0,14,2,100.0,14,158.3,2,3.3,1,61,6,3.0,30.5,4.36,14.3,1,33.3,0.0,0,1,0.0,0,1,0,64.7,77.4,0,20,5.0,1,20,1,95.0,19,97.2,3,5.0,1,20,7,7.0,20.0,1.05,4.8,0,100.0,,0,0,0.0,0,2,0,73.4,83.6,0,11,0.0,0,67,5,97.0,65,95.8,5,8.3,0,35,11,2.2,7.0,0.54,13.8,2,47.6,50.0,3,6,16.7,2,10,0,29.5,90.6,0,28,0.0,0,22,10,95.5,21,106.6,21,35.0,2,167,46,4.6,16.7,7.95,0,-3.0,0,100.0,,0,0,0.0,0,1,0,64.7,78.1,0,7,0.0,0,15,1,100.0,15,95.8,1,1.7,0,7,10,10.0,7.0,0.47,70.5,94.8,26.6,0,60.0,66.7,2,3,0.0,0,3,0,0,42,0.0,0,30,3,86.7,26,143.8,5,8.3,1,96,23,7.7,32.0,3.69,14.6,0,25.0,,0,0,33.3,1,2,0,27.3,55.8,0,11,0.0,0,23,2,91.3,21,79.2,8,13.3,1,21,1,0.5,10.5,1.0,4.6,0,100.0,100.0,1,1,0.0,0,2,0,75.6,83.9,0,11,1.7,1,58,7,98.3,57,135.4,7,11.7,1,49,17,2.4,7.0,0.86,4.9,2,87.0,75.0,3,4,4.8,1,11,0,70.5,93.4,0,18,0.0,0,23,20,100.0,23,135.4,23,38.3,3,161,69,3.5,8.1,7.0
Corey Davis,11760,WR,NYJ,9,59,-2.0,0,100.0,,0,0,0.0,0,0,0,64.7,61.1,0,5,0.0,0,1,1,100.0,1,87.5,1,1.7,0,5,7,7.0,5.0,5.0,,0,,,0,0,,0,0,0,,,0,0,8.3,1,12,0,83.3,10,0.0,0,0.0,0,0,0,,,0.0,25.3,1,50.0,0.0,0,1,0.0,0,1,1,68.3,80.5,0,28,0.0,0,9,2,77.8,7,93.8,4,6.8,0,48,8,4.0,24.0,6.86,14.1,1,46.7,33.3,1,3,22.2,2,7,0,32.6,86.7,4,35,0.0,0,30,7,93.3,28,39.4,15,25.4,0,137,39,5.6,19.6,4.89,5.0,3,75.0,33.3,1,3,0.0,0,4,0,77.3,84.6,0,14,0.0,0,51,9,98.0,50,90.3,12,20.3,0,74,27,3.0,8.2,1.48,0,32.7,1,50.0,33.3,1,3,0.0,0,4,1,73.4,94.2,0,53,0.0,0,13,5,76.9,10,135.4,10,16.9,2,145,9,1.8,29.0,14.5,22,,0,,,0,0,,0,0,0,,,0,0,0.0,0,8,0,100.0,8,0.0,0,0.0,0,0,0,,,0.0,32.0,0,0.0,0.0,0,1,,0,0,0,,60.0,0,0,0.0,0,16,0,81.3,13,39.6,1,1.7,0,0,0,,,0.0,13.0,1,100.0,100.0,1,1,0.0,0,2,0,68.3,92.7,0,30,0.0,0,14,2,85.7,12,158.3,2,3.4,1,33,16,8.0,16.5,2.75,5.2,0,83.3,100.0,1,1,16.7,1,1,0,45.8,71.6,0,14,0.0,0,33,5,97.0,32,93.1,6,10.2,0,38,12,2.4,7.6,1.19,13.6,2,50.0,50.0,3,6,23.5,4,13,1,29.0,90.2,5,35,0.0,0,27,13,96.3,26,64.7,26,44.1,2,218,55,4.2,16.8,8.38,0,-2.0,0,100.0,,0,0,0.0,0,0,0,64.7,61.1,0,5,0.0,0,8,1,100.0,8,87.5,1,1.7,0,5,7,7.0,5.0,0.63,70.5,95.0,38.8,0,60.0,100.0,1,1,0.0,0,3,0,0,53,0.0,0,13,3,84.6,11,143.8,5,8.5,2,97,1,0.3,32.3,8.82,12.8,0,44.4,50.0,1,2,33.3,2,4,1,28.6,65.3,1,14,0.0,0,18,4,100.0,18,58.8,9,15.3,1,48,0,0.0,12.0,2.67,4.3,1,25.0,,0,0,50.0,1,1,0,28.8,56.9,0,12,0.0,0,42,1,95.2,40,39.6,4,6.8,0,12,7,7.0,12.0,0.3,4.9,4,68.2,50.0,2,4,11.8,2,6,0,51.2,80.8,0,14,0.0,0,22,15,100.0,22,82.4,22,37.3,0,124,46,3.1,8.3,5.64
Gerald Everett,11799,TE,SEA,15,59,-3.5,5,100.0,,0,0,0.0,0,3,2,80.0,83.7,0,11,0.0,0,13,12,92.3,12,86.8,12,20.3,0,58,100,8.3,4.8,4.83,-2.7,3,100.0,,0,0,0.0,0,2,1,76.5,92.7,0,11,4.0,1,25,7,88.0,22,91.7,7,11.9,0,42,61,8.7,6.0,1.91,29.0,0,100.0,100.0,1,1,0.0,0,1,0,64.7,79.2,0,34,7.1,1,14,1,78.6,11,118.8,1,1.7,0,34,5,5.0,34.0,3.09,10.0,0,100.0,,0,0,0.0,0,2,0,68.3,88.7,0,14,9.1,2,22,2,68.2,15,118.8,2,3.4,0,26,6,3.0,13.0,1.73,4.3,1,84.2,100.0,3,3,5.9,1,8,0,66.7,92.2,1,14,1.3,1,75,16,96.0,72,108.7,19,32.2,3,111,42,2.6,6.9,1.54,0,23.0,0,50.0,100.0,1,1,33.3,1,2,0,29.9,74.2,0,34,0.0,0,4,2,100.0,4,135.4,4,6.8,1,58,8,4.0,29.0,14.5,29,-4.0,2,100.0,,0,0,0.0,0,1,0,70.5,78.7,0,9,13.3,2,15,3,80.0,12,94.4,3,5.1,0,20,32,10.7,6.7,1.67,21.0,0,0.0,,0,0,100.0,1,0,0,27.9,32.8,0,0,25.8,8,31,0,71.0,22,39.6,2,3.4,0,0,0,,,0.0,15.0,2,66.7,,0,0,0.0,0,2,0,68.3,95.4,0,41,11.8,2,17,2,82.4,14,109.7,3,5.1,0,56,22,11.0,28.0,4.0,5.2,3,66.7,,0,0,0.0,0,3,0,72.1,93.6,0,20,0.0,0,38,4,100.0,38,89.6,6,10.2,0,46,25,6.3,11.5,1.21,13.6,2,75.0,,0,0,0.0,0,6,0,49.2,94.5,0,41,0.0,0,10,6,80.0,8,116.7,8,13.6,0,124,43,7.2,20.7,15.5,0,-5.5,0,100.0,,0,0,0.0,0,0,1,68.3,33.1,0,0,20.0,3,15,2,80.0,12,79.2,2,3.4,0,-4,7,3.5,-2.0,-0.33,64.7,90.3,21.0,0,100.0,,0,0,0.0,0,1,0,0,24,4.8,1,21,1,90.5,19,158.3,1,1.7,1,24,3,3.0,24.0,1.26,14.7,0,66.7,,0,0,0.0,0,2,0,29.9,75.9,0,26,17.6,3,17,2,76.5,13,109.7,3,5.1,0,42,15,7.5,21.0,3.23,5.6,0,80.0,100.0,1,1,11.1,1,4,0,54.5,81.7,0,17,2.8,1,36,8,97.2,35,100.4,10,16.9,0,81,33,4.1,10.1,2.31,4.8,4,80.0,100.0,4,4,6.7,2,15,0,65.8,93.7,1,20,0.0,0,35,28,100.0,35,111.7,35,59.3,3,238,100,3.6,8.5,6.8
Joe Mixon,11803,HB,CIN,18,59,-3.8,3,93.1,,0,0,3.6,1,5,1,76.7,82.9,0,46,0.0,0,31,27,93.5,29,88.8,29,49.2,0,154,253,9.4,5.7,5.31,-4.0,1,90.9,,0,0,9.1,1,2,0,58.5,80.7,0,21,4.2,1,24,10,95.8,23,86.0,11,18.6,0,51,90,9.0,5.1,2.22,,0,,,0,0,,0,0,0,,,0,0,11.1,1,9,0,88.9,8,0.0,0,0.0,0,0,0,,,0.0,,0,,,0,0,,0,0,0,,,0,0,15.6,5,32,0,84.4,27,0.0,0,0.0,0,0,0,,,0.0,1.9,4,82.4,50.0,1,2,0.0,0,6,0,80.6,92.2,0,40,9.1,9,99,14,89.9,89,138.7,17,28.8,2,134,112,8.0,9.6,1.51,0,46.0,0,100.0,,0,0,0.0,0,1,0,64.7,90.9,0,52,0.0,0,1,1,100.0,1,118.8,1,1.7,0,52,6,6.0,52.0,52.0,7,-3.4,1,88.9,,0,0,0.0,0,1,1,78.0,63.0,0,12,0.0,0,21,8,90.5,19,83.3,9,15.3,0,36,60,7.5,4.5,1.89,,0,,,0,0,,0,0,0,,,0,0,16.7,1,6,0,83.3,5,0.0,0,0.0,0,0,0,,,0.0,,0,,,0,0,,0,0,0,,,0,0,23.1,3,13,0,61.5,8,0.0,0,0.0,0,0,0,,,0.0,1.5,1,100.0,,0,0,0.0,0,3,0,74.6,92.6,0,12,23.4,11,47,6,74.5,35,135.4,6,10.2,1,42,33,5.5,7.0,1.2,11.0,0,0.0,,0,0,,0,0,0,,60.0,0,0,0.0,0,1,0,100.0,1,39.6,1,1.7,0,0,0,,,0.0,0,-4.0,1,100.0,,0,0,0.0,0,2,0,77.3,83.6,0,46,0.0,0,11,9,100.0,11,97.7,9,15.3,0,67,103,11.4,7.4,6.09,64.7,90.9,46.0,0,100.0,,0,0,0.0,0,1,0,0,52,26.7,8,30,1,66.7,20,118.8,1,1.7,0,52,6,6.0,52.0,2.6,11.0,0,0.0,,0,0,,0,0,0,,60.0,0,0,20.8,5,24,0,75.0,18,39.6,1,1.7,0,0,0,,,0.0,0.8,0,80.0,100.0,1,1,0.0,0,0,0,72.1,63.7,0,5,10.8,4,37,4,89.2,33,79.2,5,8.5,0,11,8,2.0,2.8,0.33,1.6,5,85.7,66.7,2,3,0.0,0,9,0,85.3,93.2,0,40,0.0,0,28,24,100.0,28,130.2,28,47.5,3,187,153,6.4,7.8,6.68
DeAndre Hopkins,7808,WR,ARZ,10,59,-1.5,0,50.0,,0,0,0.0,0,1,0,64.7,75.6,0,8,0.0,0,2,1,100.0,2,60.4,2,3.4,0,8,9,9.0,8.0,4.0,,0,,,0,0,,0,0,0,,,0,0,0.0,0,34,0,100.0,34,0.0,0,0.0,0,0,0,,,0.0,,0,,,0,0,,0,0,0,,,0,0,0.0,0,9,0,88.9,8,0.0,0,0.0,0,0,0,,,0.0,13.0,0,100.0,,0,0,0.0,0,5,0,74.6,94.7,0,18,0.0,0,27,6,100.0,27,158.3,6,10.2,1,82,13,2.2,13.7,3.04,4.2,2,76.9,100.0,1,1,9.1,1,6,0,58.5,90.4,0,17,0.0,0,61,10,100.0,61,132.4,13,22.0,3,83,49,4.9,8.3,1.36,0,28.9,0,53.3,16.7,1,6,0.0,0,8,0,76.5,97.9,0,55,0.0,0,16,8,93.8,15,138.2,15,25.4,2,239,41,5.1,29.9,15.93,1,-1.5,0,50.0,,0,0,0.0,0,1,0,64.7,75.6,0,8,0.0,0,11,1,100.0,11,60.4,2,3.4,0,8,9,9.0,8.0,0.73,30.9,0,40.0,0.0,0,5,0.0,0,4,0,72.1,94.4,0,55,0.0,0,18,4,94.4,17,120.8,10,16.9,1,131,29,7.3,32.8,7.71,13.3,0,57.1,100.0,1,1,20.0,1,4,0,45.8,84.6,0,15,0.0,0,17,4,76.5,13,116.1,7,11.9,1,45,0,0.0,11.3,3.46,5.1,1,81.8,33.3,1,3,0.0,0,5,0,78.0,92.6,0,11,0.0,0,21,9,95.2,20,94.3,11,18.6,0,73,28,3.1,8.1,3.65,12.9,0,77.8,100.0,3,3,6.7,1,12,0,65.6,95.9,0,18,0.0,0,23,14,78.3,18,145.4,18,30.5,3,169,13,0.9,12.1,9.39,0,,0,,,0,0,,0,0,0,,,0,0,0.0,0,13,0,100.0,13,0.0,0,0.0,0,0,0,,,0.0,72.1,96.8,25.0,0,80.0,100.0,1,1,0.0,0,4,0,0,33,0.0,0,20,4,90.0,18,158.3,5,8.5,1,108,12,3.0,27.0,6.0,12.4,0,80.0,100.0,2,2,0.0,0,3,0,72.1,94.9,0,15,0.0,0,21,4,95.2,20,141.3,5,8.5,1,42,0,0.0,10.5,2.1,,0,,,0,0,,0,0,0,,,0,0,0.0,0,22,0,95.5,21,0.0,0,0.0,0,0,0,,,0.0,4.6,3,79.2,50.0,2,4,5.0,1,11,0,70.5,93.3,0,17,0.0,0,25,19,96.0,24,133.3,24,40.7,3,156,77,4.1,8.2,6.5
Nico Collins,61441,WR,HST,14,59,,0,,,0,0,,0,0,0,,,0,0,,0,0,0,,0,0.0,0,0.0,0,0,0,,,,,0,,,0,0,,0,0,0,,,0,0,0.0,0,29,0,96.6,28,0.0,0,0.0,0,0,0,,,0.0,24.3,0,75.0,100.0,1,1,0.0,0,3,0,70.5,95.2,0,30,0.0,0,9,3,88.9,8,116.7,4,6.8,0,80,18,6.0,26.7,10.0,13.5,0,83.3,100.0,1,1,0.0,0,5,0,73.4,94.5,1,32,0.0,0,19,5,94.7,18,79.2,6,10.2,0,99,33,6.6,19.8,5.5,5.3,0,61.5,33.3,1,3,11.1,1,4,0,54.5,77.0,0,13,0.0,0,82,8,97.6,80,102.1,13,22.0,1,72,30,3.8,9.0,0.9,0,26.8,0,50.0,100.0,1,1,0.0,0,4,0,73.4,95.2,0,30,0.0,0,10,4,80.0,8,95.8,8,13.6,0,100,18,4.5,25.0,12.5,13,,0,,,0,0,,0,0,0,,,0,0,0.0,0,8,0,100.0,8,0.0,0,0.0,0,0,0,,,0.0,20.0,0,100.0,,0,0,0.0,0,1,0,68.3,92.7,0,20,0.0,0,12,1,83.3,10,118.8,1,1.7,0,20,0,0.0,20.0,2.0,14.1,0,20.0,33.3,1,3,33.3,1,2,0,30.0,71.3,0,18,0.0,0,19,2,100.0,19,40.0,10,16.9,0,31,0,0.0,15.5,1.63,6.0,0,66.7,,0,0,0.0,0,1,0,72.1,70.3,0,8,0.0,0,38,4,94.7,36,77.1,6,10.2,0,28,7,1.8,7.0,0.78,14.0,1,45.0,50.0,2,4,10.0,1,9,0,57.0,93.7,1,32,0.0,0,21,9,95.2,20,55.6,20,33.9,0,177,52,5.8,19.7,8.85,0,,0,,,0,0,,0,0,0,,,0,0,0.0,0,7,0,100.0,7,0.0,0,0.0,0,0,0,,,0.0,,56.1,32.3,0,0.0,,0,0,,0,0,0,0,0,0.0,0,15,0,93.3,14,39.6,3,5.1,0,0,0,,,0.0,14.5,1,50.0,,0,0,0.0,0,2,0,68.3,91.1,0,30,0.0,0,20,2,90.0,18,90.6,4,6.8,0,45,17,8.5,22.5,2.5,6.9,0,66.7,25.0,1,4,0.0,0,4,0,76.5,78.6,0,20,0.0,0,59,8,93.2,55,82.3,12,20.3,0,71,18,2.3,8.9,1.29,6.1,0,64.5,28.6,2,7,4.8,1,9,0,70.5,82.4,0,20,0.0,0,32,20,96.9,31,89.6,31,52.5,1,171,55,2.8,8.6,5.52
Donovan Peoples-Jones,61439,WR,CLV,14,58,-2.0,2,100.0,,0,0,0.0,0,1,0,64.7,78.5,0,10,0.0,0,1,1,100.0,1,108.3,1,1.7,0,10,12,12.0,10.0,10.0,-2.0,2,100.0,,0,0,0.0,0,1,0,64.7,78.5,0,10,0.0,0,39,1,94.9,37,108.3,1,1.7,0,10,12,12.0,10.0,0.27,37.7,0,50.0,50.0,1,2,40.0,2,3,0,28.0,93.0,1,60,8.3,1,12,3,83.3,10,95.8,6,10.3,2,139,16,5.3,46.3,13.9,14.8,0,66.7,66.7,2,3,0.0,0,5,1,74.6,93.3,0,39,0.0,0,34,6,94.1,32,109.7,9,15.5,0,125,35,5.8,20.8,3.91,4.8,0,66.7,100.0,3,3,25.0,2,4,0,29.8,73.3,1,22,0.0,0,87,6,100.0,87,45.8,9,15.5,0,60,32,5.3,10.0,0.69,0,30.6,0,41.2,42.9,3,7,22.2,2,7,0,31.8,97.4,1,60,0.0,0,17,7,100.0,17,103.2,17,29.3,2,247,28,4.0,35.3,14.53,8,,0,,,0,0,,0,0,0,,,0,0,0.0,0,4,0,100.0,4,0.0,0,0.0,0,0,0,,,0.0,22.3,0,50.0,50.0,2,4,0.0,0,3,0,70.5,98.2,0,27,0.0,0,15,3,86.7,13,95.1,6,10.3,0,74,4,1.3,24.7,5.69,16.5,0,0.0,0.0,0,2,,0,0,0,,55.6,1,0,0.0,0,18,0,94.4,17,0.0,4,6.9,0,0,0,,,0.0,4.2,0,100.0,100.0,2,2,0.0,0,2,0,73.4,71.3,0,12,0.0,0,34,5,91.2,31,93.3,5,8.6,0,32,11,2.2,6.4,1.03,14.8,0,52.6,62.5,5,8,0.0,0,9,1,78.0,94.7,1,42,0.0,0,23,10,82.6,19,70.7,19,32.8,0,213,63,6.3,21.3,11.21,0,,0,,,0,0,,0,0,0,,,0,0,0.0,0,12,0,91.7,11,0.0,0,0.0,0,0,0,,,0.0,64.7,73.0,32.2,0,20.0,0.0,0,1,0.0,0,1,0,0,34,0.0,0,14,1,92.9,13,55.4,5,8.6,0,34,8,8.0,34.0,2.62,13.7,0,66.7,100.0,3,3,0.0,0,4,0,72.1,94.2,0,42,0.0,0,20,4,85.0,17,109.7,6,10.3,0,88,28,7.0,22.0,5.18,5.6,0,71.4,100.0,3,3,0.0,0,3,0,73.4,85.8,0,11,0.0,0,47,5,97.9,46,122.0,7,12.1,1,35,7,1.4,7.0,0.76,4.9,0,76.2,100.0,8,8,11.1,2,9,0,53.1,84.0,1,22,0.0,0,21,16,100.0,21,86.8,21,36.2,1,127,50,3.1,7.9,6.05
Michael Gallup,26075,WR,DAL,9,58,-2.6,0,100.0,,0,0,0.0,0,4,0,75.6,90.3,0,10,0.0,0,7,7,100.0,7,91.7,7,12.1,0,42,60,8.6,6.0,6.0,-1.0,0,100.0,,0,0,0.0,0,0,0,64.7,60.7,0,5,0.0,0,25,1,96.0,24,87.5,1,1.7,0,5,6,6.0,5.0,0.21,27.5,0,0.0,0.0,0,1,,0,0,0,,57.5,0,0,0.0,0,12,0,100.0,12,39.6,2,3.4,0,0,0,,,0.0,14.4,0,50.0,60.0,3,5,20.0,1,4,0,41.6,88.4,0,24,0.0,0,33,4,84.8,28,81.8,8,13.8,0,73,13,3.3,18.3,2.61,6.1,1,80.0,33.3,1,3,0.0,0,3,0,76.5,92.3,0,16,0.0,0,80,8,97.5,78,97.5,10,17.2,0,74,25,3.1,9.3,0.95,0,26.8,0,38.5,50.0,2,4,0.0,0,5,0,75.6,95.5,0,41,0.0,0,17,5,76.5,13,110.1,13,22.4,1,157,23,4.6,31.4,12.08,9,-3.5,0,100.0,,0,0,0.0,0,2,0,72.1,82.4,0,8,0.0,0,17,4,100.0,17,88.5,4,6.9,0,21,35,8.8,5.3,1.24,24.7,0,66.7,100.0,2,2,0.0,0,4,0,73.4,97.1,0,41,0.0,0,11,4,81.8,9,149.3,6,10.3,1,117,12,3.0,29.3,13.0,13.2,0,40.0,0.0,0,1,0.0,0,2,0,68.3,90.2,0,17,0.0,0,19,2,84.2,16,59.6,5,8.6,0,29,1,0.5,14.5,1.81,7.3,0,33.3,50.0,1,2,50.0,1,1,0,29.9,71.0,0,11,0.0,0,32,1,96.9,31,45.1,3,5.2,0,11,2,2.0,11.0,0.35,13.1,0,42.1,50.0,5,10,20.0,2,8,0,35.3,91.6,0,24,0.0,0,20,8,95.0,19,79.9,19,32.8,1,115,14,1.8,14.4,6.05,0,-1.5,0,100.0,,0,0,0.0,0,2,0,68.3,90.0,0,10,0.0,0,8,2,87.5,7,100.0,2,3.4,0,16,19,9.5,8.0,2.29,68.3,80.6,29.0,0,20.0,0.0,0,1,0.0,0,1,0,0,40,0.0,0,15,1,80.0,12,60.4,5,8.6,0,40,11,11.0,40.0,3.33,11.3,0,33.3,50.0,2,4,33.3,1,2,0,29.9,75.9,0,12,0.0,0,20,2,95.0,19,81.9,6,10.3,1,13,0,0.0,6.5,0.68,7.3,0,100.0,100.0,1,1,0.0,0,2,0,74.6,84.7,0,11,0.0,0,36,6,94.4,34,98.6,6,10.3,0,46,2,0.3,7.7,1.35,6.7,1,78.9,50.0,3,6,6.3,1,6,0,66.7,92.3,0,16,0.0,0,21,15,90.5,19,95.4,19,32.8,0,131,29,1.9,8.7,6.89
Austin Hooper,10715,TE,CLV,16,58,-2.8,1,100.0,,0,0,0.0,0,3,0,74.6,97.8,0,34,0.0,0,6,5,83.3,5,118.8,5,8.6,0,79,93,18.6,15.8,15.8,-3.3,1,100.0,,0,0,0.0,0,3,0,73.4,97.1,0,34,10.8,4,37,4,86.5,32,118.8,4,6.9,0,70,83,20.8,17.5,2.19,22.0,0,0.0,,0,0,,0,0,0,,58.8,0,0,45.5,5,11,0,45.5,5,39.6,1,1.7,0,0,0,,,0.0,14.4,0,60.0,,0,0,0.0,0,3,0,72.1,95.3,0,20,20.5,8,39,3,74.4,29,130.0,5,8.6,1,46,5,1.7,15.3,1.59,5.0,0,70.8,40.0,2,5,10.5,2,9,0,54.5,91.0,1,21,8.1,6,74,17,91.9,68,70.7,24,41.4,0,155,70,4.1,9.1,2.28,0,22.0,0,0.0,,0,0,,0,0,0,,55.4,0,0,0.0,0,2,0,50.0,1,39.6,1,1.7,0,0,0,,,0.0,8,-1.0,0,100.0,,0,0,0.0,0,0,0,64.7,90.4,0,9,25.0,1,4,1,75.0,3,104.2,1,1.7,0,9,10,10.0,9.0,3.0,,0,,,0,0,,0,0,0,,60.0,0,0,40.0,6,15,0,46.7,7,0.0,0,0.0,0,0,0,,,0.0,12.7,0,33.3,50.0,1,2,0.0,0,1,0,64.7,76.9,0,2,22.2,4,18,1,72.2,13,81.9,3,5.2,1,2,0,0.0,2.0,0.15,4.8,2,55.6,100.0,1,1,37.5,3,1,0,27.5,41.7,0,8,8.6,3,35,5,82.9,29,62.7,9,15.5,0,31,10,2.0,6.2,1.07,14.2,0,44.4,50.0,1,2,0.0,0,4,0,73.4,94.1,0,20,0.0,0,11,4,81.8,9,100.9,9,15.5,2,48,5,1.3,12.0,5.33,0,,0,,,0,0,,0,0,0,,,0,0,10.0,1,10,0,80.0,8,0.0,0,0.0,0,0,0,,,0.0,,,,0,,,0,0,,0,0,0,0,0,35.7,5,14,0,64.3,9,0.0,0,0.0,0,0,0,,,0.0,18.0,0,0.0,,0,0,,0,0,0,,56.0,0,0,23.8,5,21,0,61.9,13,39.6,1,1.7,0,0,0,,,0.0,4.3,0,70.0,50.0,1,2,12.5,1,1,0,52.1,61.2,0,8,21.6,8,37,7,75.7,28,107.1,10,17.2,1,32,10,1.4,4.6,1.14,4.8,2,67.4,50.0,4,8,17.1,6,11,0,30.1,80.9,1,21,0.0,0,45,29,95.6,43,77.5,43,74.1,1,218,90,3.1,7.5,5.07
Deonte Harty,91470,WR,NO,13,57,-4.2,1,66.7,,0,0,0.0,0,2,0,74.6,85.2,0,18,0.0,0,9,6,100.0,9,79.9,9,15.8,0,48,70,11.7,8.0,5.33,-4.0,1,100.0,,0,0,0.0,0,1,0,68.3,76.6,0,9,0.0,0,8,2,100.0,8,89.6,2,3.5,0,11,19,9.5,5.5,1.38,37.2,0,20.0,0.0,0,1,0.0,0,1,0,64.7,91.3,2,72,0.0,0,9,1,88.9,8,79.2,5,8.8,1,72,26,26.0,72.0,9.0,15.5,0,50.0,100.0,1,1,50.0,1,1,0,28.8,59.1,0,12,0.0,0,9,1,100.0,9,68.8,2,3.5,0,12,0,0.0,12.0,1.33,5.6,3,71.4,100.0,2,2,9.1,1,5,0,58.5,93.8,1,70,0.0,0,55,10,98.2,54,99.4,14,24.6,1,147,88,8.8,14.7,2.72,0,32.0,0,36.4,0.0,0,1,0.0,0,4,0,72.1,96.1,4,72,0.0,0,12,4,91.7,11,84.5,11,19.3,2,194,49,12.3,48.5,17.64,20,-3.5,0,50.0,,0,0,0.0,0,1,0,68.3,72.6,0,18,0.0,0,8,2,100.0,8,64.6,4,7.0,0,20,26,13.0,10.0,2.5,39.5,0,100.0,,0,0,0.0,0,2,0,68.3,96.7,0,55,0.0,0,7,2,85.7,6,158.3,2,3.5,1,101,22,11.0,50.5,16.83,17.0,0,100.0,,0,0,0.0,0,3,0,70.5,92.0,0,19,0.0,0,11,3,90.9,10,118.8,3,5.3,0,50,-1,-0.3,16.7,5.0,5.6,1,100.0,,0,0,0.0,0,3,0,73.4,92.4,0,11,0.0,0,14,5,100.0,14,100.0,5,8.8,0,40,12,2.4,8.0,2.86,13.8,0,60.0,100.0,1,1,14.3,1,6,0,52.1,92.5,1,19,0.0,0,11,6,90.9,10,49.2,10,17.5,0,88,3,0.5,14.7,8.8,0,-5.3,0,66.7,,0,0,0.0,0,0,0,68.3,77.8,0,9,0.0,0,10,2,100.0,10,81.3,3,5.3,0,17,25,12.5,8.5,1.7,64.7,72.1,21.8,0,25.0,,0,0,0.0,0,1,0,2,21,0.0,0,12,1,100.0,12,9.4,4,7.0,0,21,1,1.0,21.0,1.75,11.2,0,40.0,,0,0,0.0,0,2,0,70.5,90.9,1,14,0.0,0,17,2,82.4,14,17.5,5,8.8,0,26,4,2.0,13.0,1.86,5.5,1,62.5,,0,0,16.7,1,3,0,49.2,84.2,0,17,0.0,0,18,5,94.4,17,81.8,8,14.0,0,53,24,4.8,10.6,3.12,5.6,5,74.1,100.0,2,2,9.1,2,11,0,59.2,95.0,1,70,0.0,0,28,20,96.4,27,97.8,27,47.4,1,240,124,6.2,12.0,8.89
Saquon Barkley,45791,HB,NYG,13,57,-5.0,6,88.5,0.0,0,1,4.2,1,6,1,73.7,69.5,0,18,0.0,0,28,23,92.9,26,79.2,26,45.6,0,77,192,8.3,3.3,2.96,-5.3,4,81.3,0.0,0,1,7.1,1,5,0,64.7,79.2,0,15,11.5,3,26,13,80.8,21,79.2,16,28.1,0,47,116,8.9,3.6,2.24,,0,,,0,0,,0,0,0,,,0,0,50.0,2,4,0,50.0,2,0.0,0,0.0,0,0,0,,,0.0,10.0,0,0.0,,0,0,,0,0,0,,59.9,0,0,4.7,2,43,0,86.0,37,39.6,1,1.8,0,0,0,,,0.0,2.4,0,53.8,,0,0,30.0,3,3,0,28.4,31.3,0,14,11.9,8,67,7,77.6,52,65.9,13,22.8,0,59,52,7.4,8.4,1.13,0,23.3,1,66.7,,0,0,0.0,0,2,0,68.3,92.2,0,54,0.0,0,3,2,100.0,3,149.3,3,5.3,2,72,30,15.0,36.0,24.0,21,-4.0,1,100.0,,0,0,0.0,0,0,0,72.1,74.8,0,10,0.0,0,8,4,100.0,8,83.3,4,7.0,0,16,32,8.0,4.0,2.0,24.0,1,50.0,,0,0,0.0,0,1,0,64.7,90.2,0,54,0.0,0,9,1,88.9,8,135.4,2,3.5,1,54,30,30.0,54.0,6.75,,0,,,0,0,,0,0,0,,,0,0,15.4,2,13,0,69.2,9,0.0,0,0.0,0,0,0,,,0.0,4.8,0,60.0,,0,0,0.0,0,1,0,70.5,77.0,0,11,27.8,5,18,3,66.7,12,71.3,5,8.8,0,23,7,2.3,7.7,1.92,10.0,0,0.0,,0,0,,0,0,0,,59.9,0,0,0.0,0,1,0,100.0,1,39.6,1,1.8,0,0,0,,,0.0,0,-5.0,1,100.0,,0,0,0.0,0,1,1,74.6,37.8,0,18,0.0,0,12,6,91.7,11,79.2,6,10.5,0,14,44,7.3,2.3,1.27,64.7,78.5,22.0,0,100.0,,0,0,0.0,0,1,0,0,18,41.7,5,12,1,58.3,7,158.3,1,1.8,1,18,0,0.0,18.0,2.57,,0,,,0,0,,0,0,0,,,0,0,0.0,0,14,0,92.9,13,0.0,0,0.0,0,0,0,,,0.0,2.8,0,66.7,0.0,0,1,25.0,2,1,0,29.7,33.4,0,11,21.1,8,38,6,76.3,29,72.5,9,15.8,0,32,19,3.2,5.3,1.1,3.0,0,59.3,0.0,0,1,23.8,5,5,0,28.5,33.5,0,14,0.0,0,27,16,100.0,27,69.1,27,47.4,0,114,78,4.9,7.1,4.22
Jalen Reagor,61697,WR,PHI,18,57,-2.8,5,100.0,,0,0,0.0,0,2,0,80.0,88.8,0,34,0.0,0,13,13,100.0,13,117.6,13,22.8,1,79,116,8.9,6.1,6.08,-4.6,0,100.0,,0,0,0.0,0,0,0,73.4,62.0,0,7,0.0,0,49,5,100.0,49,79.2,5,8.8,0,9,32,6.4,1.8,0.18,37.5,0,0.0,0.0,0,2,100.0,1,0,0,27.9,39.7,0,0,0.0,0,8,0,100.0,8,39.6,2,3.5,0,0,0,,,0.0,16.0,0,0.0,0.0,0,1,,0,0,0,,59.7,0,0,0.0,0,25,0,84.0,21,39.6,1,1.8,0,0,0,,,0.0,5.2,0,54.5,0.0,0,3,14.3,1,3,0,49.2,74.5,0,12,0.0,0,68,6,95.6,65,66.1,11,19.3,0,49,16,2.7,8.2,0.75,0,31.3,0,20.0,25.0,1,4,33.3,1,2,0,29.9,75.4,2,24,0.0,0,13,2,76.9,10,6.3,10,17.5,0,45,1,0.5,22.5,4.5,24,-1.7,4,100.0,,0,0,0.0,0,1,0,70.5,89.6,0,23,0.0,0,12,3,100.0,12,135.4,3,5.3,1,21,26,8.7,7.0,1.75,26.3,0,66.7,50.0,1,2,0.0,0,2,0,68.3,93.4,0,24,0.0,0,30,2,93.3,28,109.7,3,5.3,0,45,1,0.5,22.5,1.61,13.0,0,57.1,0.0,0,1,0.0,0,4,0,72.1,91.7,0,17,0.0,0,26,4,100.0,26,80.1,7,12.3,0,51,0,0.0,12.8,1.96,0.0,0,100.0,,0,0,0.0,0,0,0,64.7,61.2,0,1,0.0,0,32,1,90.6,29,79.2,1,1.8,0,1,1,1.0,1.0,0.03,12.4,0,42.9,25.0,1,4,0.0,0,6,0,74.6,92.0,0,17,0.0,0,14,6,100.0,14,86.3,14,24.6,1,83,11,1.8,13.8,5.93,0,-1.8,1,100.0,,0,0,0.0,0,1,0,73.4,88.9,0,34,0.0,0,18,5,88.9,16,107.5,5,8.8,0,49,58,11.6,9.8,3.06,,54.4,31.8,0,0.0,,0,0,,0,0,0,2,0,0.0,0,29,0,89.7,26,0.0,5,8.8,0,0,0,,,0.0,11.2,0,33.3,50.0,1,2,0.0,0,2,0,68.3,82.9,0,17,0.0,0,40,2,95.0,38,91.7,6,10.5,1,32,11,5.5,16.0,0.84,4.8,0,75.0,,0,0,25.0,2,0,0,31.8,61.0,0,10,0.0,0,63,6,95.2,60,87.5,8,14.0,0,44,13,2.2,7.3,0.73,4.8,0,65.0,0.0,0,3,18.8,3,3,0,35.8,69.4,0,12,0.0,0,21,13,95.2,20,75.8,20,35.1,0,94,30,2.3,7.2,4.7
Cameron Brate,9207,TE,TB,19,56,-3.7,0,100.0,,0,0,0.0,0,2,0,70.5,90.0,0,17,0.0,0,3,3,100.0,3,118.8,3,5.4,0,40,51,17.0,13.3,13.33,-3.5,0,100.0,,0,0,0.0,0,1,0,68.3,70.7,0,16,6.5,2,31,2,93.5,29,114.6,2,3.6,0,23,30,15.0,11.5,0.79,20.0,0,0.0,0.0,0,1,,0,0,0,,59.8,0,0,0.0,0,9,0,100.0,9,39.6,1,1.8,0,0,0,,,0.0,13.0,0,33.3,0.0,0,1,25.0,1,3,0,36.2,82.2,0,18,2.6,1,39,3,94.9,37,52.5,9,16.1,0,49,8,2.7,16.3,1.32,5.5,1,75.0,60.0,3,5,0.0,0,6,0,81.1,94.3,0,12,0.0,0,84,15,97.6,82,126.5,20,35.7,3,107,30,2.0,7.1,1.3,0,24.0,0,0.0,0.0,0,1,,0,0,0,,55.2,0,0,0.0,0,3,0,100.0,3,39.6,3,5.4,0,0,0,,,0.0,30,,0,,,0,0,,0,0,0,,,0,0,0.0,0,14,0,100.0,14,0.0,0,0.0,0,0,0,,,0.0,,0,,,0,0,,0,0,0,,,0,0,0.0,0,12,0,91.7,11,0.0,0,0.0,0,0,0,,,0.0,15.0,0,0.0,,0,0,,0,0,0,,57.7,0,0,0.0,0,21,0,100.0,21,39.6,2,3.6,0,0,0,,,0.0,4.4,0,80.0,100.0,1,1,0.0,0,2,0,76.5,87.4,0,8,0.0,0,46,8,93.5,43,87.1,10,17.9,0,49,13,1.6,6.1,1.14,13.1,0,33.3,0.0,0,2,16.7,1,5,0,45.8,90.3,0,18,0.0,0,16,5,93.8,15,49.9,15,26.8,0,72,10,2.0,14.4,4.8,0,-4.0,0,100.0,,0,0,0.0,0,1,0,64.7,90.4,0,17,0.0,0,17,1,100.0,17,118.8,1,1.8,0,17,21,21.0,17.0,1.0,,55.9,26.0,0,0.0,,0,0,,0,0,0,0,0,6.3,1,16,0,75.0,12,39.6,2,3.6,0,0,0,,,0.0,12.3,0,50.0,0.0,0,1,0.0,0,2,0,68.3,91.0,0,12,0.0,0,20,2,100.0,20,67.7,4,7.1,0,23,2,1.0,11.5,1.15,4.8,0,60.0,50.0,1,2,25.0,1,2,0,36.2,58.5,0,7,12.5,4,32,3,87.5,28,104.2,5,8.9,1,15,3,1.0,5.0,0.54,5.1,1,74.3,62.5,5,8,3.7,1,10,0,74.9,93.0,0,12,0.0,0,35,26,100.0,35,122.4,35,62.5,4,171,46,1.8,6.6,4.89
Devin Singletary,40485,HB,BUF,19,56,-3.8,6,88.5,,0,0,4.2,1,4,2,73.0,70.7,0,19,0.0,0,26,23,100.0,26,93.3,26,46.4,1,86,173,7.5,3.7,3.31,-4.4,3,90.0,,0,0,0.0,0,3,0,77.3,94.3,0,19,10.0,3,30,9,90.0,27,118.3,10,17.9,1,44,81,9.0,4.9,1.63,,0,,,0,0,,0,0,0,,,0,0,10.5,2,19,0,89.5,17,0.0,0,0.0,0,0,0,,,0.0,,0,,,0,0,,0,0,0,,,0,0,20.0,10,50,0,76.0,38,0.0,0,0.0,0,0,0,,,0.0,2.2,3,84.2,100.0,1,1,15.8,3,8,0,41.9,66.3,0,15,16.7,18,108,16,78.7,85,96.7,19,33.9,0,137,100,6.3,8.6,1.61,0,20.0,0,0.0,,0,0,,0,0,0,,59.8,0,0,0.0,0,1,0,100.0,1,39.6,1,1.8,0,0,0,,,0.0,4,-3.0,2,87.5,,0,0,12.5,1,0,1,52.5,38.6,0,6,0.0,0,16,7,87.5,14,79.2,8,14.3,0,20,43,6.1,2.9,1.43,20.0,0,0.0,,0,0,,0,0,0,,59.8,0,0,35.0,7,20,0,60.0,12,39.6,1,1.8,0,0,0,,,0.0,,0,,,0,0,,0,0,0,,,0,0,15.2,5,33,0,75.8,25,0.0,0,0.0,0,0,0,,,0.0,1.7,1,85.7,100.0,1,1,0.0,0,2,1,74.6,55.4,1,11,15.8,9,57,6,80.7,46,47.9,7,12.5,0,35,26,4.3,5.8,0.76,,0,,,0,0,,0,0,0,,,0,0,,0,0,0,,0,0.0,0,0.0,0,0,0,,,,0,-3.9,1,87.5,,0,0,0.0,0,1,1,75.6,36.9,0,13,12.5,2,16,7,87.5,14,79.2,8,14.3,0,22,49,7.0,3.1,1.57,,,,0,,,0,0,,0,0,0,0,0,31.3,5,16,0,56.3,9,0.0,0,0.0,0,0,0,,,0.0,,0,,,0,0,,0,0,0,,,0,0,29.2,7,24,0,62.5,15,0.0,0,0.0,0,0,0,,,0.0,0.7,0,66.7,,0,0,0.0,0,0,0,68.3,68.4,1,4,26.5,18,68,2,72.1,49,30.6,3,5.4,0,8,6,3.0,4.0,0.16,1.9,4,82.8,100.0,2,2,11.1,3,10,1,52.9,62.9,2,15,0.0,0,31,24,93.5,29,63.8,29,51.8,0,180,132,5.5,7.5,6.21
Darius Slayton,25578,WR,NYG,13,55,-2.0,0,100.0,,0,0,0.0,0,0,0,68.3,76.3,0,9,0.0,0,2,2,100.0,2,93.8,2,3.6,0,13,17,8.5,6.5,6.5,-2.0,0,100.0,,0,0,0.0,0,0,0,68.3,76.3,0,9,0.0,0,30,2,96.7,29,93.8,2,3.6,0,13,17,8.5,6.5,0.45,34.8,0,25.0,,0,0,50.0,1,1,0,28.8,58.1,0,22,0.0,0,7,1,85.7,6,89.6,4,7.3,1,22,0,0.0,22.0,3.67,14.6,0,42.9,0.0,0,3,25.0,1,2,1,36.8,59.7,0,21,0.0,0,35,3,97.1,34,69.9,7,12.7,0,54,6,2.0,18.0,1.59,5.7,0,66.7,,0,0,20.0,1,2,0,42.1,69.5,1,17,0.0,0,78,4,89.7,70,51.4,6,10.9,0,48,21,5.3,12.0,0.69,0,34.5,0,30.0,0.0,0,1,25.0,1,3,0,36.2,84.1,1,42,0.0,0,12,3,83.3,10,67.5,10,18.2,2,97,4,1.3,32.3,9.7,21,,0,,,0,0,,0,0,0,,,0,0,0.0,0,9,0,100.0,9,0.0,0,0.0,0,0,0,,,0.0,34.3,0,33.3,0.0,0,1,0.0,0,1,0,64.7,88.7,1,33,0.0,0,9,1,100.0,9,75.7,3,5.5,1,33,1,1.0,33.0,3.67,14.2,0,20.0,0.0,0,2,0.0,0,1,0,64.7,71.6,0,14,0.0,0,11,1,100.0,11,39.6,5,9.1,0,14,0,0.0,14.0,1.27,4.8,1,66.7,100.0,1,1,20.0,1,0,0,41.6,51.0,0,9,0.0,0,31,4,96.8,30,73.6,6,10.9,0,23,3,0.8,5.8,0.77,13.7,0,36.8,0.0,0,5,12.5,1,6,1,54.9,84.5,1,21,0.0,0,20,7,95.0,19,35.2,19,34.5,0,111,6,0.9,15.9,5.84,0,,0,,,0,0,,0,0,0,,,0,0,0.0,0,7,0,85.7,6,0.0,0,0.0,0,0,0,,,0.0,64.7,79.4,34.3,0,33.3,,0,0,0.0,0,1,0,0,42,0.0,0,14,1,78.6,11,81.9,3,5.5,0,42,3,3.0,42.0,3.82,12.4,0,42.9,,0,0,0.0,0,3,0,72.1,91.2,1,15,0.0,0,17,3,94.1,16,23.8,7,12.7,0,43,0,0.0,14.3,2.69,6.2,0,50.0,0.0,0,1,25.0,2,3,0,29.8,64.8,0,15,0.0,0,55,6,98.2,54,60.1,12,21.8,0,47,15,2.5,7.8,0.87,5.7,1,58.3,50.0,1,2,22.2,4,5,0,29.3,63.2,1,17,0.0,0,26,14,92.3,24,53.8,24,43.6,0,118,39,2.8,8.4,4.92
Darrel Williams,13014,HB,KC,18,55,-3.1,8,100.0,,0,0,0.0,0,7,0,85.7,93.6,0,22,0.0,0,25,25,100.0,25,95.8,25,45.5,0,175,253,10.1,7.0,7.0,-3.6,4,100.0,,0,0,0.0,0,3,0,78.0,92.7,0,22,0.0,0,33,10,100.0,33,106.3,10,18.2,0,95,131,13.1,9.5,2.88,,0,,,0,0,,0,0,0,,,0,0,10.0,1,10,0,80.0,8,0.0,0,0.0,0,0,0,,,0.0,,0,,,0,0,,0,0,0,,,0,0,11.4,4,35,0,80.0,28,0.0,0,0.0,0,0,0,,,0.0,3.2,3,88.9,,0,0,0.0,0,5,0,76.5,92.9,0,17,1.2,1,86,8,98.8,85,109.3,9,16.4,0,92,66,8.3,11.5,1.08,0,28.5,0,100.0,100.0,1,1,0.0,0,2,0,68.3,94.3,0,38,0.0,0,2,2,100.0,2,158.3,2,3.6,1,76,19,9.5,38.0,38.0,16,-2.6,1,100.0,,0,0,0.0,0,2,0,78.7,86.1,0,9,4.5,1,22,11,95.5,21,86.7,11,20.0,0,53,82,7.5,4.8,2.52,37.0,0,100.0,100.0,1,1,0.0,0,1,0,64.7,90.5,0,38,12.5,2,16,1,81.3,13,158.3,1,1.8,1,38,1,1.0,38.0,2.92,14.0,0,0.0,0.0,0,1,,0,0,0,,58.4,0,0,15.0,3,20,0,60.0,12,39.6,2,3.6,0,0,0,,,0.0,0.5,0,83.3,,0,0,9.1,1,4,0,58.5,83.7,0,23,11.8,4,34,10,82.4,28,127.4,12,21.8,1,95,89,8.9,9.5,3.39,13.7,0,0.0,0.0,0,1,,0,0,0,,57.7,0,0,0.0,0,4,0,75.0,3,39.6,3,5.5,0,0,0,,,0.0,0,-3.3,3,100.0,,0,0,0.0,0,2,0,72.1,90.2,0,17,9.1,1,11,4,90.9,10,94.8,4,7.3,0,27,40,10.0,6.8,2.7,64.7,90.4,20.0,0,100.0,,0,0,0.0,0,1,0,0,38,5.0,1,20,1,70.0,14,118.8,1,1.8,0,38,18,18.0,38.0,2.71,13.0,0,0.0,,0,0,,0,0,0,,59.9,0,0,5.6,1,18,0,94.4,17,39.6,1,1.8,0,0,0,,,0.0,5.3,0,50.0,,0,0,0.0,0,1,0,70.5,68.6,0,8,16.7,5,30,2,70.0,21,58.3,4,7.3,0,14,9,4.5,7.0,0.67,2.2,3,80.0,,0,0,4.8,1,10,0,71.3,92.0,0,23,0.0,0,26,20,96.2,25,113.5,25,45.5,1,201,164,8.2,10.1,8.04
Mike Davis,9559,HB,ATL,17,55,-3.5,16,79.3,,0,0,8.0,2,6,2,62.5,54.3,0,20,0.0,0,32,23,90.6,29,94.7,29,52.7,1,115,200,8.7,5.0,3.97,-3.5,9,83.3,,0,0,9.1,1,3,1,58.9,44.4,0,20,6.1,2,33,10,87.9,29,85.8,12,21.8,0,55,94,9.4,5.5,1.9,,0,,,0,0,,0,0,0,,,0,0,44.4,4,9,0,55.6,5,0.0,0,0.0,0,0,0,,,0.0,,0,,,0,0,,0,0,0,,,0,0,31.7,20,63,0,66.7,42,0.0,0,0.0,0,0,0,,,0.0,2.0,4,88.2,100.0,1,1,6.3,1,5,0,66.7,81.5,0,15,18.8,21,112,15,79.5,89,90.9,17,30.9,0,99,73,4.9,6.6,1.11,0,,0,,,0,0,,0,0,0,,,0,0,,0,0,0,,0,0.0,0,0.0,0,0,0,,,,2,-3.0,5,66.7,,0,0,0.0,0,1,1,72.1,30.4,0,7,0.0,0,9,4,88.9,8,109.7,6,10.9,1,9,21,5.3,2.3,1.13,,0,,,0,0,,0,0,0,,,0,0,23.1,3,13,0,61.5,8,0.0,0,0.0,0,0,0,,,0.0,,0,,,0,0,,0,0,0,,,0,0,44.4,4,9,0,44.4,4,0.0,0,0.0,0,0,0,,,0.0,1.0,0,75.0,,0,0,0.0,0,0,0,72.1,80.7,0,6,32.1,9,28,3,64.3,18,80.2,4,7.3,0,15,13,4.3,5.0,0.83,,0,,,0,0,,0,0,0,,,0,0,,0,0,0,,0,0.0,0,0.0,0,0,0,,,,0,-3.8,2,81.8,,0,0,10.0,1,2,0,58.5,84.9,0,18,0.0,0,14,9,92.9,13,86.0,11,20.0,0,51,85,9.4,5.7,3.92,,,,0,,,0,0,,0,0,0,0,0,13.3,2,15,0,73.3,11,0.0,0,0.0,0,0,0,,,0.0,,0,,,0,0,,0,0,0,,,0,0,15.4,2,13,0,84.6,11,0.0,0,0.0,0,0,0,,,0.0,2.4,1,60.0,,0,0,0.0,0,1,0,70.5,74.0,0,20,26.8,11,41,3,68.3,28,77.1,5,9.1,0,30,27,9.0,10.0,1.07,1.9,5,80.8,100.0,1,1,4.5,1,6,0,72.8,87.7,0,20,0.0,0,29,21,89.7,26,89.7,26,47.3,0,144,113,5.4,6.9,5.54
Jerry Jeudy,61103,WR,DEN,10,54,-2.8,0,100.0,,0,0,0.0,0,2,0,73.4,90.4,0,20,0.0,0,5,5,100.0,5,103.3,5,9.3,0,44,58,11.6,8.8,8.8,,0,,,0,0,,0,0,0,,,0,0,0.0,0,12,0,91.7,11,0.0,0,0.0,0,0,0,,,0.0,,0,,,0,0,,0,0,0,,,0,0,0.0,0,2,0,100.0,2,0.0,0,0.0,0,0,0,,,0.0,15.2,1,50.0,,0,0,0.0,0,3,0,70.5,79.8,1,19,0.0,0,21,3,90.5,19,34.7,6,11.1,0,44,2,0.7,14.7,2.32,5.6,3,80.0,33.3,1,3,5.9,1,5,1,67.7,77.4,0,21,0.0,0,67,16,97.0,65,92.7,20,37.0,0,125,42,2.6,7.8,1.92,0,29.1,0,28.6,0.0,0,1,0.0,0,2,0,68.3,91.9,0,28,0.0,0,7,2,100.0,7,55.7,7,13.0,0,48,2,1.0,24.0,6.86,10,-3.0,0,100.0,,0,0,0.0,0,1,0,70.5,75.0,0,20,0.0,0,8,3,87.5,7,97.2,3,5.6,0,22,31,10.3,7.3,3.14,26.3,0,50.0,,0,0,0.0,0,2,0,68.3,93.9,0,28,0.0,0,15,2,86.7,13,93.8,4,7.4,0,48,2,1.0,24.0,3.69,17.3,1,66.7,50.0,1,2,0.0,0,3,0,72.1,92.0,0,36,0.0,0,11,4,90.9,10,109.7,6,11.1,0,93,24,6.0,23.3,9.3,4.3,0,75.0,,0,0,0.0,0,3,0,72.1,81.8,0,14,0.0,0,24,3,91.7,22,95.8,4,7.4,0,30,14,4.7,10.0,1.36,15.9,2,60.0,50.0,1,2,10.0,1,8,0,56.7,92.8,1,40,0.0,0,16,9,93.8,15,76.4,15,27.8,0,194,50,5.6,21.6,12.93,0,-2.5,0,100.0,,0,0,0.0,0,1,0,68.3,90.6,0,13,0.0,0,10,2,100.0,10,112.5,2,3.7,0,22,27,13.5,11.0,2.2,,56.9,33.0,0,0.0,0.0,0,1,,0,0,0,0,0,0.0,0,14,0,92.9,13,39.6,3,5.6,0,0,0,,,0.0,14.7,0,66.7,,0,0,33.3,1,2,0,29.9,84.5,0,40,0.0,0,11,2,81.8,9,109.7,3,5.6,0,57,24,12.0,28.5,6.33,3.0,1,100.0,,0,0,0.0,0,2,0,70.5,85.8,0,16,0.0,0,33,3,93.9,31,102.8,3,5.6,0,26,17,5.7,8.7,0.84,5.1,4,81.5,33.3,1,3,4.3,1,10,1,73.5,86.7,0,21,0.0,0,30,22,90.0,27,94.6,27,50.0,0,181,73,3.3,8.2,6.7
Brandon Bolden,7469,HB,NE,17,54,-2.9,6,89.7,0.0,0,1,3.7,1,13,0,75.5,94.6,0,21,0.0,0,30,26,96.7,29,123.3,29,53.7,2,234,307,11.8,9.0,8.07,-2.8,5,90.0,0.0,0,1,5.3,1,9,0,69.6,93.4,0,20,10.7,3,28,18,82.1,23,134.4,20,37.0,2,165,214,11.9,9.2,7.17,,0,,,0,0,,0,0,0,,,0,0,14.3,2,14,0,71.4,10,0.0,0,0.0,0,0,0,,,0.0,,0,,,0,0,,0,0,0,,,0,0,18.5,5,27,0,77.8,21,0.0,0,0.0,0,0,0,,,0.0,3.5,2,75.0,100.0,1,1,10.0,1,4,0,56.7,84.0,0,28,16.4,10,61,9,80.3,49,99.3,12,22.2,0,100,69,7.7,11.1,2.04,0,23.5,0,50.0,100.0,1,1,50.0,1,1,0,28.8,38.3,0,28,0.0,0,2,1,100.0,2,95.8,2,3.7,0,28,6,6.0,28.0,14.0,19,-4.0,1,100.0,,0,0,0.0,0,2,0,72.1,91.9,0,21,12.5,1,8,4,87.5,7,115.6,4,7.4,0,47,63,15.8,11.8,6.71,,0,,,0,0,,0,0,0,,,0,0,9.1,1,11,0,72.7,8,0.0,0,0.0,0,0,0,,,0.0,15.0,0,0.0,,0,0,,0,0,0,,60.0,0,0,27.3,6,22,0,59.1,13,39.6,1,1.9,0,0,0,,,0.0,2.4,1,100.0,,0,0,0.0,0,2,0,73.4,91.7,0,14,28.6,8,28,5,71.4,20,95.0,5,9.3,0,34,22,4.4,6.8,1.7,15.0,0,0.0,,0,0,,0,0,0,,60.0,0,0,0.0,0,1,0,100.0,1,39.6,1,1.9,0,0,0,,,0.0,0,-2.4,0,80.0,,0,0,0.0,0,2,0,72.1,80.5,0,8,0.0,0,6,4,100.0,6,85.0,5,9.3,0,22,30,7.5,5.5,3.67,28.8,38.3,23.5,0,50.0,100.0,1,1,50.0,1,1,0,0,28,20.0,2,10,1,80.0,8,95.8,2,3.7,0,28,6,6.0,28.0,3.5,,0,,,0,0,,0,0,0,,,0,0,15.4,2,13,0,69.2,9,0.0,0,0.0,0,0,0,,,0.0,2.0,1,80.0,,0,0,0.0,0,2,0,72.1,90.9,1,20,14.8,4,27,4,77.8,21,57.1,5,9.3,0,36,29,7.3,9.0,1.71,2.9,4,81.8,100.0,1,1,5.3,1,8,0,68.7,93.1,1,28,0.0,0,22,18,100.0,22,79.9,22,40.7,0,170,120,6.7,9.4,7.73
Nick Westbrook-Ikhine,47861,WR,TEN,17,54,-1.0,0,66.7,,0,0,0.0,0,1,0,68.3,73.9,0,5,0.0,0,3,2,100.0,3,109.7,3,5.6,1,6,8,4.0,3.0,2.0,-1.0,0,100.0,,0,0,0.0,0,1,0,64.7,77.9,0,1,0.0,0,36,1,94.4,34,118.8,1,1.9,1,1,2,2.0,1.0,0.03,23.0,0,66.7,50.0,1,2,0.0,0,2,0,68.3,94.5,0,46,0.0,0,12,2,83.3,10,109.7,3,5.6,0,75,27,13.5,37.5,7.5,13.1,1,55.6,25.0,1,4,0.0,0,5,0,73.4,93.4,1,24,0.0,0,36,5,97.2,35,47.7,9,16.7,0,84,17,3.4,16.8,2.4,6.7,2,88.9,100.0,3,3,5.9,1,7,1,67.0,91.6,0,18,0.0,0,88,16,97.7,86,137.0,18,33.3,2,144,42,2.6,9.0,1.67,0,27.4,0,44.4,66.7,2,3,0.0,0,4,0,72.1,91.7,0,46,0.0,0,12,4,75.0,9,91.2,9,16.7,0,135,40,10.0,33.8,15.0,31,-1.0,0,100.0,,0,0,0.0,0,0,0,64.7,61.0,0,5,0.0,0,7,1,100.0,7,87.5,1,1.9,0,5,6,6.0,5.0,0.71,20.0,0,0.0,,0,0,,0,0,0,,57.8,0,0,0.0,0,9,0,88.9,8,39.6,1,1.9,0,0,0,,,0.0,13.0,0,50.0,0.0,0,1,0.0,0,1,0,64.7,77.3,0,11,0.0,0,11,1,81.8,9,66.7,2,3.7,0,11,0,0.0,11.0,1.22,6.5,0,100.0,,0,0,0.0,0,1,0,68.3,90.7,0,15,0.0,0,25,2,92.0,23,118.8,2,3.7,0,25,12,6.0,12.5,1.09,13.6,1,53.3,28.6,2,7,0.0,0,8,0,76.5,94.1,1,24,0.0,0,15,8,100.0,15,52.6,15,27.8,0,122,18,2.3,15.3,8.13,0,-1.0,0,0.0,,0,0,,0,0,0,,59.8,0,0,0.0,0,12,0,100.0,12,39.6,1,1.9,0,0,0,,,0.0,68.3,74.3,31.6,0,40.0,100.0,1,1,0.0,0,2,0,0,36,0.0,0,13,2,84.6,11,85.4,5,9.3,0,60,13,6.5,30.0,5.45,15.0,0,50.0,50.0,1,2,0.0,0,2,0,68.3,84.1,0,14,0.0,0,18,2,88.9,16,71.9,4,7.4,0,27,1,0.5,13.5,1.69,3.7,1,85.7,,0,0,0.0,0,2,0,74.6,86.5,0,14,0.0,0,35,6,100.0,35,132.4,7,13.0,1,44,23,3.8,7.3,1.26,5.9,3,88.9,100.0,3,3,4.0,1,10,1,73.7,93.3,0,18,0.0,0,27,24,100.0,27,136.6,27,50.0,3,213,77,3.2,8.9,7.89
David Njoku,11784,TE,CLV,16,53,-3.9,2,88.9,,0,0,0.0,0,4,0,76.5,95.0,0,31,0.0,0,9,8,100.0,9,105.6,9,17.0,0,84,115,14.4,10.5,9.33,-3.9,2,100.0,,0,0,0.0,0,4,0,76.5,95.3,0,31,10.0,3,30,8,90.0,27,110.4,8,15.1,0,84,115,14.4,10.5,3.11,20.0,0,100.0,,0,0,0.0,0,1,0,64.7,90.5,0,20,23.1,3,13,1,69.2,9,158.3,1,1.9,1,20,0,0.0,20.0,2.22,15.2,1,40.0,50.0,1,2,33.3,1,2,0,36.2,92.8,0,71,12.5,4,32,2,75.0,24,127.1,5,9.4,2,89,56,28.0,44.5,3.71,5.2,1,92.3,75.0,3,4,0.0,0,3,0,79.4,89.7,0,10,8.7,6,69,12,91.3,63,93.9,13,24.5,0,85,22,1.8,7.1,1.35,0,28.2,0,55.6,33.3,1,3,0.0,0,5,0,73.4,97.0,0,43,0.0,0,10,5,90.0,9,137.5,9,17.0,1,138,24,4.8,27.6,15.33,8,-4.0,0,0.0,,0,0,,0,0,0,,59.9,0,0,0.0,0,5,0,100.0,5,39.6,1,1.9,0,0,0,,,0.0,23.8,0,50.0,0.0,0,1,0.0,0,2,0,68.3,93.9,0,30,16.7,3,18,2,77.8,14,95.8,4,7.5,0,54,10,5.0,27.0,3.86,13.0,0,0.0,0.0,0,1,,0,0,0,,59.8,0,0,11.1,2,18,0,88.9,16,39.6,1,1.9,0,0,0,,,0.0,4.0,0,60.0,50.0,1,2,0.0,0,1,0,72.1,72.4,0,10,16.7,6,36,3,77.8,28,69.6,5,9.4,0,21,12,4.0,7.0,0.75,15.3,1,30.0,25.0,1,4,25.0,1,3,0,41.6,92.7,1,71,0.0,0,11,3,90.9,10,73.3,10,18.9,2,111,59,19.7,37.0,11.1,0,,0,,,0,0,,0,0,0,,,0,0,0.0,0,6,0,100.0,6,0.0,0,0.0,0,0,0,,,0.0,68.3,92.8,34.8,0,50.0,50.0,1,2,0.0,0,2,0,0,43,27.8,5,18,2,61.1,11,95.8,4,7.5,0,64,14,7.0,32.0,5.82,16.0,0,25.0,0.0,0,1,0.0,0,1,0,64.7,75.6,1,22,40.0,10,25,1,56.0,14,10.4,4,7.5,0,22,3,3.0,22.0,1.57,5.0,1,71.4,0.0,0,1,16.7,1,1,0,45.8,80.1,0,11,3.0,1,33,5,90.9,30,122.6,7,13.2,1,36,20,4.0,7.2,1.2,4.9,2,80.0,57.1,4,7,4.8,1,5,0,71.3,90.2,0,11,0.0,0,27,20,92.6,25,103.7,25,47.2,1,142,54,2.7,7.1,5.68
Kadarius Toney,61245,WR,NYG,10,53,-3.2,3,92.3,,0,0,0.0,0,3,0,79.4,86.1,0,13,0.0,0,13,12,100.0,13,87.2,13,24.5,0,64,104,8.7,5.3,4.92,-3.8,2,80.0,,0,0,0.0,0,0,0,72.1,84.1,0,8,0.0,0,14,4,100.0,14,79.2,5,9.4,0,11,28,7.0,2.8,0.79,20.0,0,0.0,,0,0,,0,0,0,,60.0,0,0,0.0,0,3,0,33.3,1,39.6,1,1.9,0,0,0,,,0.0,18.0,0,100.0,,0,0,0.0,0,1,0,28.8,59.2,0,19,0.0,0,22,1,86.4,19,118.8,1,1.9,0,19,1,1.0,19.0,1.0,5.8,9,66.7,25.0,1,4,16.7,2,7,0,41.4,90.8,1,28,0.0,0,46,10,95.7,44,64.6,15,28.3,0,125,71,7.1,12.5,2.84,0,28.8,0,40.0,100.0,2,2,0.0,0,2,0,68.3,93.9,0,38,0.0,0,5,2,100.0,5,87.5,5,9.4,0,64,2,1.0,32.0,12.8,21,-4.0,1,100.0,,0,0,0.0,0,0,0,68.3,61.5,0,7,0.0,0,7,2,100.0,7,87.5,2,3.8,0,10,18,9.0,5.0,1.43,,0,,,0,0,,0,0,0,,,0,0,0.0,0,2,0,50.0,1,0.0,0,0.0,0,0,0,,,0.0,15.3,0,66.7,100.0,1,1,0.0,0,2,0,68.3,92.2,0,35,0.0,0,13,2,84.6,11,109.7,3,5.7,0,52,18,9.0,26.0,4.73,5.0,0,75.0,,0,0,0.0,0,2,0,70.5,84.9,0,16,0.0,0,14,3,92.9,13,93.8,4,7.5,0,28,15,5.0,9.3,2.15,15.0,0,66.7,100.0,2,2,20.0,1,3,0,28.6,75.2,0,35,0.0,0,7,4,85.7,6,109.7,6,11.3,0,79,16,4.0,19.8,13.17,0,-2.5,0,100.0,,0,0,0.0,0,3,0,74.6,81.9,0,13,0.0,0,13,6,92.3,12,96.5,6,11.3,0,43,58,9.7,7.2,3.58,68.3,94.5,31.0,0,50.0,100.0,2,2,0.0,0,2,0,0,38,0.0,0,12,2,91.7,11,95.8,4,7.5,0,64,2,1.0,32.0,5.82,13.0,0,50.0,100.0,1,1,50.0,1,0,0,28.8,43.6,0,8,0.0,0,9,1,77.8,7,60.4,2,3.8,0,8,-3,-3.0,8.0,1.14,4.7,0,80.0,0.0,0,1,0.0,0,4,0,76.5,83.7,0,16,0.0,0,28,8,92.9,26,91.7,10,18.9,0,60,26,3.3,7.5,2.31,5.3,9,72.4,20.0,1,5,8.7,2,13,0,59.5,92.2,1,28,0.0,0,29,21,100.0,29,78.7,29,54.7,0,213,112,5.3,10.1,7.34
Sterling Shepard,10674,WR,NYG,7,53,-1.8,1,100.0,,0,0,0.0,0,0,0,72.1,72.2,0,4,0.0,0,4,4,100.0,4,79.2,4,7.5,0,12,19,4.8,3.0,3.0,,0,,,0,0,,0,0,0,,,0,0,0.0,0,12,0,91.7,11,0.0,0,0.0,0,0,0,,,0.0,25.0,0,33.3,,0,0,0.0,0,1,0,64.7,71.1,2,24,0.0,0,5,1,100.0,5,23.6,3,5.7,0,24,4,4.0,24.0,4.8,13.3,0,66.7,66.7,2,3,14.3,1,6,0,49.2,91.1,0,20,0.0,0,30,6,93.3,28,102.5,9,17.0,0,97,9,1.5,16.2,3.46,4.5,1,73.7,75.0,6,8,17.6,3,6,0,38.1,77.4,1,14,0.0,0,61,14,90.2,55,63.3,19,35.8,0,99,30,2.1,7.1,1.8,0,25.0,0,33.3,,0,0,0.0,0,1,0,64.7,71.1,2,24,0.0,0,3,1,100.0,3,23.6,3,5.7,0,24,4,4.0,24.0,8.0,21,-1.7,1,100.0,,0,0,0.0,0,0,0,70.5,73.4,0,4,0.0,0,4,3,100.0,4,79.2,3,5.7,0,8,13,4.3,2.7,2.0,,0,,,0,0,,0,0,0,,,0,0,0.0,0,6,0,83.3,5,0.0,0,0.0,0,0,0,,,0.0,14.7,1,33.3,,0,0,0.0,0,1,0,64.7,86.7,1,37,0.0,0,11,1,100.0,11,81.3,3,5.7,1,37,22,22.0,37.0,3.36,6.0,0,66.7,,0,0,0.0,0,1,0,70.5,71.2,0,9,0.0,0,20,2,90.0,18,81.3,3,5.7,0,17,5,2.5,8.5,0.94,14.1,1,60.0,66.7,2,3,18.2,2,9,0,38.4,92.3,1,37,0.0,0,16,9,93.8,15,94.9,15,28.3,1,174,40,4.4,19.3,11.6,0,-2.0,0,100.0,,0,0,0.0,0,0,0,64.7,61.0,0,4,0.0,0,2,1,100.0,2,83.3,1,1.9,0,4,6,6.0,4.0,2.0,,,,0,,,0,0,,0,0,0,0,0,0.0,0,6,0,100.0,6,0.0,0,0.0,0,0,0,,,0.0,16.0,0,66.7,,0,0,33.3,1,2,0,29.9,73.5,0,21,0.0,0,16,2,100.0,16,109.7,3,5.7,0,40,9,4.5,20.0,2.5,4.0,2,66.7,,0,0,0.0,0,2,0,74.6,70.2,0,15,0.0,0,26,6,100.0,26,76.2,9,17.0,0,40,20,3.3,6.7,1.54,4.5,3,71.0,75.0,6,8,12.0,3,9,0,51.8,79.3,1,15,0.0,0,36,22,86.1,31,68.8,31,58.5,0,156,55,2.5,7.1,5.03
Nyheim Hines,48103,HB,IND,17,53,-3.8,6,83.3,0.0,0,1,0.0,0,2,1,81.7,92.4,0,9,5.3,1,19,15,89.5,17,103.2,18,34.0,1,78,136,9.1,5.2,4.59,-4.2,4,84.6,0.0,0,1,0.0,0,2,0,79.4,94.7,0,9,7.1,2,28,11,82.1,23,111.2,13,24.5,1,59,104,9.5,5.4,2.57,,0,,,0,0,,0,0,0,,,0,0,16.7,1,6,0,83.3,5,0.0,0,0.0,0,0,0,,,0.0,,0,,,0,0,,0,0,0,,,0,0,14.3,3,21,0,76.2,16,0.0,0,0.0,0,0,0,,,0.0,2.9,1,84.6,0.0,0,1,8.3,1,3,0,60.2,83.6,0,10,8.8,5,57,11,84.2,48,88.5,13,24.5,0,68,38,3.5,6.2,1.42,0,30.5,0,0.0,,0,0,,0,0,0,,57.2,0,0,0.0,0,2,0,100.0,2,39.6,2,3.8,0,0,0,,,0.0,14,-2.3,1,66.7,,0,0,0.0,0,0,1,68.3,46.7,0,9,0.0,0,3,2,100.0,3,70.1,3,5.7,0,9,14,7.0,4.5,3.0,37.0,0,0.0,,0,0,,0,0,0,,59.4,0,0,33.3,3,9,0,55.6,5,39.6,1,1.9,0,0,0,,,0.0,10.0,0,100.0,,0,0,0.0,0,0,0,64.7,61.7,0,10,15.4,2,13,1,76.9,10,108.3,1,1.9,0,10,0,0.0,10.0,1.0,4.4,1,71.4,0.0,0,1,0.0,0,4,0,49.7,89.0,0,36,17.2,5,29,5,65.5,19,111.0,7,13.2,0,83,65,13.0,16.6,4.37,13.5,0,50.0,,0,0,50.0,1,0,0,28.8,43.3,0,10,0.0,0,2,1,100.0,2,64.6,2,3.8,0,10,0,0.0,10.0,5.0,0,-4.0,1,100.0,,0,0,0.0,0,0,0,68.3,76.3,0,9,0.0,0,4,2,100.0,4,87.5,2,3.8,0,10,18,9.0,5.0,2.5,,59.9,24.0,0,0.0,,0,0,,0,0,0,0,0,23.1,3,13,0,61.5,8,39.6,1,1.9,0,0,0,,,0.0,17.0,0,0.0,,0,0,100.0,1,0,0,27.9,39.5,0,0,9.1,1,11,0,72.7,8,39.6,1,1.9,0,0,0,,,0.0,3.5,0,72.7,100.0,1,1,0.0,0,6,0,76.5,91.3,0,19,4.0,1,25,8,92.0,23,89.6,11,20.8,0,71,46,5.8,8.9,3.09,3.5,2,77.4,33.3,1,3,4.0,1,12,0,63.4,93.1,0,36,0.0,0,33,24,93.9,31,95.1,31,58.5,0,212,139,5.8,8.8,6.84
Antonio Gibson,78050,HB,WAS,16,53,-4.3,5,84.6,,0,0,8.3,2,5,0,61.5,87.5,0,73,0.0,0,27,22,96.3,26,118.3,26,49.1,2,162,261,11.9,7.4,6.23,-4.6,4,75.0,,0,0,14.3,2,3,0,48.0,72.4,0,73,3.1,1,32,12,87.5,28,114.3,16,30.2,1,111,173,14.4,9.3,3.96,,0,,,0,0,,0,0,0,,,0,0,20.0,3,15,0,60.0,9,0.0,0,0.0,0,0,0,,,0.0,,0,,,0,0,,0,0,0,,,0,0,9.5,2,21,0,81.0,17,0.0,0,0.0,0,0,0,,,0.0,2.2,2,88.2,66.7,2,3,6.3,1,6,1,66.7,74.1,0,21,9.5,6,63,15,87.3,55,93.4,17,32.1,0,109,75,5.0,7.3,1.98,0,22.0,0,0.0,,0,0,,0,0,0,,60.0,0,0,0.0,0,1,0,100.0,1,39.6,1,1.9,0,0,0,,,0.0,32,-3.8,0,100.0,,0,0,0.0,0,1,0,72.1,74.9,0,8,8.3,1,12,4,83.3,10,119.8,4,7.5,1,13,28,7.0,3.3,1.3,,0,,,0,0,,0,0,0,,,0,0,0.0,0,7,0,71.4,5,0.0,0,0.0,0,0,0,,,0.0,,0,,,0,0,,0,0,0,,,0,0,18.2,2,11,0,72.7,8,0.0,0,0.0,0,0,0,,,0.0,2.0,0,50.0,0.0,0,1,0.0,0,0,0,64.7,61.6,0,3,15.4,2,13,1,84.6,11,56.3,2,3.8,0,3,3,3.0,3.0,0.27,,0,,,0,0,,0,0,0,,,0,0,,0,0,0,,0,0.0,0,0.0,0,0,0,,,,0,-3.7,1,100.0,,0,0,0.0,0,1,0,74.6,89.0,0,19,11.1,2,18,6,88.9,16,93.1,6,11.3,0,38,60,10.0,6.3,2.38,,60.0,22.0,0,0.0,,0,0,,0,0,0,0,0,13.3,2,15,0,80.0,12,39.6,1,1.9,0,0,0,,,0.0,,0,,,0,0,,0,0,0,,,0,0,35.0,7,20,0,65.0,13,0.0,0,0.0,0,0,0,,,0.0,3.0,1,57.1,,0,0,20.0,1,1,0,41.6,66.3,0,6,14.8,4,27,4,77.8,21,101.8,7,13.2,1,20,11,2.8,5.0,0.95,2.4,3,76.9,50.0,2,4,9.1,2,7,1,59.2,73.7,0,21,0.0,0,30,20,86.7,26,100.2,26,49.1,1,132,89,4.5,6.6,5.08
Ty Johnson,45769,HB,NYJ,15,53,-4.5,1,76.9,,0,0,16.7,2,4,0,41.1,63.6,0,23,0.0,0,13,10,100.0,13,98.9,13,24.5,0,102,150,15.0,10.2,7.85,-5.3,1,85.7,,0,0,0.0,0,3,0,74.6,92.3,0,23,0.0,0,17,6,94.1,16,108.9,7,13.2,0,71,103,17.2,11.8,4.44,,0,,,0,0,,0,0,0,,,0,0,25.0,2,8,0,62.5,5,0.0,0,0.0,0,0,0,,,0.0,,0,,,0,0,,0,0,0,,,0,0,20.0,7,35,0,74.3,26,0.0,0,0.0,0,0,0,,,0.0,4.1,7,57.1,,0,0,25.0,4,8,0,34.1,70.3,1,22,10.0,7,70,12,88.6,62,91.2,21,39.6,2,149,99,8.3,12.4,2.4,0,25.0,0,0.0,0.0,0,1,,0,0,0,,60.0,0,0,0.0,0,1,0,100.0,1,39.6,1,1.9,0,0,0,,,0.0,22,-3.8,0,75.0,,0,0,25.0,1,1,0,36.2,42.9,0,15,16.7,1,6,3,83.3,5,92.7,4,7.5,0,27,37,12.3,9.0,5.4,,0,,,0,0,,0,0,0,,,0,0,28.6,4,14,0,71.4,10,0.0,0,0.0,0,0,0,,,0.0,12.0,0,100.0,,0,0,0.0,0,1,0,64.7,81.3,0,16,36.8,7,19,1,63.2,12,118.8,1,1.9,0,16,4,4.0,16.0,1.33,3.2,0,80.0,,0,0,11.1,1,6,0,54.9,90.4,0,15,18.9,7,37,8,75.7,28,96.7,10,18.9,0,72,49,6.1,9.0,2.57,13.5,0,50.0,,0,0,0.0,0,1,0,64.7,79.3,0,16,0.0,0,2,1,100.0,2,77.1,2,3.8,0,16,4,4.0,16.0,8.0,0,-3.5,0,50.0,,0,0,50.0,1,0,0,28.8,36.9,0,4,20.0,1,5,1,80.0,4,56.3,2,3.8,0,4,10,10.0,4.0,1.0,,60.0,25.0,0,0.0,0.0,0,1,,0,0,0,0,0,10.0,1,10,0,80.0,8,39.6,1,1.9,0,0,0,,,0.0,15.0,0,0.0,,0,0,,0,0,0,,59.7,0,0,13.3,2,15,0,80.0,12,39.6,1,1.9,0,0,0,,,0.0,2.3,0,50.0,,0,0,40.0,2,1,0,28.0,28.7,0,19,12.1,4,33,3,84.8,28,66.7,6,11.3,0,33,28,9.3,11.0,1.18,3.6,7,62.2,,0,0,23.3,7,15,0,29.2,69.5,1,22,0.0,0,38,23,97.4,37,89.2,37,69.8,2,254,176,7.7,11.0,6.86
Julio Jones,6158,WR,TEN,11,53,-2.0,1,100.0,,0,0,0.0,0,0,0,70.5,73.2,0,8,0.0,0,3,3,100.0,3,84.7,3,5.7,0,13,19,6.3,4.3,4.33,-3.0,0,100.0,,0,0,0.0,0,0,0,64.7,60.5,0,4,0.0,0,20,1,95.0,19,83.3,1,1.9,0,4,7,7.0,4.0,0.21,37.7,0,33.3,100.0,1,1,0.0,0,1,0,64.7,84.3,1,51,0.0,0,9,1,100.0,9,42.4,3,5.7,0,51,5,5.0,51.0,5.67,14.1,0,55.6,60.0,3,5,16.7,1,5,0,46.3,91.5,2,17,0.0,0,32,5,100.0,32,76.4,9,17.0,1,66,3,0.6,13.2,2.06,5.1,5,66.7,33.3,1,3,16.7,2,4,0,43.8,90.8,0,20,0.0,0,68,10,95.6,65,86.0,15,28.3,0,102,56,5.6,10.2,1.57,0,33.4,0,37.5,100.0,2,2,0.0,0,3,0,70.5,94.1,1,51,0.0,0,8,3,100.0,8,45.8,8,15.1,0,124,9,3.0,41.3,15.5,31,,0,,,0,0,,0,0,0,,,0,0,0.0,0,4,0,100.0,4,0.0,0,0.0,0,0,0,,,0.0,22.7,0,33.3,,0,0,0.0,0,1,0,64.7,73.7,0,25,0.0,0,9,1,88.9,8,64.6,3,5.7,0,25,4,4.0,25.0,3.13,13.0,0,75.0,50.0,1,2,0.0,0,3,0,70.5,90.3,0,19,0.0,0,10,3,90.0,9,107.3,4,7.5,0,41,1,0.3,13.7,4.56,5.4,0,100.0,,0,0,0.0,0,2,0,73.4,80.6,0,15,0.0,0,19,5,100.0,19,100.8,5,9.4,0,41,14,2.8,8.2,2.16,13.6,0,68.4,55.6,5,9,7.1,1,12,0,63.5,95.2,2,19,0.0,0,20,13,95.0,19,77.0,19,35.8,1,182,16,1.2,14.0,9.58,0,-1.5,1,100.0,,0,0,0.0,0,0,0,68.3,75.5,0,8,0.0,0,8,2,100.0,8,85.4,2,3.8,0,9,12,6.0,4.5,1.13,64.7,94.2,43.0,0,50.0,100.0,1,1,0.0,0,1,0,0,48,0.0,0,10,1,100.0,10,95.8,2,3.8,0,48,0,0.0,48.0,4.8,13.3,0,83.3,50.0,1,2,0.0,0,4,0,73.4,93.4,0,18,0.0,0,15,5,93.3,14,118.8,6,11.3,0,75,12,2.4,15.0,5.36,4.0,0,100.0,,0,0,0.0,0,2,0,70.5,85.6,0,13,0.0,0,21,3,100.0,21,113.9,3,5.7,0,34,22,7.3,11.3,1.62,5.0,5,78.3,33.3,1,3,10.0,2,8,0,57.1,92.1,0,20,0.0,0,24,18,95.8,23,98.7,23,43.4,0,177,92,5.1,9.8,7.7
Chase Edmonds,45851,HB,ARZ,12,52,-3.5,4,92.0,100.0,1,1,4.2,1,4,1,72.8,83.9,0,13,0.0,0,25,23,100.0,25,86.5,25,48.1,0,119,204,8.9,5.2,4.76,-3.7,3,93.3,,0,0,0.0,0,3,1,80.6,78.4,0,13,8.1,3,37,14,91.9,34,93.1,15,28.8,0,95,149,10.6,6.8,2.79,,0,,,0,0,,0,0,0,,,0,0,33.3,3,9,0,66.7,6,0.0,0,0.0,0,0,0,,,0.0,,0,,,0,0,,0,0,0,,,0,0,12.5,3,24,0,87.5,21,0.0,0,0.0,0,0,0,,,0.0,2.6,0,88.2,,0,0,0.0,0,4,0,81.1,83.9,0,36,10.6,7,66,15,89.4,59,99.3,17,32.7,0,133,94,6.3,8.9,2.25,0,,0,,,0,0,,0,0,0,,,0,0,,0,0,0,,0,0.0,0,0.0,0,0,0,,,,1,-4.0,0,100.0,100.0,1,1,0.0,0,1,0,73.4,83.7,0,11,9.1,1,11,5,90.9,10,79.2,5,9.6,0,5,25,5.0,1.0,0.5,,0,,,0,0,,0,0,0,,,0,0,25.0,5,20,0,75.0,15,0.0,0,0.0,0,0,0,,,0.0,16.0,0,0.0,,0,0,,0,0,0,,59.9,0,0,18.8,3,16,0,68.8,11,39.6,1,1.9,0,0,0,,,0.0,3.8,3,75.0,,0,0,0.0,0,3,0,70.5,94.0,0,22,12.0,3,25,3,88.0,22,113.5,4,7.7,0,47,35,11.7,15.7,2.14,17.5,0,0.0,0.0,0,1,,0,0,0,,47.6,0,0,0.0,0,2,0,100.0,2,39.6,2,3.8,0,0,0,,,0.0,0,-2.6,1,80.0,,0,0,20.0,1,0,0,41.6,64.7,0,9,11.1,1,9,4,88.9,8,82.5,5,9.6,0,19,30,7.5,4.8,2.38,,,,0,,,0,0,,0,0,0,0,0,22.2,4,18,0,72.2,13,0.0,0,0.0,0,0,0,,,0.0,19.0,0,0.0,0.0,0,1,,0,0,0,,56.6,0,0,35.7,5,14,0,64.3,9,39.6,1,1.9,0,0,0,,,0.0,4.5,0,50.0,,0,0,0.0,0,0,0,68.3,61.3,0,7,15.4,4,26,2,84.6,22,56.3,4,7.7,0,12,6,3.0,6.0,0.55,3.1,3,80.0,,0,0,0.0,0,7,0,83.6,91.3,0,36,0.0,0,25,20,100.0,25,98.7,25,48.1,0,192,135,6.8,9.6,7.68
Javonte Williams,77803,HB,DEN,17,51,-4.0,4,88.9,,0,0,7.7,2,6,0,64.1,91.4,0,42,0.0,0,29,24,93.1,27,112.8,27,52.9,2,139,237,9.9,5.8,5.15,-4.5,1,83.3,,0,0,16.7,2,3,0,41.1,54.6,0,14,5.6,1,18,10,88.9,16,111.1,12,23.5,1,48,96,9.6,4.8,3.0,,0,,,0,0,,0,0,0,,,0,0,25.0,1,4,0,75.0,3,0.0,0,0.0,0,0,0,,,0.0,19.0,0,100.0,,0,0,0.0,0,1,0,64.7,61.6,0,34,18.2,4,22,1,68.2,15,118.8,1,2.0,0,34,15,15.0,34.0,2.27,3.5,3,100.0,100.0,1,1,0.0,0,1,0,78.7,93.1,0,10,9.5,7,74,11,89.2,66,97.3,11,21.6,0,81,43,3.9,7.4,1.23,0,,0,,,0,0,,0,0,0,,,0,0,,0,0,0,,0,0.0,0,0.0,0,0,0,,,,10,-3.1,1,87.5,,0,0,0.0,0,1,0,77.3,91.2,0,13,0.0,0,12,7,83.3,10,122.9,8,15.7,1,32,53,7.6,4.6,3.2,,0,,,0,0,,0,0,0,,,0,0,31.6,6,19,0,47.4,9,0.0,0,0.0,0,0,0,,,0.0,,0,,,0,0,,0,0,0,,,0,0,25.0,3,12,0,75.0,9,0.0,0,0.0,0,0,0,,,0.0,1.1,1,75.0,,0,0,14.3,1,4,0,49.7,67.5,0,17,5.9,2,34,6,85.3,29,135.4,8,15.7,1,60,55,9.2,10.0,2.07,16.0,0,50.0,,0,0,50.0,1,1,0,28.9,37.5,0,34,0.0,0,2,1,100.0,2,95.8,2,3.9,0,34,15,15.0,34.0,17.0,0,-4.1,2,100.0,,0,0,0.0,0,2,0,75.6,93.2,0,42,8.3,1,12,7,91.7,11,101.8,7,13.7,0,59,88,12.6,8.4,5.36,,,,0,,,0,0,,0,0,0,0,0,35.0,7,20,0,60.0,12,0.0,0,0.0,0,0,0,,,0.0,13.0,0,0.0,,0,0,100.0,1,0,0,28.0,26.6,0,0,25.0,3,12,0,66.7,8,39.6,1,2.0,0,0,0,,,0.0,3.3,0,33.3,,0,0,0.0,0,0,0,64.7,62.8,0,2,14.7,5,34,1,82.4,28,42.4,3,5.9,0,2,1,1.0,2.0,0.07,2.6,4,81.8,100.0,1,1,5.3,1,5,0,69.0,91.3,0,17,0.0,0,22,18,100.0,22,108.9,22,43.1,1,143,99,5.5,7.9,6.5
Calvin Ridley,48262,WR,ATL,5,51,-2.0,0,50.0,,0,0,50.0,1,0,0,28.8,43.1,0,3,0.0,0,2,1,100.0,2,56.3,2,3.9,0,3,6,6.0,3.0,1.5,,0,,,0,0,,0,0,0,,,0,0,0.0,0,8,0,100.0,8,0.0,0,0.0,0,0,0,,,0.0,32.0,0,50.0,0.0,0,1,0.0,0,1,0,64.7,77.9,0,21,0.0,0,5,1,100.0,5,87.5,2,3.9,0,21,0,0.0,21.0,4.2,13.2,0,40.0,20.0,1,5,0.0,0,4,0,72.1,85.2,0,19,0.0,0,30,4,96.7,29,60.4,10,19.6,0,60,9,2.3,15.0,2.07,4.1,4,87.5,66.7,2,3,0.0,0,7,0,80.6,88.2,1,22,0.0,0,61,14,96.7,59,89.3,16,31.4,1,107,58,4.1,7.6,1.81,0,30.0,0,14.3,0.0,0,3,66.7,2,1,0,26.5,46.1,0,21,0.0,0,10,1,70.0,7,39.6,7,13.7,0,21,0,0.0,21.0,3.0,2,-2.0,0,50.0,,0,0,50.0,1,0,0,28.8,43.1,0,3,0.0,0,6,1,100.0,6,56.3,2,3.9,0,3,6,6.0,3.0,0.5,23.0,0,0.0,,0,0,,0,0,0,,56.2,0,0,0.0,0,5,0,80.0,4,39.6,2,3.9,0,0,0,,,0.0,11.5,0,50.0,0.0,0,1,0.0,0,1,0,68.3,77.4,0,14,0.0,0,6,1,83.3,5,72.9,2,3.9,0,14,1,1.0,14.0,2.8,5.0,0,50.0,,0,0,0.0,0,0,0,68.3,59.8,0,7,0.0,0,17,2,88.2,15,56.3,4,7.8,0,11,0,0.0,5.5,0.73,12.9,0,41.7,16.7,1,6,0.0,0,5,0,74.6,88.8,0,19,0.0,0,13,5,92.3,12,62.5,12,23.5,0,74,10,2.0,14.8,6.17,0,,0,,,0,0,,0,0,0,,,0,0,0.0,0,13,0,100.0,13,0.0,0,0.0,0,0,0,,,0.0,25.6,30.0,33.3,0,0.0,0.0,0,2,100.0,2,0,0,0,0,0.0,0,5,0,60.0,3,39.6,3,5.9,0,0,0,,,0.0,,0,,,0,0,,0,0,0,,,0,0,0.0,0,5,0,100.0,5,0.0,0,0.0,0,0,0,,,0.0,5.8,0,80.0,,0,0,0.0,0,3,0,76.5,91.1,0,17,0.0,0,22,8,95.5,21,127.1,10,19.6,1,65,18,2.3,8.1,3.1,4.8,4,80.0,66.7,2,3,0.0,0,10,0,85.3,91.1,1,22,0.0,0,30,24,100.0,30,100.4,30,58.8,2,183,76,3.2,7.6,6.1
Olamide Zaccheaus,44920,WR,ATL,17,51,-2.0,0,100.0,,0,0,0.0,0,0,0,64.7,61.0,0,5,0.0,0,1,1,100.0,1,87.5,1,2.0,0,5,7,7.0,5.0,5.0,-2.0,0,100.0,,0,0,0.0,0,0,0,64.7,61.0,0,5,3.7,1,27,1,88.9,24,87.5,1,2.0,0,5,7,7.0,5.0,0.21,35.0,0,100.0,100.0,1,1,0.0,0,2,0,68.3,95.3,0,49,0.0,0,9,2,77.8,7,118.8,2,3.9,0,77,7,3.5,38.5,11.0,13.8,0,40.0,37.5,3,8,0.0,0,4,0,72.1,90.7,0,15,0.0,0,57,4,98.2,56,88.3,10,19.6,1,47,1,0.3,11.8,0.84,5.2,0,57.9,40.0,2,5,15.4,2,9,0,43.5,89.1,0,17,1.8,2,112,11,94.6,106,107.6,19,37.3,2,101,40,3.6,9.2,0.95,0,33.0,0,100.0,100.0,2,2,0.0,0,4,0,72.1,98.7,0,49,0.0,0,4,4,100.0,4,118.8,4,7.8,0,156,24,6.0,39.0,39.0,2,,0,,,0,0,,0,0,0,,,0,0,0.0,0,11,0,90.9,10,0.0,0,0.0,0,0,0,,,0.0,35.0,0,100.0,,0,0,0.0,0,1,0,64.7,91.0,0,49,0.0,0,9,1,100.0,9,118.8,1,2.0,0,49,14,14.0,49.0,5.44,12.5,0,100.0,,0,0,0.0,0,2,0,68.3,90.7,0,13,0.0,0,12,2,83.3,10,118.8,2,3.9,0,25,0,0.0,12.5,2.5,6.0,0,75.0,100.0,1,1,0.0,0,0,0,70.5,71.4,1,14,0.0,0,28,3,92.9,26,56.3,4,7.8,0,30,11,3.7,10.0,1.15,13.3,0,44.4,30.0,3,10,11.1,1,8,0,54.5,91.5,1,15,0.0,0,18,8,100.0,18,57.2,18,35.3,1,98,6,0.8,12.3,5.44,0,,0,,,0,0,,0,0,0,,,0,0,0.0,0,8,0,87.5,7,0.0,0,0.0,0,0,0,,,0.0,64.7,90.5,27.0,0,100.0,100.0,1,1,0.0,0,1,0,0,30,0.0,0,13,1,84.6,11,118.8,1,2.0,0,30,3,3.0,30.0,2.73,12.7,0,33.3,0.0,0,2,33.3,1,2,0,29.9,67.6,1,13,0.0,0,13,2,100.0,13,8.3,6,11.8,0,26,5,2.5,13.0,2.0,3.2,0,80.0,0.0,0,1,0.0,0,1,0,72.1,60.6,0,6,0.0,0,32,4,93.8,30,80.0,5,9.8,0,16,8,2.0,4.0,0.53,4.9,0,64.3,42.9,3,7,10.0,2,10,0,55.6,85.2,1,17,0.0,0,31,18,90.3,28,86.5,28,54.9,2,147,59,3.3,8.2,5.25
J.D. McKissic,11047,HB,WAS,11,51,-3.6,4,94.7,,0,0,0.0,0,7,0,82.7,94.0,1,16,0.0,0,19,18,100.0,19,92.5,19,37.3,1,138,201,11.2,7.7,7.26,-4.3,2,88.9,,0,0,0.0,0,4,0,76.5,94.6,1,14,6.3,1,16,8,93.8,15,94.2,9,17.6,1,65,99,12.4,8.1,4.33,,0,,,0,0,,0,0,0,,,0,0,20.0,2,10,0,80.0,8,0.0,0,0.0,0,0,0,,,0.0,,0,,,0,0,,0,0,0,,,0,0,5.0,1,20,0,90.0,18,0.0,0,0.0,0,0,0,,,0.0,2.6,1,77.8,33.3,1,3,6.7,1,4,0,64.7,81.7,0,30,8.2,5,61,14,85.2,52,110.9,18,35.3,1,111,78,5.6,7.9,2.13,0,23.0,0,100.0,,0,0,0.0,0,1,0,64.7,90.7,0,56,0.0,0,1,1,100.0,1,118.8,1,2.0,0,56,33,33.0,56.0,56.0,32,-2.3,2,100.0,,0,0,0.0,0,0,0,72.1,82.6,0,11,0.0,0,4,4,100.0,4,89.6,4,7.8,0,22,31,7.8,5.5,5.5,,0,,,0,0,,0,0,0,,,0,0,35.7,5,14,0,64.3,9,0.0,0,0.0,0,0,0,,,0.0,,0,,,0,0,,0,0,0,,,0,0,0.0,0,8,0,100.0,8,0.0,0,0.0,0,0,0,,,0.0,2.0,0,66.7,100.0,1,1,0.0,0,1,0,72.1,75.0,0,9,25.0,5,20,4,70.0,14,75.7,6,11.8,0,26,19,4.8,6.5,1.86,,0,,,0,0,,0,0,0,,,0,0,,0,0,0,,0,0.0,0,0.0,0,0,0,,,,0,-3.3,0,100.0,,0,0,0.0,0,3,0,74.6,78.3,0,16,15.4,2,13,6,84.6,11,102.1,6,11.8,0,51,71,11.8,8.5,4.64,64.7,90.7,23.0,0,100.0,,0,0,0.0,0,1,0,0,56,44.4,4,9,1,55.6,5,118.8,1,2.0,0,56,33,33.0,56.0,11.2,,0,,,0,0,,0,0,0,,,0,0,6.3,1,16,0,81.3,13,0.0,0,0.0,0,0,0,,,0.0,2.1,0,85.7,0.0,0,1,14.3,1,2,0,49.7,75.6,0,27,0.0,0,23,6,95.7,22,106.0,7,13.7,0,66,60,10.0,11.0,3.0,2.4,1,77.4,40.0,2,5,7.7,2,7,0,62.7,86.3,0,30,0.0,0,32,24,96.9,31,104.6,31,60.8,1,203,157,6.5,8.5,6.55
Laquon Treadwell,10657,WR,JAX,12,51,-1.5,0,100.0,,0,0,0.0,0,2,0,72.1,94.4,0,11,0.0,0,4,4,100.0,4,99.0,4,7.8,0,31,37,9.3,7.8,7.75,,0,,,0,0,,0,0,0,,,0,0,0.0,0,23,0,95.7,22,0.0,0,0.0,0,0,0,,,0.0,42.5,0,50.0,50.0,1,2,0.0,0,1,0,64.7,90.1,0,40,0.0,0,5,1,100.0,5,95.8,2,3.9,0,40,0,0.0,40.0,8.0,14.9,2,75.0,66.7,2,3,0.0,0,6,0,74.6,94.9,1,28,4.8,1,21,6,90.5,19,77.1,8,15.7,0,107,22,3.7,17.8,5.63,5.3,2,87.5,50.0,1,2,0.0,0,3,0,76.5,82.0,0,14,0.0,0,57,7,98.2,56,96.9,8,15.7,0,58,20,2.9,8.3,1.04,0,35.4,0,28.6,25.0,1,4,0.0,0,2,0,68.3,86.9,0,41,0.0,0,8,2,87.5,7,75.3,7,13.7,0,81,2,1.0,40.5,11.57,15,-1.7,0,100.0,,0,0,0.0,0,2,0,70.5,93.5,0,11,0.0,0,11,3,90.9,10,97.2,3,5.9,0,22,27,9.0,7.3,2.2,40.0,0,0.0,0.0,0,1,,0,0,0,,46.3,0,0,0.0,0,13,0,69.2,9,39.6,1,2.0,0,0,0,,,0.0,15.1,1,57.1,,0,0,0.0,0,4,0,72.1,91.7,0,21,0.0,0,15,4,93.3,14,92.0,7,13.7,0,71,12,3.0,17.8,5.07,5.6,0,40.0,50.0,1,2,33.3,1,1,0,29.9,57.7,0,5,2.9,1,35,2,94.3,33,87.5,5,9.8,1,7,2,1.0,3.5,0.21,14.9,3,58.8,66.7,2,3,0.0,0,10,0,78.0,95.1,1,28,0.0,0,17,10,100.0,17,70.2,17,33.3,0,178,34,3.4,17.8,10.47,0,-1.0,0,100.0,,0,0,0.0,0,0,0,64.7,79.1,0,9,0.0,0,7,1,100.0,7,104.2,1,2.0,0,9,10,10.0,9.0,1.29,64.7,83.6,30.8,0,25.0,0.0,0,1,0.0,0,1,0,0,41,0.0,0,15,1,86.7,13,69.8,4,7.8,0,41,2,2.0,41.0,3.15,14.0,0,0.0,,0,0,,0,0,0,,56.4,0,0,0.0,0,12,0,91.7,11,39.6,2,3.9,0,0,0,,,0.0,7.3,2,80.0,100.0,1,1,0.0,0,4,0,76.5,90.5,0,20,4.7,2,43,8,90.7,39,99.6,10,19.6,0,79,24,3.0,9.9,2.03,6.2,4,73.9,60.0,3,5,5.6,1,8,0,68.7,89.0,0,20,0.0,0,25,17,92.0,23,104.3,23,45.1,1,144,46,2.7,8.5,6.26
Kenneth Gainwell,77737,HB,PHI,17,50,-3.7,0,92.9,,0,0,7.1,1,2,0,63.2,80.7,0,20,0.0,0,14,13,100.0,14,86.9,14,28.0,0,68,119,9.2,5.2,4.86,-4.2,0,88.9,,0,0,11.1,1,2,0,54.5,69.8,0,20,7.7,1,13,8,92.3,12,88.9,9,18.0,0,48,85,10.6,6.0,4.0,32.0,0,0.0,,0,0,,0,0,0,,59.9,0,0,0.0,0,2,0,100.0,2,39.6,1,2.0,0,0,0,,,0.0,,0,,,0,0,,0,0,0,,,0,0,15.4,2,13,0,76.9,10,0.0,0,0.0,0,0,0,,,0.0,2.7,1,73.3,0.0,0,1,8.3,1,8,0,62.1,94.9,0,16,5.4,2,37,11,91.9,34,136.9,15,30.0,2,123,92,8.4,11.2,3.62,0,32.0,0,0.0,,0,0,,0,0,0,,59.9,0,0,0.0,0,1,0,100.0,1,39.6,1,2.0,0,0,0,,,0.0,24,-1.0,0,100.0,,0,0,0.0,0,0,0,64.7,65.7,0,0,0.0,0,2,1,100.0,2,79.2,1,2.0,0,0,1,1.0,0.0,0.0,,0,,,0,0,,0,0,0,,,0,0,22.2,4,18,0,77.8,14,0.0,0,0.0,0,0,0,,,0.0,19.0,0,0.0,,0,0,,0,0,0,,59.9,0,0,9.1,1,11,0,90.9,10,39.6,1,2.0,0,0,0,,,0.0,2.6,1,77.8,,0,0,22.2,2,4,0,31.8,73.0,0,14,0.0,0,14,7,92.9,13,92.1,9,18.0,0,55,38,5.4,7.9,4.23,19.0,0,0.0,,0,0,,0,0,0,,59.9,0,0,0.0,0,1,0,100.0,1,39.6,1,2.0,0,0,0,,,0.0,0,-3.3,0,100.0,,0,0,0.0,0,0,0,72.1,77.4,0,15,22.2,2,9,4,66.7,6,87.5,4,8.0,0,20,33,8.3,5.0,3.33,,,,0,,,0,0,,0,0,0,0,0,23.1,3,13,0,69.2,9,0.0,0,0.0,0,0,0,,,0.0,,0,,,0,0,,0,0,0,,,0,0,6.7,1,15,0,86.7,13,0.0,0,0.0,0,0,0,,,0.0,2.7,0,70.0,0.0,0,1,12.5,1,2,0,54.5,71.3,0,14,3.3,1,30,7,90.0,27,83.7,10,20.0,0,56,36,5.1,8.0,2.07,2.6,2,73.5,0.0,0,2,13.8,4,14,0,45.4,93.1,0,16,0.0,0,36,25,94.4,34,111.6,34,68.0,2,234,166,6.6,9.4,6.88
Tre'Quan Smith,48228,WR,NO,11,50,-1.0,0,0.0,0.0,0,1,,0,0,0,,58.1,0,0,0.0,0,1,0,100.0,1,39.6,1,2.0,0,0,0,,,0.0,,0,,,0,0,,0,0,0,,,0,0,0.0,0,19,0,100.0,19,0.0,0,0.0,0,0,0,,,0.0,24.7,0,33.3,,0,0,0.0,0,1,0,64.7,75.9,0,22,0.0,0,12,1,91.7,11,60.4,3,6.0,0,22,1,1.0,22.0,2.0,12.3,0,66.7,50.0,1,2,0.0,0,2,0,68.3,88.4,0,14,0.0,0,14,2,100.0,14,96.5,3,6.0,0,28,2,1.0,14.0,2.0,5.4,2,87.5,,0,0,6.7,1,6,0,64.4,86.1,0,34,0.0,0,75,14,96.0,72,108.1,16,32.0,0,159,80,5.7,11.4,2.21,0,22.7,0,28.6,0.0,0,2,0.0,0,2,0,68.3,80.0,0,22,0.0,0,8,2,87.5,7,89.3,7,14.0,1,38,1,0.5,19.0,5.43,20,-1.0,0,0.0,0.0,0,1,,0,0,0,,58.1,0,0,0.0,0,12,0,91.7,11,39.6,1,2.0,0,0,0,,,0.0,21.0,0,33.3,0.0,0,1,0.0,0,1,0,64.7,75.0,0,16,0.0,0,11,1,90.9,10,91.7,3,6.0,1,16,0,0.0,16.0,1.6,13.0,0,25.0,50.0,1,2,0.0,0,1,0,64.7,78.3,0,13,0.0,0,16,1,87.5,14,80.2,4,8.0,1,13,0,0.0,13.0,0.93,7.0,0,66.7,100.0,1,1,0.0,0,2,0,70.5,82.5,0,13,0.0,0,23,2,91.3,21,88.2,3,6.0,0,22,4,2.0,11.0,1.05,13.1,0,46.7,33.3,2,6,0.0,0,6,0,75.6,92.4,1,21,0.0,0,18,7,83.3,15,81.4,15,30.0,2,103,11,1.6,14.7,6.87,0,,0,,,0,0,,0,0,0,,,0,0,0.0,0,9,0,100.0,9,0.0,0,0.0,0,0,0,,,0.0,,59.3,22.0,0,0.0,0.0,0,1,,0,0,0,0,0,0.0,0,13,0,100.0,13,39.6,1,2.0,0,0,0,,,0.0,13.5,0,50.0,0.0,0,2,0.0,0,3,0,72.1,90.5,1,21,0.0,0,24,4,87.5,21,76.0,8,16.0,1,62,9,2.3,15.5,2.95,4.9,2,87.5,,0,0,0.0,0,2,1,75.6,70.0,0,15,0.0,0,28,7,92.9,26,95.3,8,16.0,0,55,18,2.6,7.9,2.12,5.4,4,85.2,100.0,1,1,4.2,1,10,1,73.5,88.1,0,34,0.0,0,29,23,93.1,27,103.1,27,54.0,0,236,102,4.4,10.3,8.74
Michael Carter,57337,HB,NYJ,14,50,-3.6,7,75.0,,0,0,21.1,4,6,1,29.7,44.8,1,20,0.0,0,21,15,95.2,20,67.7,20,40.0,0,115,176,11.7,7.7,5.75,-3.9,5,75.0,,0,0,20.0,3,4,1,31.0,32.3,1,20,7.7,2,26,12,92.3,24,63.8,16,32.0,0,97,151,12.6,8.1,4.04,,0,,,0,0,,0,0,0,,,0,0,50.0,2,4,0,50.0,2,0.0,0,0.0,0,0,0,,,0.0,,0,,,0,0,,0,0,0,,,0,0,20.0,5,25,0,76.0,19,0.0,0,0.0,0,0,0,,,0.0,2.8,1,90.9,,0,0,9.1,1,5,0,60.2,93.2,0,19,6.7,4,60,10,91.7,55,101.5,11,22.0,0,92,68,6.8,9.2,1.67,0,,0,,,0,0,,0,0,0,,,0,0,,0,0,0,,0,0.0,0,0.0,0,0,0,,,,22,-3.5,1,50.0,,0,0,50.0,1,2,0,28.8,59.0,0,18,12.5,1,8,1,87.5,7,85.4,2,4.0,0,20,24,24.0,20.0,2.86,,0,,,0,0,,0,0,0,,,0,0,64.3,9,14,0,28.6,4,0.0,0,0.0,0,0,0,,,0.0,14.0,0,0.0,,0,0,,0,0,0,,59.7,0,0,30.0,3,10,0,70.0,7,39.6,1,2.0,0,0,0,,,0.0,2.6,1,60.0,,0,0,0.0,0,2,0,74.6,73.2,0,12,3.8,1,26,6,96.2,25,70.0,10,20.0,0,43,28,4.7,7.2,1.72,12.0,0,0.0,,0,0,,0,0,0,,55.3,0,0,0.0,0,2,0,100.0,2,39.6,2,4.0,0,0,0,,,0.0,0,-1.5,1,100.0,,0,0,0.0,0,1,0,70.5,83.3,0,10,14.3,1,7,2,71.4,5,100.0,2,4.0,0,16,19,9.5,8.0,3.2,,,,0,,,0,0,,0,0,0,0,0,28.6,2,7,0,57.1,4,0.0,0,0.0,0,0,0,,,0.0,10.0,0,0.0,,0,0,,0,0,0,,58.2,0,0,15.4,2,13,0,84.6,11,39.6,1,2.0,0,0,0,,,0.0,0.7,6,71.4,,0,0,0.0,0,3,0,73.4,91.9,0,23,28.0,7,25,5,72.0,18,95.5,7,14.0,0,57,55,11.0,11.4,3.17,2.2,8,75.0,,0,0,4.5,1,10,0,72.1,93.5,0,23,0.0,0,29,21,96.6,28,93.2,28,56.0,0,192,151,7.2,9.1,6.86
Marquez Valdes-Scantling,47809,WR,GB,11,49,-6.0,0,100.0,,0,0,0.0,0,0,0,68.3,61.8,0,4,0.0,0,2,2,100.0,2,79.2,2,4.1,0,4,16,8.0,2.0,2.0,,0,,,0,0,,0,0,0,,,0,0,0.0,0,18,0,100.0,18,0.0,0,0.0,0,0,0,,,0.0,43.5,0,25.0,0.0,0,1,0.0,0,1,0,64.7,91.7,1,75,0.0,0,10,1,90.0,9,79.2,4,8.2,1,75,44,44.0,75.0,8.33,15.7,0,100.0,100.0,1,1,0.0,0,3,0,70.5,95.8,0,25,0.0,0,23,3,100.0,23,118.8,3,6.1,0,65,18,6.0,21.7,2.83,5.0,0,66.7,50.0,1,2,0.0,0,5,0,74.6,84.3,0,11,0.0,0,54,6,87.0,47,116.9,9,18.4,1,48,22,3.7,8.0,1.02,0,33.0,0,27.3,0.0,0,3,0.0,0,6,0,74.6,95.4,1,75,0.0,0,23,6,95.7,22,72.7,22,44.9,1,261,78,13.0,43.5,11.86,12,-4.0,0,100.0,,0,0,0.0,0,0,0,64.7,60.5,0,4,0.0,0,13,1,92.3,12,83.3,1,2.0,0,4,8,8.0,4.0,0.33,29.3,0,50.0,0.0,0,1,0.0,0,2,0,68.3,93.8,0,41,0.0,0,15,2,100.0,15,95.8,4,8.2,0,80,20,10.0,40.0,5.33,14.0,0,33.3,0.0,0,1,0.0,0,1,0,64.7,85.3,0,12,0.0,0,13,1,100.0,13,86.1,3,6.1,1,12,0,0.0,12.0,0.92,2.0,0,100.0,,0,0,0.0,0,1,0,70.5,61.5,0,7,2.6,1,39,3,94.9,37,86.1,3,6.1,0,14,8,2.7,4.7,0.38,14.3,0,57.1,50.0,1,2,0.0,0,4,0,72.1,95.5,0,25,0.0,0,7,4,100.0,7,135.1,7,14.3,1,77,18,4.5,19.3,11.0,0,-8.0,0,100.0,,0,0,0.0,0,0,0,64.7,61.6,0,0,0.0,0,4,1,100.0,4,79.2,1,2.0,0,0,8,8.0,0.0,0.0,70.5,91.0,31.0,0,21.4,0.0,0,1,0.0,0,3,0,0,47,0.0,0,25,3,80.0,20,58.6,14,28.6,0,106,14,4.7,35.3,5.3,11.0,0,0.0,,0,0,,0,0,0,,59.7,0,0,0.0,0,13,0,84.6,11,39.6,1,2.0,0,0,0,,,0.0,4.3,0,83.3,,0,0,0.0,0,2,0,73.4,69.7,0,6,0.0,0,43,5,100.0,43,84.7,6,12.2,0,26,7,1.4,5.2,0.6,4.3,0,77.8,50.0,1,2,0.0,0,8,0,80.6,79.9,0,11,0.0,0,19,14,94.7,18,105.6,18,36.7,1,88,37,2.6,6.3,4.89
David Montgomery,45719,HB,CHI,13,49,-4.1,3,93.3,,0,0,0.0,0,6,0,80.6,91.2,1,16,0.0,0,15,14,100.0,15,65.0,15,30.6,0,94,151,10.8,6.7,6.27,-5.3,1,87.5,,0,0,0.0,0,3,0,75.6,90.0,1,16,0.0,0,19,7,89.5,17,58.9,8,16.3,0,61,99,14.1,8.7,3.59,,0,,,0,0,,0,0,0,,,0,0,11.1,1,9,0,88.9,8,0.0,0,0.0,0,0,0,,,0.0,,0,,,0,0,,0,0,0,,,0,0,14.3,4,28,0,71.4,20,0.0,0,0.0,0,0,0,,,0.0,3.3,4,86.7,80.0,4,5,0.0,0,7,0,63.2,92.6,0,14,10.4,8,77,13,87.0,67,95.3,15,30.6,0,103,58,4.5,7.9,1.54,0,,0,,,0,0,,0,0,0,,,0,0,,0,0,0,,0,0.0,0,0.0,0,0,0,,,,6,-2.5,2,100.0,,0,0,0.0,0,1,0,72.1,70.6,0,10,25.0,2,8,4,75.0,6,82.3,4,8.2,0,15,25,6.3,3.8,2.5,,0,,,0,0,,0,0,0,,,0,0,18.2,2,11,0,72.7,8,0.0,0,0.0,0,0,0,,,0.0,12.0,0,100.0,100.0,1,1,0.0,0,1,0,64.7,90.4,0,12,29.6,8,27,1,63.0,17,116.7,1,2.0,0,12,0,0.0,12.0,0.71,3.4,0,66.7,50.0,1,2,14.3,1,2,0,54.5,84.3,0,11,22.6,7,31,6,64.5,20,78.0,9,18.4,0,44,32,5.3,7.3,2.2,12.0,0,100.0,100.0,1,1,0.0,0,1,0,64.7,90.4,0,12,0.0,0,1,1,100.0,1,116.7,1,2.0,0,12,0,0.0,12.0,12.0,0,-3.0,0,100.0,,0,0,0.0,0,2,0,70.5,90.2,0,12,10.0,1,10,3,90.0,9,91.7,3,6.1,0,18,27,9.0,6.0,2.0,,,,0,,,0,0,,0,0,0,0,0,26.3,5,19,0,63.2,12,0.0,0,0.0,0,0,0,,,0.0,,0,,,0,0,,0,0,0,,,0,0,31.8,7,22,0,59.1,13,0.0,0,0.0,0,0,0,,,0.0,1.6,2,88.9,100.0,1,1,11.1,1,2,0,56.7,71.1,0,11,22.5,9,40,8,72.5,29,88.9,9,18.4,0,48,37,4.6,6.0,1.66,2.9,6,81.8,75.0,6,8,6.9,2,11,0,57.8,92.3,0,14,0.0,0,38,27,86.8,33,91.3,33,67.3,0,195,127,4.7,7.2,5.91
Keelan Cole,51593,WR,NYJ,15,49,,0,,,0,0,,0,0,0,,,0,0,,0,0,0,,0,0.0,0,0.0,0,0,0,,,,,0,,,0,0,,0,0,0,,,0,0,0.0,0,33,0,97.0,32,0.0,0,0.0,0,0,0,,,0.0,24.0,0,0.0,,0,0,,0,0,0,,59.1,0,0,0.0,0,8,0,75.0,6,39.6,1,2.0,0,0,0,,,0.0,13.7,0,58.3,33.3,1,3,0.0,0,7,0,75.6,90.7,0,21,0.0,0,39,7,92.3,36,88.2,12,24.5,0,108,12,1.7,15.4,3.0,5.9,0,66.7,100.0,2,2,0.0,0,4,0,78.0,90.4,2,40,0.0,0,68,10,97.1,66,71.4,15,30.6,1,112,51,5.1,11.2,1.7,0,27.8,0,50.0,0.0,0,1,0.0,0,5,0,73.4,92.8,2,54,0.0,0,14,5,71.4,10,56.3,10,20.4,0,156,12,2.4,31.2,15.6,22,,0,,,0,0,,0,0,0,,,0,0,0.0,0,8,0,100.0,8,0.0,0,0.0,0,0,0,,,0.0,25.8,0,50.0,0.0,0,1,0.0,0,4,0,72.1,91.5,2,29,0.0,0,17,4,82.4,14,56.3,8,16.3,0,102,6,1.5,25.5,7.29,13.0,0,40.0,0.0,0,1,33.3,1,2,0,29.9,69.9,0,18,0.0,0,16,2,100.0,16,62.9,5,10.2,0,33,6,3.0,16.5,2.06,7.3,0,66.7,50.0,1,2,0.0,0,1,0,68.3,74.0,0,10,0.0,0,39,2,92.3,36,84.0,3,6.1,0,19,2,1.0,9.5,0.53,13.6,0,52.6,25.0,1,4,9.1,1,10,0,58.5,90.8,0,21,0.0,0,20,10,95.0,19,80.2,19,38.8,0,156,18,1.8,15.6,8.21,0,,0,,,0,0,,0,0,0,,,0,0,0.0,0,8,0,100.0,8,0.0,0,0.0,0,0,0,,,0.0,64.7,90.3,48.0,0,100.0,,0,0,0.0,0,1,0,0,54,0.0,0,10,1,70.0,7,118.8,1,2.0,0,54,6,6.0,54.0,7.71,14.5,0,50.0,,0,0,0.0,0,1,0,64.7,76.8,0,15,0.0,0,16,1,100.0,16,75.0,2,4.1,0,15,0,0.0,15.0,0.94,5.0,0,50.0,,0,0,0.0,0,0,0,64.7,60.3,0,6,0.0,0,29,1,100.0,29,56.3,2,4.1,0,6,1,1.0,6.0,0.21,6.1,0,65.0,75.0,3,4,0.0,0,5,0,80.0,90.1,2,40,0.0,0,20,13,100.0,20,61.9,20,40.8,1,137,54,4.2,10.5,6.85
Dan Arnold,51842,TE,JAX,11,48,-2.5,1,100.0,,0,0,0.0,0,1,0,70.5,91.9,0,18,0.0,0,3,2,66.7,2,114.6,2,4.2,0,23,28,14.0,11.5,11.5,-2.5,1,100.0,,0,0,0.0,0,1,0,70.5,91.9,0,18,5.3,1,19,2,84.2,16,114.6,2,4.2,0,23,28,14.0,11.5,1.44,22.0,0,100.0,,0,0,0.0,0,1,0,64.7,79.1,0,24,50.0,2,4,1,50.0,2,118.8,1,2.1,0,24,2,2.0,24.0,12.0,12.6,0,40.0,0.0,0,1,0.0,0,1,0,68.3,84.0,0,19,5.9,1,17,2,94.1,16,64.6,5,10.4,0,35,12,6.0,17.5,2.19,5.1,1,72.2,0.0,0,1,13.3,2,8,0,47.7,91.4,0,19,1.6,1,61,13,95.1,58,97.0,18,37.5,0,150,90,6.9,11.5,2.59,0,25.0,0,100.0,,0,0,0.0,0,2,0,68.3,92.4,0,28,0.0,0,3,2,66.7,2,118.8,2,4.2,0,52,2,1.0,26.0,26.0,15,,0,,,0,0,,0,0,0,,,0,0,28.6,2,7,0,71.4,5,0.0,0,0.0,0,0,0,,,0.0,28.0,0,100.0,,0,0,0.0,0,1,0,64.7,90.7,0,28,18.2,2,11,1,72.7,8,118.8,1,2.1,0,28,0,0.0,28.0,3.5,13.3,0,33.3,0.0,0,1,0.0,0,1,0,68.3,90.2,0,18,0.0,0,15,1,86.7,13,54.9,3,6.3,0,18,1,1.0,18.0,1.38,3.3,0,83.3,,0,0,0.0,0,2,0,73.4,72.4,0,10,5.6,2,36,5,94.4,34,85.4,6,12.5,0,27,15,3.0,5.4,0.79,13.5,0,40.0,0.0,0,2,0.0,0,3,0,73.4,92.4,0,19,0.0,0,11,4,90.9,10,64.6,10,20.8,0,70,15,3.8,17.5,7.0,0,,0,,,0,0,,0,0,0,,,0,0,0.0,0,7,0,100.0,7,0.0,0,0.0,0,0,0,,,0.0,,60.0,,0,,,0,0,,0,0,0,0,0,0.0,0,10,0,80.0,8,0.0,0,0.0,0,0,0,,,0.0,16.0,0,50.0,,0,0,0.0,0,1,0,64.7,80.6,0,17,0.0,0,15,1,100.0,15,79.2,2,4.2,0,17,2,2.0,17.0,1.13,4.9,0,90.0,,0,0,0.0,0,4,1,77.3,83.8,0,19,0.0,0,29,9,96.6,28,102.5,10,20.8,0,86,42,4.7,9.6,3.07,4.7,1,79.4,0.0,0,1,6.9,2,14,1,65.0,91.4,0,19,0.0,0,35,27,97.1,34,98.9,34,70.8,0,263,147,5.4,9.7,7.74
Ameer Abdullah,9487,HB,CAR,15,48,-4.2,8,94.7,,0,0,0.0,0,6,0,83.2,94.5,0,18,0.0,0,20,18,95.0,19,95.2,19,39.6,0,130,206,11.4,7.2,6.84,-4.6,8,100.0,,0,0,0.0,0,6,0,80.0,96.1,0,18,0.0,0,16,12,93.8,15,105.6,12,25.0,0,112,167,13.9,9.3,7.47,,0,,,0,0,,0,0,0,,,0,0,22.2,2,9,0,77.8,7,0.0,0,0.0,0,0,0,,,0.0,,0,,,0,0,,0,0,0,,,0,0,22.2,4,18,0,77.8,14,0.0,0,0.0,0,0,0,,,0.0,3.4,2,72.2,,0,0,13.3,2,3,0,47.7,67.6,1,23,8.8,5,57,13,89.5,51,82.4,18,37.5,1,107,60,4.6,8.2,2.1,0,20.0,0,0.0,,0,0,,0,0,0,,59.5,0,0,0.0,0,1,0,100.0,1,39.6,1,2.1,0,0,0,,,0.0,5,-4.0,0,80.0,,0,0,0.0,0,0,0,72.1,65.8,0,5,0.0,0,8,4,87.5,7,79.2,5,10.4,0,10,26,6.5,2.5,1.43,,0,,,0,0,,0,0,0,,,0,0,100.0,3,3,0,0.0,0,0.0,0,0.0,0,0,0,,,,14.0,0,0.0,,0,0,,0,0,0,,59.9,0,0,15.4,2,13,0,84.6,11,39.6,1,2.1,0,0,0,,,0.0,3.6,0,80.0,0.0,0,1,0.0,0,1,0,72.1,90.4,0,10,6.3,1,16,4,87.5,14,88.3,5,10.4,0,26,11,2.8,6.5,1.86,16.0,0,0.0,,0,0,,0,0,0,,58.3,0,0,0.0,0,2,0,100.0,2,39.6,2,4.2,0,0,0,,,0.0,0,-2.5,0,100.0,,0,0,0.0,0,0,0,68.3,69.6,0,4,0.0,0,5,2,100.0,5,83.3,2,4.2,0,8,13,6.5,4.0,1.6,,59.5,20.0,0,0.0,,0,0,,0,0,0,0,0,28.6,2,7,0,71.4,5,39.6,1,2.1,0,0,0,,,0.0,18.0,0,0.0,,0,0,,0,0,0,,60.0,0,0,20.0,3,15,0,73.3,11,39.6,1,2.1,0,0,0,,,0.0,2.7,0,100.0,,0,0,0.0,0,3,0,70.5,82.1,0,12,13.3,2,15,3,86.7,13,102.8,3,6.3,0,26,18,6.0,8.7,2.0,3.4,2,76.9,0.0,0,1,9.1,2,7,0,58.1,86.7,1,23,0.0,0,26,20,100.0,26,88.5,26,54.2,1,159,89,4.5,8.0,6.12
Jonathan Taylor,57488,HB,IND,17,48,-3.6,4,88.9,0.0,0,1,0.0,0,5,1,85.7,91.7,0,76,0.0,0,28,24,96.4,27,108.2,27,56.3,1,189,276,11.5,7.9,7.0,-4.3,4,94.7,,0,0,0.0,0,3,1,83.2,90.0,0,76,7.3,3,41,18,87.8,36,118.0,19,39.6,1,154,231,12.8,8.6,4.28,,0,,,0,0,,0,0,0,,,0,0,14.3,1,7,0,85.7,6,0.0,0,0.0,0,0,0,,,0.0,,0,,,0,0,,0,0,0,,,0,0,17.2,5,29,0,79.3,23,0.0,0,0.0,0,0,0,,,0.0,3.1,2,77.8,100.0,1,1,12.5,1,4,0,52.1,87.3,0,13,15.7,13,83,7,81.9,68,93.1,9,18.8,0,57,35,5.0,8.1,0.84,0,,0,,,0,0,,0,0,0,,,0,0,,0,0,0,,0,0.0,0,0.0,0,0,0,,,,14,-2.0,0,66.7,0.0,0,1,0.0,0,1,0,68.3,80.1,0,11,0.0,0,7,2,100.0,7,79.9,3,6.3,0,16,19,9.5,8.0,2.29,,0,,,0,0,,0,0,0,,,0,0,33.3,5,15,0,66.7,10,0.0,0,0.0,0,0,0,,,0.0,12.0,1,100.0,,0,0,0.0,0,1,0,64.7,90.3,0,23,41.2,7,17,1,58.8,10,158.3,1,2.1,1,23,11,11.0,23.0,2.3,1.2,0,60.0,,0,0,25.0,1,0,0,36.2,33.5,0,6,15.2,5,33,3,78.8,26,64.6,5,10.4,0,11,8,2.7,3.7,0.42,12.0,1,100.0,,0,0,0.0,0,1,0,64.7,90.3,0,23,0.0,0,1,1,100.0,1,158.3,1,2.1,1,23,11,11.0,23.0,23.0,0,-2.0,0,80.0,,0,0,0.0,0,1,0,72.1,81.0,0,13,12.5,1,8,4,87.5,7,82.5,5,10.4,0,19,26,6.5,4.8,2.71,,,,0,,,0,0,,0,0,0,0,0,33.3,6,18,0,50.0,9,0.0,0,0.0,0,0,0,,,0.0,,0,,,0,0,,0,0,0,,,0,0,22.2,4,18,0,72.2,13,0.0,0,0.0,0,0,0,,,0.0,1.2,2,83.3,,0,0,16.7,1,2,0,45.8,71.9,0,37,21.6,8,37,5,73.0,27,118.8,6,12.5,0,80,73,14.6,16.0,2.96,2.1,4,75.0,100.0,1,1,16.7,3,6,0,37.9,74.2,0,37,0.0,0,22,15,90.9,20,95.4,20,41.7,0,148,116,7.7,9.9,7.4
Ricky Seals-Jones,12020,TE,WAS,13,46,-3.3,1,87.5,0.0,0,1,12.5,1,1,0,52.1,69.9,0,14,0.0,0,8,7,100.0,8,80.7,8,17.4,0,27,52,7.4,3.9,3.38,-4.3,1,100.0,,0,0,0.0,0,1,0,70.5,90.6,0,14,12.5,3,24,3,87.5,21,104.2,3,6.5,0,27,40,13.3,9.0,1.29,21.0,0,100.0,,0,0,0.0,0,1,0,64.7,90.8,0,39,6.7,1,15,1,93.3,14,158.3,1,2.2,1,39,18,18.0,39.0,2.79,10.5,0,0.0,0.0,0,1,,0,0,0,64.7,74.8,0,0,20.0,5,25,0,68.0,17,39.6,2,4.3,0,0,0,,,0.0,3.1,3,80.0,0.0,0,2,14.3,2,5,0,47.7,81.1,0,16,0.0,0,64,12,93.8,60,93.6,15,32.6,0,97,65,5.4,8.1,1.62,0,24.3,0,50.0,100.0,1,1,0.0,0,2,0,68.3,97.4,0,39,0.0,0,4,2,100.0,4,135.4,4,8.7,2,58,18,9.0,29.0,14.5,32,,0,,,0,0,,0,0,0,,,0,0,0.0,0,10,0,100.0,10,0.0,0,0.0,0,0,0,,,0.0,,0,,,0,0,,0,0,0,,,0,0,14.3,2,14,0,85.7,12,0.0,0,0.0,0,0,0,,,0.0,14.0,0,50.0,100.0,1,1,0.0,0,1,0,64.7,92.0,0,16,20.0,2,10,1,80.0,8,77.1,2,4.3,0,16,0,0.0,16.0,2.0,4.0,0,66.7,0.0,0,1,0.0,0,1,0,68.3,74.1,0,8,5.0,1,20,2,90.0,18,71.5,3,6.5,0,10,5,2.5,5.0,0.56,12.5,0,45.5,50.0,2,4,16.7,1,4,0,49.7,92.4,0,16,0.0,0,13,5,84.6,11,63.4,11,23.9,0,62,1,0.2,12.4,5.64,0,-2.6,0,80.0,0.0,0,1,20.0,1,0,0,41.6,48.1,0,3,10.5,2,19,4,89.5,17,79.2,5,10.9,0,0,12,3.0,0.0,0.0,64.7,95.3,25.3,0,33.3,100.0,1,1,0.0,0,1,0,0,19,13.3,2,15,1,80.0,12,95.8,3,6.5,1,19,0,0.0,19.0,1.58,12.7,0,57.1,50.0,1,2,20.0,1,3,0,42.1,87.2,0,14,26.1,6,23,4,69.6,16,77.1,7,15.2,0,46,1,0.3,11.5,2.88,4.8,0,40.0,,0,0,0.0,0,1,0,70.5,83.3,0,13,3.3,1,30,2,83.3,25,49.6,5,10.9,0,17,9,4.5,8.5,0.68,3.6,3,69.6,0.0,0,3,11.1,2,7,0,55.6,87.5,0,16,0.0,0,28,16,82.1,23,82.5,23,50.0,0,124,79,4.9,7.8,5.39
Foster Moreau,47043,TE,LV,18,46,-2.0,1,100.0,,0,0,0.0,0,2,0,74.6,92.9,0,14,0.0,0,6,6,100.0,6,93.8,6,13.0,0,39,51,8.5,6.5,6.5,-2.0,1,100.0,,0,0,0.0,0,1,0,73.4,91.0,0,14,25.0,8,32,5,71.9,23,90.8,5,10.9,0,29,39,7.8,5.8,1.26,20.5,0,50.0,0.0,0,1,0.0,0,1,0,64.7,91.9,0,25,28.6,4,14,1,57.1,8,95.8,2,4.3,0,25,4,4.0,25.0,3.13,14.4,1,62.5,0.0,0,2,16.7,1,4,0,46.3,93.4,1,34,25.5,14,55,5,65.5,36,66.7,8,17.4,0,107,32,6.4,21.4,2.97,4.6,0,60.0,66.7,2,3,14.3,1,3,1,49.2,68.8,1,44,5.2,4,77,6,92.2,71,50.8,10,21.7,0,92,68,11.3,15.3,1.3,0,21.0,0,50.0,33.3,1,3,0.0,0,2,0,68.3,94.4,0,25,0.0,0,6,2,66.7,4,129.2,4,8.7,1,44,4,2.0,22.0,11.0,23,,0,,,0,0,,0,0,0,,,0,0,36.4,4,11,0,63.6,7,0.0,0,0.0,0,0,0,,,0.0,,0,,,0,0,,0,0,0,,,0,0,42.9,6,14,0,57.1,8,0.0,0,0.0,0,0,0,,,0.0,16.0,0,100.0,100.0,1,1,0.0,0,1,0,64.7,79.2,0,9,37.5,6,16,1,62.5,10,143.8,1,2.2,1,9,0,0.0,9.0,0.9,1.0,0,60.0,0.0,0,1,25.0,1,0,0,36.8,36.8,0,4,10.7,6,56,3,89.3,50,64.6,5,10.9,0,9,7,2.3,3.0,0.18,15.1,1,57.1,33.3,2,6,11.1,1,7,0,54.9,95.6,1,34,0.0,0,15,8,93.3,14,105.7,14,30.4,2,155,39,4.9,19.4,11.07,0,-2.0,0,100.0,,0,0,0.0,0,1,0,64.7,90.2,0,10,12.5,2,16,1,81.3,13,108.3,1,2.2,0,10,12,12.0,10.0,0.77,64.7,91.1,21.5,0,50.0,50.0,1,2,0.0,0,1,0,0,19,17.4,4,23,1,56.5,13,122.9,2,4.3,1,19,0,0.0,19.0,1.46,16.2,0,40.0,33.3,1,3,0.0,0,2,0,68.3,92.7,0,21,42.1,8,19,2,52.6,10,107.5,5,10.9,1,39,7,3.5,19.5,3.9,1.1,3,71.4,,0,0,0.0,0,2,0,74.6,86.6,0,12,9.1,4,44,5,86.4,38,81.8,7,15.2,0,34,27,5.4,6.8,0.89,2.7,3,63.6,50.0,2,4,12.5,2,5,1,51.5,72.0,1,44,0.0,0,23,14,95.7,22,61.7,22,47.8,0,135,102,7.3,9.6,6.14
Tony Pollard,27126,HB,DAL,16,46,-3.3,5,100.0,,0,0,0.0,0,8,1,84.5,90.6,0,19,0.0,0,22,21,95.5,21,96.0,21,45.7,0,148,217,10.3,7.0,7.05,-4.1,2,100.0,,0,0,0.0,0,3,0,78.7,92.4,0,19,0.0,0,13,10,84.6,11,99.6,10,21.7,0,79,120,12.0,7.9,7.18,,0,,,0,0,,0,0,0,,,0,0,50.0,5,10,0,40.0,4,0.0,0,0.0,0,0,0,,,0.0,,0,,,0,0,,0,0,0,,,0,0,19.0,4,21,0,66.7,14,0.0,0,0.0,0,0,0,,,0.0,3.3,2,62.5,,0,0,28.6,2,2,1,29.2,26.6,0,13,8.6,5,58,5,87.9,51,79.7,8,17.4,0,49,34,6.8,9.8,0.96,0,,0,,,0,0,,0,0,0,,,0,0,,0,0,0,,0,0.0,0,0.0,0,0,0,,,,9,-2.3,3,100.0,,0,0,0.0,0,5,1,75.6,69.1,0,13,7.7,1,13,7,92.3,12,98.8,7,15.2,0,54,70,10.0,7.7,4.5,,0,,,0,0,,0,0,0,,,0,0,22.2,2,9,0,77.8,7,0.0,0,0.0,0,0,0,,,0.0,,0,,,0,0,,0,0,0,,,0,0,0.0,0,8,0,87.5,7,0.0,0,0.0,0,0,0,,,0.0,1.9,2,87.5,,0,0,12.5,1,3,0,52.1,69.0,0,32,15.8,3,19,7,84.2,16,100.5,8,17.4,0,65,52,7.4,9.3,4.06,15.0,0,100.0,,0,0,0.0,0,1,0,64.7,90.4,0,31,0.0,0,1,1,100.0,1,118.8,1,2.2,0,31,16,16.0,31.0,31.0,0,-3.0,0,100.0,,0,0,0.0,0,0,0,72.1,63.2,0,6,0.0,0,8,4,100.0,8,82.3,4,8.7,0,15,27,6.8,3.8,1.88,,,,0,,,0,0,,0,0,0,0,0,50.0,5,10,0,50.0,5,0.0,0,0.0,0,0,0,,,0.0,15.0,0,100.0,,0,0,0.0,0,1,0,64.7,90.4,0,31,14.3,2,14,1,78.6,11,118.8,1,2.2,0,31,16,16.0,31.0,2.82,2.5,0,87.5,,0,0,0.0,0,2,0,75.6,84.1,0,13,0.0,0,22,7,95.5,21,95.8,8,17.4,0,56,41,5.9,8.0,2.67,2.5,4,79.2,,0,0,13.6,3,7,1,44.9,57.2,0,32,0.0,0,25,19,96.0,24,96.2,24,52.2,0,170,127,6.7,8.9,7.08
Josh Reynolds,11872,WR,DET,12,46,-1.5,0,100.0,,0,0,0.0,0,1,0,68.3,76.6,0,10,0.0,0,2,2,100.0,2,104.2,2,4.3,0,18,21,10.5,9.0,9.0,-1.0,0,100.0,,0,0,0.0,0,0,0,64.7,60.8,0,8,0.0,0,36,1,91.7,33,100.0,1,2.2,0,8,9,9.0,8.0,0.24,31.0,0,60.0,33.3,1,3,25.0,1,2,0,36.2,89.9,1,23,0.0,0,8,3,75.0,6,104.2,5,10.9,1,65,3,1.0,21.7,10.83,14.5,0,50.0,,0,0,0.0,0,1,0,64.7,73.5,0,13,0.0,0,21,1,95.2,20,70.8,2,4.3,0,13,0,0.0,13.0,0.65,6.0,2,84.6,,0,0,8.3,1,7,0,60.2,91.7,0,28,0.0,0,77,11,97.4,75,104.2,13,28.3,0,117,52,4.7,10.6,1.56,0,30.3,0,33.3,25.0,1,4,20.0,1,3,0,41.6,86.4,1,39,0.0,0,13,4,92.3,12,70.8,12,26.1,2,104,6,1.5,26.0,8.67,11,-2.0,0,100.0,,0,0,0.0,0,1,0,64.7,79.1,0,10,0.0,0,5,1,100.0,5,108.3,1,2.2,0,10,12,12.0,10.0,2.0,28.3,0,0.0,0.0,0,1,,0,0,0,,46.0,0,0,0.0,0,9,0,88.9,8,39.6,3,6.5,0,0,0,,,0.0,14.3,0,62.5,0.0,0,3,0.0,0,5,0,73.4,93.0,0,27,0.0,0,16,5,93.8,15,100.0,8,17.4,0,88,16,3.2,17.6,5.87,4.8,3,66.7,50.0,1,2,0.0,0,2,0,72.1,71.2,0,15,0.0,0,21,4,100.0,21,79.9,6,13.0,0,32,16,4.0,8.0,1.52,13.9,0,61.5,25.0,1,4,0.0,0,8,0,76.5,93.8,0,27,0.0,0,15,8,86.7,13,93.4,13,28.3,0,125,16,2.0,15.6,9.62,0,,0,,,0,0,,0,0,0,,,0,0,0.0,0,6,0,100.0,6,0.0,0,0.0,0,0,0,,,0.0,64.7,84.8,31.0,0,25.0,,0,0,0.0,0,1,0,0,39,0.0,0,14,1,78.6,11,107.3,4,8.7,1,39,3,3.0,39.0,3.55,12.7,0,66.7,100.0,1,1,0.0,0,2,0,68.3,86.6,0,13,0.0,0,11,2,100.0,11,91.0,3,6.5,0,24,0,0.0,12.0,2.18,,0,,,0,0,,0,0,0,,,0,0,0.0,0,28,0,100.0,28,0.0,0,0.0,0,0,0,,,0.0,5.6,5,78.9,50.0,1,2,6.3,1,9,0,65.6,91.1,0,28,0.0,0,19,15,100.0,19,99.3,19,41.3,0,149,68,4.5,9.9,7.84
Jalen Guyton,34164,WR,LAC,16,46,-2.3,2,100.0,,0,0,0.0,0,1,0,72.1,90.6,0,17,0.0,0,4,4,100.0,4,99.0,4,8.7,0,31,40,10.0,7.8,7.75,-1.0,0,100.0,,0,0,0.0,0,0,0,64.7,61.3,0,1,0.0,0,23,1,95.7,22,79.2,1,2.2,0,1,2,2.0,1.0,0.05,57.0,0,100.0,,0,0,0.0,0,1,0,64.7,91.1,0,59,0.0,0,7,1,100.0,7,158.3,1,2.2,1,59,2,2.0,59.0,8.43,,0,,,0,0,,0,0,0,,,0,0,0.0,0,29,0,86.2,25,0.0,0,0.0,0,0,0,,,0.0,4.2,1,60.0,0.0,0,2,0.0,0,2,0,70.5,74.5,0,12,0.0,0,92,3,97.8,90,72.9,5,10.9,0,25,11,3.7,8.3,0.28,0,39.7,1,50.0,33.3,1,3,0.0,0,3,0,70.5,94.9,0,59,0.0,0,7,3,85.7,6,135.4,6,13.0,2,136,15,5.0,45.3,22.67,27,-4.0,0,100.0,,0,0,0.0,0,1,0,64.7,79.1,0,10,0.0,0,19,1,100.0,19,108.3,1,2.2,0,10,14,14.0,10.0,0.53,48.5,0,50.0,50.0,1,2,0.0,0,1,0,64.7,87.0,0,44,0.0,0,14,1,85.7,12,135.4,2,4.3,1,44,0,0.0,44.0,3.67,14.7,0,100.0,100.0,2,2,0.0,0,3,0,70.5,94.0,0,22,0.0,0,30,3,96.7,29,118.8,3,6.5,0,53,9,3.0,17.7,1.83,3.7,0,50.0,,0,0,25.0,1,2,0,36.2,68.8,0,18,0.0,0,56,3,96.4,54,65.3,6,13.0,0,31,18,6.0,10.3,0.57,13.8,0,66.7,75.0,3,4,20.0,2,8,0,35.7,92.9,0,22,0.0,0,13,8,92.3,12,129.2,12,26.1,1,126,21,2.6,15.8,10.5,0,-2.0,2,100.0,,0,0,0.0,0,0,0,68.3,88.6,0,17,0.0,0,9,2,100.0,9,108.3,2,4.3,0,20,24,12.0,10.0,2.22,64.7,88.1,28.0,1,33.3,0.0,0,1,0.0,0,1,0,0,33,0.0,0,18,1,88.9,16,75.7,3,6.5,0,33,13,13.0,33.0,2.06,13.4,0,55.6,50.0,1,2,28.6,2,5,0,29.2,85.5,0,19,0.0,0,37,5,86.5,32,119.2,9,19.6,1,73,12,2.4,14.6,2.28,5.2,3,76.9,100.0,1,1,9.1,1,5,0,58.5,90.3,0,21,0.0,0,61,10,95.1,58,97.9,13,28.3,0,99,49,4.9,9.9,1.71,4.6,4,66.7,33.3,1,3,11.1,2,9,0,52.8,89.9,0,21,0.0,0,24,16,100.0,24,84.5,24,52.2,0,155,78,4.9,9.7,6.46
Sammy Watkins,8639,WR,BLT,13,45,,0,,,0,0,,0,0,0,,,0,0,,0,0,0,,0,0.0,0,0.0,0,0,0,,,,,0,,,0,0,,0,0,0,,,0,0,0.0,0,8,0,87.5,7,0.0,0,0.0,0,0,0,,,0.0,33.0,0,0.0,,0,0,,0,0,0,,45.9,0,0,0.0,0,11,0,81.8,9,39.6,2,4.4,0,0,0,,,0.0,12.3,1,75.0,100.0,1,1,0.0,0,5,0,74.6,94.4,0,28,0.0,0,35,6,94.3,33,153.6,8,17.8,1,95,25,4.2,15.8,2.88,5.3,2,57.1,50.0,2,4,20.0,2,5,1,35.3,77.0,1,29,0.0,0,60,8,95.0,57,47.6,14,31.1,0,93,52,6.5,11.6,1.63,0,33.6,0,33.3,0.0,0,1,0.0,0,3,0,70.5,90.7,0,49,0.0,0,9,3,100.0,9,81.9,9,20.0,0,114,20,6.7,38.0,12.67,3,,0,,,0,0,,0,0,0,,,0,0,0.0,0,5,0,100.0,5,0.0,0,0.0,0,0,0,,,0.0,28.5,0,50.0,,0,0,0.0,0,1,0,64.7,89.1,0,36,0.0,0,9,1,100.0,9,95.8,2,4.4,0,36,7,7.0,36.0,4.0,14.0,0,100.0,,0,0,0.0,0,2,0,68.3,90.0,0,18,0.0,0,5,2,100.0,5,118.8,2,4.4,0,31,3,1.5,15.5,6.2,5.0,0,62.5,0.0,0,1,28.6,2,1,0,29.2,59.8,0,8,0.0,0,22,5,100.0,22,71.4,8,17.8,0,33,7,1.4,6.6,1.5,12.6,1,72.7,100.0,1,1,0.0,0,7,0,76.5,95.0,0,28,0.0,0,11,8,100.0,11,140.7,11,24.4,1,126,28,3.5,15.8,11.45,0,,0,,,0,0,,0,0,0,,,0,0,0.0,0,13,0,100.0,13,0.0,0,0.0,0,0,0,,,0.0,68.3,90.8,35.8,0,40.0,0.0,0,1,0.0,0,2,0,0,49,0.0,0,13,2,92.3,12,87.5,5,11.1,0,78,13,6.5,39.0,6.5,13.0,0,0.0,,0,0,,0,0,0,,59.7,0,0,0.0,0,9,0,100.0,9,39.6,1,2.2,0,0,0,,,0.0,6.0,0,100.0,100.0,1,1,0.0,0,1,0,70.5,86.9,0,11,0.0,0,27,3,88.9,24,105.6,3,6.7,0,28,10,3.3,9.3,1.17,5.3,2,64.0,50.0,3,6,20.0,4,7,1,29.7,78.6,1,29,0.0,0,25,16,100.0,25,64.4,25,55.6,0,154,69,4.3,9.6,6.16
James Washington,47792,WR,PIT,16,45,-2.3,0,100.0,,0,0,0.0,0,0,0,70.5,74.4,0,9,0.0,0,3,3,100.0,3,79.2,3,6.7,0,8,15,5.0,2.7,2.67,,0,,,0,0,,0,0,0,,,0,0,0.0,0,26,0,92.3,24,0.0,0,0.0,0,0,0,,,0.0,32.0,0,75.0,100.0,2,2,0.0,0,3,0,70.5,93.2,0,42,0.0,0,11,3,100.0,11,156.3,4,8.9,1,102,5,1.7,34.0,9.27,16.0,0,0.0,0.0,0,1,,0,0,0,,59.0,0,0,0.0,0,19,0,94.7,18,39.6,1,2.2,0,0,0,,,0.0,4.8,0,58.3,25.0,1,4,22.2,2,0,0,35.7,43.1,0,9,0.0,0,111,7,98.2,109,64.2,12,26.7,0,39,17,2.4,5.6,0.36,0,28.6,0,35.7,50.0,4,8,0.0,0,5,0,73.4,91.2,0,42,0.0,0,16,5,87.5,14,101.2,14,31.1,1,153,8,1.6,30.6,10.93,25,-1.5,0,100.0,,0,0,0.0,0,0,0,68.3,61.9,0,1,0.0,0,15,2,100.0,15,79.2,2,4.4,0,-1,2,1.0,-0.5,-0.07,27.9,0,28.6,40.0,2,5,0.0,0,2,0,68.3,90.5,0,29,0.0,0,11,2,81.8,9,57.4,7,15.6,0,51,3,1.5,25.5,5.67,15.0,0,33.3,100.0,1,1,0.0,0,1,0,64.7,88.3,0,15,0.0,0,23,1,95.7,22,90.3,3,6.7,1,15,0,0.0,15.0,0.68,3.2,1,80.0,,0,0,0.0,0,1,0,72.1,71.7,1,17,0.0,0,41,4,95.1,39,57.9,5,11.1,0,37,25,6.3,9.3,0.95,15.0,0,57.1,50.0,1,2,0.0,0,4,0,72.1,92.5,0,19,0.0,0,8,4,87.5,7,122.0,7,15.6,2,55,4,1.0,13.8,7.86,0,-4.0,0,100.0,,0,0,0.0,0,0,0,64.7,78.5,0,9,0.0,0,12,1,91.7,11,104.2,1,2.2,0,9,13,13.0,9.0,0.82,,39.1,26.0,0,0.0,0.0,0,1,,0,0,0,0,0,0.0,0,19,0,78.9,15,39.6,3,6.7,0,0,0,,,0.0,14.7,0,100.0,,0,0,0.0,0,3,0,70.5,91.1,0,19,0.0,0,23,3,87.0,20,158.3,3,6.7,1,40,4,1.3,13.3,2.0,6.3,0,75.0,,0,0,0.0,0,1,0,70.5,91.3,0,11,0.0,0,23,3,100.0,23,95.8,4,8.9,0,30,13,4.3,10.0,1.3,4.7,1,66.7,25.0,1,4,12.5,2,2,0,51.5,65.1,1,17,0.0,0,22,14,95.5,21,58.8,21,46.7,0,106,55,3.9,7.6,5.05
Josh Palmer,62979,WR,LAC,17,45,-2.0,1,100.0,,0,0,0.0,0,2,0,70.5,85.2,0,12,0.0,0,3,3,100.0,3,95.8,3,6.7,0,21,27,9.0,7.0,7.0,-3.0,0,100.0,,0,0,0.0,0,0,0,64.7,60.8,0,2,0.0,0,15,1,100.0,15,79.2,1,2.2,0,2,5,5.0,2.0,0.13,33.0,0,50.0,50.0,1,2,0.0,0,1,0,64.7,89.9,1,23,0.0,0,6,1,100.0,6,91.7,2,4.4,1,23,0,0.0,23.0,3.83,11.0,0,0.0,,0,0,,0,0,0,,46.3,0,0,5.0,1,20,0,85.0,17,39.6,1,2.2,0,0,0,,,0.0,4.2,0,84.6,,0,0,8.3,1,3,0,60.2,77.3,0,17,0.0,0,80,11,97.5,78,117.0,13,28.9,1,77,34,3.1,7.0,0.99,0,31.7,0,50.0,60.0,3,5,0.0,0,3,0,70.5,96.1,2,36,0.0,0,6,3,100.0,6,95.8,6,13.3,2,83,4,1.3,27.7,13.83,27,,0,,,0,0,,0,0,0,,,0,0,0.0,0,9,0,100.0,9,0.0,0,0.0,0,0,0,,,0.0,27.0,0,50.0,100.0,1,1,0.0,0,1,0,64.7,92.8,0,36,0.0,0,15,1,93.3,14,95.8,2,4.4,0,36,4,4.0,36.0,2.57,12.8,0,40.0,50.0,1,2,0.0,0,2,0,68.3,82.2,0,17,0.0,0,18,2,100.0,18,57.9,5,11.1,0,27,1,0.5,13.5,1.5,7.5,0,66.7,0.0,0,1,0.0,0,1,0,72.1,80.4,0,9,0.0,0,27,4,92.6,25,77.8,6,13.3,0,29,-1,-0.3,7.3,1.16,12.7,0,44.4,33.3,1,3,0.0,0,4,0,72.1,85.7,0,17,0.0,0,10,4,90.0,9,65.5,9,20.0,0,57,5,1.3,14.3,6.33,0,-1.5,1,100.0,,0,0,0.0,0,2,0,68.3,89.8,0,12,0.0,0,8,2,100.0,8,106.3,2,4.4,0,19,22,11.0,9.5,2.38,64.7,90.2,35.0,0,50.0,50.0,1,2,0.0,0,1,0,1,24,0.0,0,14,1,85.7,12,93.8,2,4.4,1,24,0,0.0,24.0,2.0,13.0,0,66.7,0.0,0,1,0.0,0,2,0,68.3,89.7,0,15,0.0,0,15,2,80.0,12,99.3,3,6.7,0,30,4,2.0,15.0,2.5,6.9,0,100.0,,0,0,0.0,0,5,0,76.5,89.6,0,18,2.8,1,36,8,97.2,35,151.0,8,17.8,1,86,31,3.9,10.8,2.46,5.7,0,85.2,0.0,0,1,4.2,1,9,0,72.8,90.1,0,18,0.0,0,27,23,100.0,27,121.0,27,60.0,2,192,64,2.8,8.3,7.11
Devontae Booker,10770,HB,NYG,16,45,-3.8,2,95.5,,0,0,4.5,1,6,0,72.8,91.8,0,17,0.0,0,24,21,91.7,22,102.8,22,48.9,1,111,191,9.1,5.3,5.05,-4.1,1,100.0,,0,0,0.0,0,3,0,82.2,92.2,0,17,3.6,1,28,15,85.7,24,90.6,15,33.3,0,86,148,9.9,5.7,3.58,,0,,,0,0,,0,0,0,,,0,0,14.3,1,7,0,85.7,6,0.0,0,0.0,0,0,0,,,0.0,,0,,,0,0,,0,0,0,,,0,0,26.3,5,19,0,73.7,14,0.0,0,0.0,0,0,0,,,0.0,2.1,2,84.6,100.0,2,2,8.3,1,2,0,60.6,69.9,0,41,11.8,9,76,11,84.2,64,94.6,13,28.9,0,87,66,6.0,7.9,1.36,0,,0,,,0,0,,0,0,0,,,0,0,,0,0,0,,0,0.0,0,0.0,0,0,0,,,,21,-4.3,0,100.0,,0,0,0.0,0,2,0,70.5,91.9,0,12,0.0,0,9,3,100.0,9,127.1,3,6.7,1,15,28,9.3,5.0,1.67,,0,,,0,0,,0,0,0,,,0,0,25.0,1,4,0,75.0,3,0.0,0,0.0,0,0,0,,,0.0,,0,,,0,0,,0,0,0,,,0,0,25.0,3,12,0,75.0,9,0.0,0,0.0,0,0,0,,,0.0,3.2,2,80.0,,0,0,20.0,1,1,0,41.6,77.1,0,17,28.1,9,32,4,68.8,22,100.0,5,11.1,0,40,28,7.0,10.0,1.82,,0,,,0,0,,0,0,0,,,0,0,,0,0,0,,0,0.0,0,0.0,0,0,0,,,,0,-2.3,1,75.0,,0,0,25.0,1,1,0,36.2,32.6,0,6,22.2,2,9,3,77.8,7,77.1,4,8.9,0,10,15,5.0,3.3,1.43,,,,0,,,0,0,,0,0,0,0,0,61.5,8,13,0,38.5,5,0.0,0,0.0,0,0,0,,,0.0,,0,,,0,0,,0,0,0,,,0,0,33.3,7,21,0,61.9,13,0.0,0,0.0,0,0,0,,,0.0,4.2,0,80.0,,0,0,0.0,0,2,0,72.1,91.4,0,14,22.7,10,44,4,77.3,34,91.7,5,11.1,0,30,18,4.5,7.5,0.88,2.8,4,82.6,100.0,2,2,9.5,2,5,0,57.1,88.3,0,41,0.0,0,23,19,100.0,23,95.1,23,51.1,0,157,112,5.9,8.3,6.83
Anthony Firkser,51837,TE,TEN,16,44,-3.5,0,50.0,,0,0,50.0,1,0,0,28.9,30.0,0,7,0.0,0,2,1,100.0,2,58.3,2,4.5,0,7,8,8.0,7.0,3.5,-6.0,0,0.0,,0,0,100.0,1,0,0,28.0,28.8,0,0,0.0,0,24,0,95.8,23,39.6,1,2.3,0,0,0,,,0.0,20.0,0,100.0,,0,0,0.0,0,1,0,64.7,79.2,0,24,0.0,0,10,1,80.0,8,118.8,1,2.3,0,24,4,4.0,24.0,3.0,14.3,0,33.3,50.0,1,2,50.0,1,1,0,28.8,58.9,1,17,3.8,1,26,1,96.2,25,13.9,3,6.8,0,17,1,1.0,17.0,0.68,4.4,0,88.0,75.0,3,4,4.3,1,6,1,72.1,78.6,0,14,0.0,0,91,22,94.5,86,96.0,25,56.8,0,176,75,3.4,8.0,2.05,0,20.3,0,66.7,,0,0,0.0,0,2,0,68.3,91.5,0,24,0.0,0,3,2,100.0,3,149.3,3,6.8,1,39,4,2.0,19.5,13.0,31,,0,,,0,0,,0,0,0,,,0,0,0.0,0,3,0,100.0,3,0.0,0,0.0,0,0,0,,,0.0,,0,,,0,0,,0,0,0,,,0,0,0.0,0,6,0,100.0,6,0.0,0,0.0,0,0,0,,,0.0,,0,,,0,0,,0,0,0,,,0,0,0.0,0,10,0,80.0,8,0.0,0,0.0,0,0,0,,,0.0,3.0,0,75.0,0.0,0,1,0.0,0,2,0,70.5,83.8,0,8,0.0,0,20,3,95.0,19,118.8,4,9.1,2,14,6,2.0,4.7,0.74,13.6,0,20.0,50.0,1,2,50.0,1,1,0,28.8,56.6,2,17,0.0,0,5,1,100.0,5,1.7,5,11.4,0,17,1,1.0,17.0,3.4,0,-1.0,0,100.0,,0,0,0.0,0,0,0,64.7,61.8,0,7,0.0,0,5,1,100.0,5,95.8,1,2.3,0,7,8,8.0,7.0,1.4,64.7,87.1,20.5,0,50.0,,0,0,0.0,0,1,0,0,15,8.3,1,12,1,83.3,10,114.6,2,4.5,1,15,0,0.0,15.0,1.5,12.5,0,0.0,,0,0,,0,0,0,,56.5,1,0,0.0,0,13,0,92.3,12,0.0,2,4.5,0,0,0,,,0.0,5.4,0,100.0,100.0,1,1,0.0,0,4,0,73.4,90.2,0,11,4.8,1,21,5,95.2,20,98.3,5,11.4,0,38,11,2.2,7.6,1.9,4.4,0,88.2,66.7,4,6,3.2,1,12,1,77.3,89.6,0,14,0.0,0,35,30,97.1,34,104.4,34,77.3,1,228,92,3.1,7.6,6.71
James Robinson,22425,HB,JAX,14,44,-2.9,3,72.7,0.0,0,1,11.1,2,3,1,56.9,55.0,0,17,0.0,0,25,16,88.0,22,79.7,22,50.0,0,90,138,8.6,5.6,4.09,-3.4,2,81.8,0.0,0,1,10.0,1,1,1,60.2,43.0,0,12,7.1,2,28,9,85.7,24,86.0,11,25.0,0,51,82,9.1,5.7,2.13,,0,,,0,0,,0,0,0,,,0,0,20.0,1,5,0,60.0,3,0.0,0,0.0,0,0,0,,,0.0,10.0,0,0.0,0.0,0,1,,0,0,0,,60.0,0,0,8.7,2,23,0,82.6,19,39.6,1,2.3,0,0,0,,,0.0,2.4,0,72.7,,0,0,0.0,0,2,0,76.5,86.7,0,13,3.6,2,56,8,92.9,52,80.5,11,25.0,0,47,32,4.0,5.9,0.9,0,,0,,,0,0,,0,0,0,,,0,0,,0,0,0,,0,0.0,0,0.0,0,0,0,,,,15,-2.0,0,62.5,,0,0,16.7,1,2,0,49.2,61.8,0,17,8.3,1,12,5,83.3,10,72.4,8,18.2,0,35,45,9.0,7.0,3.5,,0,,,0,0,,0,0,0,,,0,0,5.3,1,19,0,68.4,13,0.0,0,0.0,0,0,0,,,0.0,,0,,,0,0,,0,0,0,,,0,0,25.0,5,20,0,70.0,14,0.0,0,0.0,0,0,0,,,0.0,4.8,1,66.7,0.0,0,1,33.3,2,2,1,29.2,27.3,0,26,20.0,7,35,4,71.4,25,93.8,6,13.6,0,52,32,8.0,13.0,2.08,10.0,0,0.0,0.0,0,1,,0,0,0,,60.0,0,0,0.0,0,1,0,100.0,1,39.6,1,2.3,0,0,0,,,0.0,0,-3.3,1,66.7,,0,0,0.0,0,0,0,68.3,80.8,0,6,18.2,2,11,2,81.8,9,70.1,3,6.8,0,4,11,5.5,2.0,0.44,,,,0,,,0,0,,0,0,0,0,0,7.7,1,13,0,69.2,9,0.0,0,0.0,0,0,0,,,0.0,,0,,,0,0,,0,0,0,,,0,0,12.5,2,16,0,81.3,13,0.0,0,0.0,0,0,0,,,0.0,3.8,1,75.0,50.0,1,2,0.0,0,2,0,70.5,81.6,0,15,15.8,6,38,3,78.9,30,99.0,4,9.1,0,33,26,8.7,11.0,1.1,3.3,2,71.4,33.3,1,3,11.8,2,6,1,52.8,60.7,0,26,0.0,0,23,15,91.3,21,87.8,21,47.7,0,132,90,6.0,8.8,6.29
Jack Doyle,8520,TE,IND,16,43,-2.6,0,60.0,,0,0,25.0,1,2,0,70.5,90.6,1,11,0.0,0,5,3,100.0,5,64.6,5,11.6,1,12,23,7.7,4.0,2.4,-2.6,0,60.0,,0,0,25.0,1,2,0,70.5,90.6,1,11,15.2,5,33,3,78.8,26,64.6,5,11.6,1,12,23,7.7,4.0,0.46,,0,,,0,0,,0,0,0,,,0,0,20.0,1,5,0,80.0,4,0.0,0,0.0,0,0,0,,,0.0,11.6,0,60.0,,0,0,25.0,1,2,0,36.8,89.0,0,18,13.0,3,23,3,82.6,19,87.1,5,11.6,0,42,5,1.7,14.0,2.21,5.0,0,71.4,50.0,2,4,9.1,1,5,0,60.2,92.5,0,13,2.7,2,74,10,90.5,67,90.5,14,32.6,0,97,41,4.1,9.7,1.45,0,21.3,0,66.7,100.0,1,1,0.0,0,2,0,68.3,96.7,1,24,0.0,0,3,2,100.0,3,70.1,3,7.0,0,46,2,1.0,23.0,15.33,14,,0,,,0,0,,0,0,0,,,0,0,0.0,0,6,0,100.0,6,0.0,0,0.0,0,0,0,,,0.0,24.0,0,100.0,100.0,1,1,0.0,0,1,0,64.7,94.9,0,24,25.0,3,12,1,66.7,8,118.8,1,2.3,0,24,0,0.0,24.0,3.0,14.0,0,0.0,0.0,0,1,,0,0,0,,59.8,0,0,30.8,4,13,0,69.2,9,39.6,1,2.3,0,0,0,,,0.0,2.3,0,85.7,,0,0,14.3,1,3,0,49.2,73.0,0,12,7.1,2,28,6,85.7,24,129.5,7,16.3,1,39,25,4.2,6.5,1.63,13.3,0,50.0,0.0,0,1,16.7,1,4,0,46.3,92.1,0,34,0.0,0,10,5,100.0,10,115.0,10,23.3,1,91,22,4.4,18.2,9.1,0,,0,,,0,0,,0,0,0,,,0,0,0.0,0,7,0,100.0,7,0.0,0,0.0,0,0,0,,,0.0,64.7,90.7,20.0,0,50.0,,0,0,0.0,0,1,0,1,22,16.7,3,18,1,55.6,10,50.0,2,4.7,0,22,2,2.0,22.0,2.2,15.3,0,50.0,,0,0,0.0,0,2,0,68.3,91.9,0,34,6.3,1,16,2,93.8,15,134.4,4,9.3,1,49,17,8.5,24.5,3.27,2.3,0,75.0,,0,0,0.0,0,2,0,70.5,89.5,0,9,23.5,8,34,3,73.5,25,82.3,4,9.3,0,17,9,3.0,5.7,0.68,3.8,0,76.0,50.0,2,4,9.5,2,10,0,58.1,92.8,0,13,0.0,0,28,19,89.3,25,104.3,25,58.1,1,153,75,3.9,8.1,6.12
Dalvin Cook,11796,HB,MIN,13,43,-5.1,5,79.2,0.0,0,1,13.6,3,4,0,45.1,74.5,0,24,0.0,0,24,19,100.0,24,84.9,24,55.8,0,105,203,10.7,5.5,4.38,-4.9,4,68.8,0.0,0,1,21.4,3,3,0,29.9,57.6,0,24,4.2,1,24,11,91.7,22,82.3,16,37.2,0,88,142,12.9,8.0,4.0,,0,,,0,0,,0,0,0,,,0,0,22.2,2,9,0,55.6,5,0.0,0,0.0,0,0,0,,,0.0,14.0,0,100.0,,0,0,0.0,0,1,0,64.7,81.5,0,17,10.0,3,30,1,86.7,26,118.8,1,2.3,0,17,3,3.0,17.0,0.65,2.3,0,85.7,100.0,1,1,0.0,0,2,0,74.6,89.3,0,14,10.0,7,70,6,82.9,58,88.7,7,16.3,0,37,24,4.0,6.2,0.64,0,,0,,,0,0,,0,0,0,,,0,0,,0,0,0,,0,0.0,0,0.0,0,0,0,,,,18,-5.7,0,100.0,,0,0,0.0,0,0,0,70.5,65.9,0,2,0.0,0,8,3,100.0,8,79.2,3,7.0,0,-5,12,4.0,-1.7,-0.63,,0,,,0,0,,0,0,0,,,0,0,43.8,7,16,0,50.0,8,0.0,0,0.0,0,0,0,,,0.0,,0,,,0,0,,0,0,0,,,0,0,10.0,1,10,0,70.0,7,0.0,0,0.0,0,0,0,,,0.0,1.1,2,75.0,,0,0,14.3,1,2,0,49.2,79.2,0,19,12.5,4,32,6,81.3,26,92.7,8,18.6,0,54,49,8.2,9.0,2.08,14.0,0,100.0,,0,0,0.0,0,1,0,64.7,81.5,0,17,0.0,0,1,1,100.0,1,118.8,1,2.3,0,17,3,3.0,17.0,17.0,0,-5.4,1,100.0,,0,0,0.0,0,1,0,73.4,90.4,0,11,0.0,0,14,5,100.0,14,85.0,5,11.6,0,22,49,9.8,4.4,1.57,,,,0,,,0,0,,0,0,0,0,0,14.3,2,14,0,78.6,11,0.0,0,0.0,0,0,0,,,0.0,,0,,,0,0,,0,0,0,,,0,0,26.7,4,15,0,60.0,9,0.0,0,0.0,0,0,0,,,0.0,2.0,0,66.7,,0,0,33.3,1,0,0,30.0,29.6,0,7,28.6,8,28,2,67.9,19,72.9,3,7.0,0,11,8,4.0,5.5,0.58,1.7,2,77.8,100.0,1,1,12.5,2,4,0,49.8,76.4,0,19,0.0,0,18,14,100.0,18,90.3,18,41.9,0,102,81,5.8,7.3,5.67
Chester Rogers,10918,WR,TEN,17,43,-3.0,2,77.8,,0,0,12.5,1,0,0,52.1,61.5,1,13,0.0,0,9,7,100.0,9,42.4,9,20.9,0,33,56,8.0,4.7,3.67,-3.6,1,100.0,,0,0,0.0,0,0,0,73.4,72.5,0,13,0.0,0,38,5,94.7,36,86.7,5,11.6,0,24,42,8.4,4.8,0.67,36.0,0,0.0,,0,0,,0,0,0,,58.0,0,0,0.0,0,8,0,87.5,7,39.6,1,2.3,0,0,0,,,0.0,11.5,0,87.5,100.0,2,2,0.0,0,4,0,75.6,93.8,0,20,0.0,0,36,7,94.4,34,112.5,8,18.6,0,88,6,0.9,12.6,2.59,5.9,0,66.7,50.0,2,4,11.1,1,3,0,56.7,83.5,1,13,0.0,0,90,8,96.7,87,75.0,12,27.9,1,70,16,2.0,8.8,0.8,0,29.5,0,50.0,,0,0,0.0,0,1,0,64.7,74.4,0,39,0.0,0,3,1,66.7,2,95.8,2,4.7,0,39,16,16.0,39.0,19.5,31,,0,,,0,0,,0,0,0,,,0,0,0.0,0,4,0,100.0,4,0.0,0,0.0,0,0,0,,,0.0,,0,,,0,0,,0,0,0,,,0,0,0.0,0,7,0,100.0,7,0.0,0,0.0,0,0,0,,,0.0,18.0,0,0.0,,0,0,,0,0,0,,56.2,0,0,0.0,0,13,0,84.6,11,39.6,1,2.3,0,0,0,,,0.0,5.8,0,100.0,,0,0,0.0,0,1,0,73.4,71.7,0,9,0.0,0,22,4,86.4,19,91.7,4,9.3,0,24,1,0.3,6.0,1.26,12.7,0,66.7,100.0,2,2,0.0,0,5,0,76.5,92.8,0,26,0.0,0,14,8,85.7,12,97.2,12,27.9,0,114,13,1.6,14.3,9.5,0,-2.3,1,50.0,,0,0,33.3,1,0,0,29.9,46.7,1,6,0.0,0,10,2,100.0,10,16.7,4,9.3,0,9,14,7.0,4.5,0.9,64.7,78.5,23.0,0,100.0,,0,0,0.0,0,1,0,0,39,0.0,0,10,1,90.0,9,118.8,1,2.3,0,39,16,16.0,39.0,4.33,14.0,0,33.3,,0,0,0.0,0,1,0,64.7,73.4,0,26,0.0,0,16,1,87.5,14,66.0,3,7.0,0,26,7,7.0,26.0,1.86,5.8,0,75.0,0.0,0,1,0.0,0,2,0,70.5,72.7,0,12,0.0,0,26,3,100.0,26,89.6,4,9.3,0,24,8,2.7,8.0,0.92,5.9,0,75.0,40.0,2,5,6.3,1,6,0,67.7,84.9,1,13,0.0,0,23,15,87.0,20,85.0,20,46.5,1,118,25,1.7,7.9,5.9
Jauan Jennings,48027,WR,SF,18,43,-4.0,0,50.0,,0,0,50.0,1,0,0,28.8,43.2,0,6,0.0,0,2,1,100.0,2,56.3,2,4.7,0,6,11,11.0,6.0,3.0,-4.0,0,50.0,,0,0,50.0,1,0,0,28.8,43.2,0,6,0.0,0,18,1,94.4,17,56.3,2,4.7,0,6,11,11.0,6.0,0.35,32.0,0,0.0,,0,0,,0,0,0,,57.1,1,0,0.0,0,7,0,85.7,6,0.0,2,4.7,0,0,0,,,0.0,12.6,0,71.4,100.0,2,2,28.6,2,4,0,29.2,82.0,0,21,0.0,0,34,5,97.1,33,144.0,7,16.3,1,72,9,1.8,14.4,2.18,5.1,1,54.5,0.0,0,1,33.3,3,2,0,27.9,55.1,0,11,0.0,0,69,6,98.6,68,95.6,11,25.6,1,47,17,2.8,7.8,0.69,0,25.3,0,33.3,100.0,1,1,0.0,0,2,0,68.3,82.2,1,25,0.0,0,6,2,100.0,6,63.9,6,14.0,1,49,5,2.5,24.5,8.17,28,,0,,,0,0,,0,0,0,,,0,0,0.0,0,5,0,80.0,4,0.0,0,0.0,0,0,0,,,0.0,,0,,,0,0,,0,0,0,,,0,0,0.0,0,4,0,100.0,4,0.0,0,0.0,0,0,0,,,0.0,11.7,0,66.7,,0,0,0.0,0,2,0,68.3,78.9,0,13,0.0,0,10,2,90.0,9,91.0,3,7.0,0,24,1,0.5,12.0,2.67,3.3,2,100.0,,0,0,0.0,0,3,1,75.6,92.1,0,15,0.0,0,12,6,83.3,10,142.4,6,14.0,1,52,32,5.3,8.7,5.2,12.4,0,58.3,66.7,2,3,22.2,2,6,0,32.2,84.2,0,21,0.0,0,12,7,100.0,12,111.8,12,27.9,1,96,10,1.4,13.7,8.0,0,,0,,,0,0,,0,0,0,,,0,0,0.0,0,5,0,100.0,5,0.0,0,0.0,0,0,0,,,0.0,68.3,87.9,22.0,0,50.0,100.0,1,1,0.0,0,2,0,0,25,0.0,0,10,2,100.0,10,134.4,4,9.3,1,49,5,2.5,24.5,4.9,13.0,0,0.0,0.0,0,1,,0,0,0,,57.1,0,0,0.0,0,10,0,100.0,10,39.6,2,4.7,0,0,0,,,0.0,4.2,2,100.0,100.0,2,2,0.0,0,5,0,74.6,94.3,0,34,0.0,0,19,6,100.0,19,152.8,6,14.0,1,67,42,7.0,11.2,3.53,4.4,5,78.3,66.7,2,3,14.3,3,10,1,45.1,91.4,0,34,0.0,0,24,18,95.8,23,136.3,23,53.5,3,166,91,5.1,9.2,7.22
Jonnu Smith,11855,TE,NE,17,43,-3.9,1,100.0,,0,0,0.0,0,4,1,79.4,84.2,0,28,0.0,0,12,9,75.0,9,107.4,9,20.9,0,88,123,13.7,9.8,9.78,-3.5,0,100.0,,0,0,0.0,0,2,1,76.5,76.0,0,28,19.0,4,21,6,71.4,15,109.0,6,14.0,0,61,82,13.7,10.2,4.07,25.0,0,0.0,0.0,0,1,,0,0,0,,58.8,1,0,25.0,2,8,0,75.0,6,0.0,1,2.3,0,0,0,,,0.0,16.8,0,40.0,0.0,0,1,0.0,0,2,0,68.3,88.9,0,23,34.8,8,23,2,65.2,15,67.9,5,11.6,0,39,12,6.0,19.5,2.6,4.9,0,50.0,50.0,1,2,33.3,3,3,0,27.9,57.8,1,20,2.1,1,47,6,95.7,45,53.5,12,27.9,1,48,21,3.5,8.0,1.07,0,23.0,0,0.0,0.0,0,2,,0,0,0,,54.3,1,0,0.0,0,3,0,100.0,3,0.0,3,7.0,0,0,0,,,0.0,19,-4.7,1,100.0,,0,0,0.0,0,2,0,70.5,86.4,0,12,28.6,2,7,3,71.4,5,104.2,3,7.0,0,27,41,13.7,9.0,5.4,,0,,,0,0,,0,0,0,,,0,0,20.0,1,5,0,80.0,4,0.0,0,0.0,0,0,0,,,0.0,14.0,0,0.0,0.0,0,1,,0,0,0,,58.8,0,0,41.7,5,12,0,58.3,7,39.6,1,2.3,0,0,0,,,0.0,2.2,1,80.0,0.0,0,1,0.0,0,2,0,73.4,90.1,0,19,20.8,5,24,4,75.0,18,108.3,5,11.6,0,50,42,10.5,12.5,2.78,15.6,0,42.9,0.0,0,2,0.0,0,3,0,70.5,93.8,0,23,0.0,0,7,3,100.0,7,68.2,7,16.3,0,51,13,4.3,17.0,7.29,0,,0,,,0,0,,0,0,0,64.7,61.0,0,0,0.0,0,6,0,83.3,5,0.0,0,0.0,0,0,0,,,0.0,,56.7,22.0,0,0.0,0.0,0,1,,0,0,0,0,0,0.0,0,8,0,87.5,7,39.6,2,4.7,0,0,0,,,0.0,11.0,0,100.0,,0,0,0.0,0,1,0,64.7,94.9,0,12,25.0,1,4,1,75.0,3,116.7,1,2.3,0,12,1,1.0,12.0,4.0,3.7,0,85.7,,0,0,0.0,0,3,0,74.6,91.7,0,24,24.0,6,25,6,72.0,18,100.6,7,16.3,0,57,40,6.7,9.5,3.17,4.0,1,66.7,33.3,1,3,15.8,3,8,0,41.6,85.4,1,24,0.0,0,25,16,96.0,24,81.1,24,55.8,1,155,103,6.4,9.7,6.46
Rashard Higgins,10806,WR,CLV,15,43,-2.0,0,100.0,,0,0,0.0,0,0,0,64.7,61.3,0,-2,0.0,0,1,1,100.0,1,79.2,1,2.3,0,-2,0,0.0,-2.0,-2.0,,0,,,0,0,,0,0,0,,,0,0,0.0,0,26,0,100.0,26,0.0,0,0.0,0,0,0,,,0.0,33.5,0,0.0,0.0,0,1,,0,0,0,,57.7,0,0,0.0,0,8,0,100.0,8,39.6,2,4.7,0,0,0,,,0.0,15.7,0,72.7,100.0,1,1,11.1,1,7,0,54.5,93.2,1,21,0.0,0,36,8,88.9,32,73.3,11,25.6,0,128,3,0.4,16.0,4.0,5.1,0,60.0,33.3,1,3,14.3,1,3,0,49.2,66.2,0,14,0.0,0,61,6,100.0,61,75.8,10,23.3,0,57,21,3.5,9.5,0.93,0,30.4,0,0.0,0.0,0,2,,0,0,0,,54.8,0,0,0.0,0,6,0,83.3,5,39.6,5,11.6,0,0,0,,,0.0,8,,0,,,0,0,,0,0,0,,,0,0,0.0,0,3,0,100.0,3,0.0,0,0.0,0,0,0,,,0.0,28.5,0,0.0,,0,0,,0,0,0,,58.5,0,0,0.0,0,9,0,100.0,9,39.6,2,4.7,0,0,0,,,0.0,14.0,0,66.7,50.0,1,2,33.3,1,2,0,29.9,84.7,0,17,0.0,0,7,2,100.0,7,96.5,3,7.0,0,28,0,0.0,14.0,4.0,8.0,0,50.0,0.0,0,1,0.0,0,1,0,64.7,72.8,0,10,0.0,0,27,1,88.9,24,64.6,2,4.7,0,10,1,1.0,10.0,0.42,15.4,0,61.1,50.0,2,4,15.4,2,10,0,43.5,93.7,1,21,0.0,0,18,11,100.0,18,69.7,18,41.9,0,172,5,0.5,15.6,9.56,0,-2.0,0,100.0,,0,0,0.0,0,0,0,64.7,61.3,0,-2,0.0,0,6,1,83.3,5,79.2,1,2.3,0,-2,0,0.0,-2.0,-0.4,,57.1,28.0,0,0.0,0.0,0,1,,0,0,0,0,0,6.7,1,15,0,80.0,12,39.6,1,2.3,0,0,0,,,0.0,15.5,0,25.0,0.0,0,1,0.0,0,1,0,64.7,73.2,0,16,0.0,0,14,1,92.9,13,43.8,4,9.3,0,16,2,2.0,16.0,1.23,6.3,0,71.4,0.0,0,1,16.7,1,2,0,45.8,60.2,0,11,0.0,0,31,5,96.8,30,123.8,7,16.3,1,38,10,2.0,7.6,1.27,5.8,0,63.2,20.0,1,5,14.3,2,6,0,45.7,67.6,0,14,0.0,0,20,12,95.0,19,95.3,19,44.2,1,105,32,2.7,8.8,5.53
Devin Duvernay,40006,WR,BLT,16,42,-3.6,1,100.0,,0,0,0.0,0,1,0,78.0,76.1,0,11,0.0,0,10,10,100.0,10,82.5,10,23.8,0,38,74,7.4,3.8,3.8,-4.0,1,100.0,,0,0,0.0,0,0,0,75.6,70.8,0,8,0.0,0,13,7,92.3,12,80.4,7,16.7,0,23,51,7.3,3.3,1.92,,0,,,0,0,,0,0,0,,,0,0,0.0,0,8,0,75.0,6,0.0,0,0.0,0,0,0,,,0.0,13.8,0,50.0,50.0,1,2,0.0,0,2,0,68.3,91.8,0,15,2.8,1,36,2,94.4,34,104.2,4,9.5,1,20,0,0.0,10.0,0.59,5.8,2,85.7,50.0,2,4,0.0,0,6,0,79.4,88.5,0,18,1.1,1,90,12,95.6,86,102.1,14,33.3,0,119,50,4.2,9.9,1.38,0,37.0,0,33.3,,0,0,0.0,0,1,0,64.7,73.5,0,19,0.0,0,4,1,75.0,3,95.8,3,7.1,1,19,0,0.0,19.0,6.33,3,,0,,,0,0,,0,0,0,,,0,0,0.0,0,7,0,100.0,7,0.0,0,0.0,0,0,0,,,0.0,37.0,0,33.3,,0,0,0.0,0,1,0,64.7,75.3,0,19,0.0,0,12,1,100.0,12,95.8,3,7.1,1,19,0,0.0,19.0,1.58,11.0,0,100.0,,0,0,0.0,0,1,0,64.7,78.2,0,11,0.0,0,6,1,100.0,6,112.5,1,2.4,0,11,0,0.0,11.0,1.83,4.7,0,83.3,,0,0,0.0,0,1,0,73.4,70.4,0,9,0.0,0,28,5,100.0,28,92.4,6,14.3,0,37,13,2.6,7.4,1.32,13.3,0,57.1,33.3,1,3,20.0,1,4,0,42.1,91.1,0,21,0.0,0,7,4,100.0,7,120.2,7,16.7,1,52,6,1.5,13.0,7.43,0,-2.7,0,100.0,,0,0,0.0,0,1,0,70.5,75.5,0,11,0.0,0,18,3,88.9,16,87.5,3,7.1,0,15,23,7.7,5.0,0.94,,59.9,,0,,,0,0,,0,0,0,0,0,0.0,0,19,0,78.9,15,0.0,0,0.0,0,0,0,,,0.0,13.5,0,50.0,0.0,0,1,50.0,1,1,0,28.9,60.0,0,21,0.0,0,16,1,93.8,15,87.5,2,4.8,0,21,6,6.0,21.0,1.4,6.0,0,50.0,,0,0,50.0,1,1,0,28.9,47.6,0,7,0.0,0,53,1,92.5,49,58.3,2,4.8,0,7,3,3.0,7.0,0.14,5.5,2,81.8,50.0,2,4,5.3,1,8,0,69.0,81.5,0,18,0.0,0,23,18,95.7,22,97.5,22,52.4,0,163,66,3.7,9.1,7.41
Mo Alie-Cox,12078,TE,IND,17,42,-2.5,1,75.0,50.0,1,2,0.0,0,1,0,72.1,75.8,1,11,0.0,0,5,3,80.0,4,39.6,4,9.5,0,14,22,7.3,4.7,3.5,-3.0,1,50.0,0.0,0,1,0.0,0,1,0,68.3,80.3,1,11,20.8,5,24,1,75.0,18,27.1,2,4.8,0,11,15,15.0,11.0,0.61,,0,,,0,0,,0,0,0,,,0,0,14.3,1,7,0,85.7,6,0.0,0,0.0,0,0,0,,,0.0,14.6,0,42.9,0.0,0,1,25.0,1,3,0,41.6,90.2,0,28,4.0,1,25,3,92.0,23,75.9,7,16.7,0,64,21,7.0,21.3,2.78,4.4,0,80.0,,0,0,0.0,0,1,0,76.5,80.2,0,28,1.6,1,62,8,98.4,61,99.2,10,23.8,0,78,41,5.1,9.8,1.28,0,29.7,0,16.7,0.0,0,3,50.0,1,1,0,28.8,66.3,0,28,0.0,0,6,1,100.0,6,86.1,6,14.3,1,28,5,5.0,28.0,4.67,14,,0,,,0,0,,0,0,0,,,0,0,16.7,1,6,0,83.3,5,0.0,0,0.0,0,0,0,,,0.0,26.0,0,50.0,0.0,0,1,0.0,0,1,0,64.7,94.0,0,28,22.2,4,18,1,66.7,12,135.4,2,4.8,1,28,5,5.0,28.0,2.33,17.0,0,40.0,100.0,1,1,0.0,0,2,0,68.3,91.9,1,24,25.0,4,16,2,68.8,11,64.6,5,11.9,1,35,5,2.5,17.5,3.18,3.0,2,75.0,,0,0,0.0,0,3,0,70.5,94.8,0,37,0.0,0,25,3,88.0,22,156.3,4,9.5,1,66,54,18.0,22.0,3.0,15.6,0,42.9,50.0,1,2,14.3,1,6,0,52.1,93.4,1,28,0.0,0,16,6,87.5,14,66.4,14,33.3,1,116,27,4.5,19.3,8.29,0,-2.0,0,100.0,100.0,1,1,0.0,0,0,0,68.3,62.0,0,3,0.0,0,3,2,100.0,3,79.2,2,4.8,0,3,7,3.5,1.5,1.0,27.9,34.4,31.5,0,0.0,0.0,0,2,100.0,1,0,0,0,0,7.7,1,13,0,84.6,11,39.6,4,9.5,0,0,0,,,0.0,16.0,0,50.0,,0,0,0.0,0,1,0,64.7,77.7,0,17,10.5,2,19,1,73.7,14,79.2,2,4.8,0,17,1,1.0,17.0,1.21,3.8,0,75.0,,0,0,0.0,0,2,1,70.5,31.9,0,7,31.0,9,29,3,69.0,20,118.8,4,9.5,1,14,5,1.7,4.7,0.7,3.9,2,77.8,,0,0,0.0,0,6,1,80.6,84.7,0,37,0.0,0,18,14,100.0,18,140.3,18,42.9,2,158,100,7.1,11.3,8.78
Darrell Henderson,41193,HB,LA,12,41,-3.7,0,81.3,,0,0,7.1,1,1,0,63.2,68.8,0,17,0.0,0,16,13,100.0,16,79.7,16,39.0,0,50,101,7.8,3.8,3.13,-3.7,0,83.3,,0,0,0.0,0,0,0,73.4,82.0,0,7,4.5,1,22,5,90.9,20,79.2,6,14.6,0,15,34,6.8,3.0,0.75,,0,,,0,0,,0,0,0,,,0,0,7.7,1,13,0,84.6,11,0.0,0,0.0,0,0,0,,,0.0,,0,,,0,0,,0,0,0,,,0,0,12.5,5,40,0,82.5,33,0.0,0,0.0,0,0,0,,,0.0,2.7,1,66.7,33.3,1,3,14.3,1,3,0,49.2,59.9,0,17,12.9,9,70,6,84.3,59,115.5,9,22.0,1,45,29,4.8,7.5,0.76,0,23.0,0,100.0,,0,0,0.0,0,1,0,64.7,90.7,0,25,0.0,0,1,1,100.0,1,158.3,1,2.4,1,25,2,2.0,25.0,25.0,26,-4.3,0,83.3,,0,0,16.7,1,1,0,45.8,51.8,0,17,0.0,0,12,5,100.0,12,86.8,6,14.6,0,29,51,10.2,5.8,2.42,23.0,0,100.0,,0,0,0.0,0,1,0,64.7,90.7,0,25,10.0,2,20,1,80.0,16,158.3,1,2.4,1,25,2,2.0,25.0,1.56,14.5,0,0.0,0.0,0,1,,0,0,0,,57.8,0,0,7.1,1,14,0,92.9,13,39.6,2,4.9,0,0,0,,,0.0,0.8,3,83.3,,0,0,16.7,1,2,0,45.8,62.5,0,23,15.2,5,33,5,84.8,28,95.8,6,14.6,0,42,39,7.8,8.4,1.5,14.5,0,0.0,0.0,0,1,,0,0,0,,56.5,1,0,0.0,0,4,0,100.0,4,0.0,4,9.8,0,0,0,,,0.0,0,-2.8,0,75.0,,0,0,0.0,0,0,0,70.5,64.0,0,4,9.1,1,11,3,90.9,10,77.1,4,9.8,0,6,16,5.3,2.0,0.6,,,,0,,,0,0,,0,0,0,0,0,8.3,1,12,0,83.3,10,0.0,0,0.0,0,0,0,,,0.0,14.5,0,0.0,,0,0,,0,0,0,,58.6,1,0,26.7,4,15,0,73.3,11,0.0,2,4.9,0,0,0,,,0.0,0.8,0,80.0,0.0,0,1,0.0,0,1,0,72.1,62.5,0,7,26.8,11,41,4,73.2,30,118.8,5,12.2,1,14,11,2.8,3.5,0.47,1.7,4,75.0,25.0,1,4,11.8,2,6,0,51.2,62.8,0,23,0.0,0,20,15,100.0,20,119.0,20,48.8,2,101,79,5.3,6.7,5.05
Adam Trautman,109795,TE,NO,13,41,-3.9,0,75.0,100.0,2,2,0.0,0,2,0,74.6,87.9,0,19,0.0,0,8,6,100.0,8,85.4,8,19.5,0,40,62,10.3,6.7,5.0,-4.5,0,66.7,100.0,1,1,0.0,0,2,0,72.1,90.6,0,19,11.1,2,18,4,88.9,16,80.6,6,14.6,0,33,51,12.8,8.3,2.06,23.7,0,66.7,66.7,2,3,0.0,0,2,0,68.3,96.9,0,25,23.1,3,13,2,69.2,9,149.3,3,7.3,1,43,0,0.0,21.5,4.78,10.0,0,0.0,0.0,0,1,,0,0,0,,59.9,0,0,40.0,6,15,0,60.0,9,39.6,1,2.4,0,0,0,,,0.0,4.8,0,70.6,50.0,3,6,7.7,1,4,1,61.8,69.7,0,11,9.2,6,65,12,84.6,55,79.8,17,41.5,0,77,19,1.6,6.4,1.4,0,23.7,0,66.7,66.7,2,3,0.0,0,2,0,68.3,96.9,0,25,0.0,0,3,2,100.0,3,149.3,3,7.3,1,43,0,0.0,21.5,14.33,20,-1.0,0,100.0,100.0,1,1,0.0,0,0,0,64.7,60.4,0,-1,30.0,3,10,1,70.0,7,79.2,1,2.4,0,-1,0,0.0,-1.0,-0.14,,0,,,0,0,,0,0,0,,,0,0,45.5,5,11,0,45.5,5,0.0,0,0.0,0,0,0,,,0.0,15.3,0,66.7,0.0,0,1,0.0,0,2,0,68.3,98.2,0,32,38.1,8,21,2,57.1,12,149.3,3,7.3,1,50,17,8.5,25.0,4.17,,0,,,0,0,,0,0,0,,59.5,0,0,32.0,8,25,0,64.0,16,0.0,0,0.0,0,0,0,,,0.0,14.1,0,44.4,33.3,1,3,20.0,1,4,0,41.6,95.8,1,32,0.0,0,9,4,100.0,9,74.5,9,22.0,1,82,20,5.0,20.5,9.11,0,-3.0,0,100.0,,0,0,0.0,0,0,0,64.7,61.8,0,8,22.2,2,9,1,77.8,7,100.0,1,2.4,0,8,11,11.0,8.0,1.14,,,,0,,,0,0,,0,0,0,0,0,13.3,2,15,0,80.0,12,0.0,0,0.0,0,0,0,,,0.0,14.2,0,40.0,100.0,1,1,33.3,1,2,0,29.9,89.4,1,17,16.7,4,24,2,70.8,17,22.5,5,12.2,0,32,3,1.5,16.0,1.88,3.5,0,75.0,0.0,0,1,0.0,0,1,0,70.5,76.6,0,8,21.2,7,33,3,78.8,26,86.5,4,9.8,0,21,9,3.0,7.0,0.81,4.6,0,71.4,42.9,3,7,6.3,1,5,1,65.6,74.1,0,11,0.0,0,22,15,95.5,21,81.1,21,51.2,0,98,28,1.9,6.5,4.67
DeAndre Carter,9859,WR,WAS,17,41,-2.6,0,60.0,0.0,0,1,0.0,0,1,0,72.1,79.6,1,9,0.0,0,6,3,83.3,5,25.0,5,12.2,0,13,20,6.7,4.3,2.6,-2.5,0,100.0,,0,0,0.0,0,0,0,68.3,76.6,0,9,0.0,0,24,2,91.7,22,89.6,2,4.9,0,11,16,8.0,5.5,0.5,25.0,0,66.7,,0,0,0.0,0,2,0,68.3,92.2,0,26,0.0,0,6,2,100.0,6,109.7,3,7.3,0,48,1,0.5,24.0,8.0,13.6,0,100.0,,0,0,0.0,0,5,0,73.4,93.9,0,24,0.0,0,20,5,85.0,17,118.8,5,12.2,0,82,14,2.8,16.4,4.82,5.7,0,83.3,50.0,1,2,0.0,0,3,0,73.4,91.2,0,18,0.0,0,53,5,96.2,51,102.8,6,14.6,0,52,24,4.8,10.4,1.02,0,27.0,0,36.4,100.0,1,1,20.0,1,4,0,41.6,92.2,1,26,0.0,0,11,4,100.0,11,67.4,11,26.8,2,88,1,0.3,22.0,8.0,32,-2.0,0,50.0,,0,0,0.0,0,1,0,68.3,74.1,1,2,0.0,0,8,1,87.5,7,16.7,2,4.9,0,2,4,4.0,2.0,0.29,30.0,0,25.0,,0,0,0.0,0,1,0,64.7,85.9,1,20,0.0,0,10,1,80.0,8,47.9,4,9.8,1,20,0,0.0,20.0,2.5,16.0,0,100.0,,0,0,0.0,0,1,0,64.7,79.1,0,17,0.0,0,12,1,91.7,11,118.8,1,2.4,0,17,1,1.0,17.0,1.55,3.7,0,66.7,,0,0,0.0,0,1,0,68.3,73.3,0,5,0.0,0,21,2,95.2,20,109.7,3,7.3,1,9,4,2.0,4.5,0.45,14.0,0,70.0,0.0,0,2,12.5,1,7,0,52.5,92.4,0,24,0.0,0,11,7,90.9,10,107.5,10,24.4,0,113,15,2.1,16.1,11.3,0,-4.0,0,0.0,0.0,0,1,,0,0,0,,59.4,0,0,0.0,0,12,0,100.0,12,39.6,1,2.4,0,0,0,,,0.0,28.8,68.6,25.5,0,25.0,100.0,1,1,50.0,1,1,0,0,20,0.0,0,8,1,100.0,8,87.5,4,9.8,1,20,0,0.0,20.0,2.5,14.0,0,25.0,0.0,0,2,50.0,1,1,0,28.9,57.6,0,14,0.0,0,19,1,94.7,18,41.7,4,9.8,0,14,0,0.0,14.0,0.78,3.0,1,50.0,,0,0,25.0,1,1,0,36.2,59.0,0,10,0.0,0,26,3,88.5,23,58.3,6,14.6,0,21,14,4.7,7.0,0.91,4.2,1,66.7,50.0,1,2,9.1,1,5,0,58.5,85.3,0,18,0.0,0,15,10,100.0,15,102.6,15,36.6,1,82,42,4.2,8.2,5.47
Kyle Juszczyk,7912,FB,SF,19,41,-3.5,0,75.0,,0,0,25.0,1,2,0,36.2,60.0,0,26,0.0,0,4,3,100.0,4,103.1,4,9.8,0,37,48,16.0,12.3,9.25,-3.0,0,0.0,,0,0,100.0,1,0,0,27.9,25.8,0,0,0.0,0,22,0,100.0,22,39.6,1,2.4,0,0,0,,,0.0,,0,,,0,0,,0,0,0,,,0,0,25.0,3,12,0,58.3,7,0.0,0,0.0,0,0,0,,,0.0,14.5,0,100.0,100.0,1,1,0.0,0,2,0,68.3,92.5,0,26,10.2,6,59,2,83.1,49,118.8,2,4.9,0,38,9,4.5,19.0,0.78,4.5,1,89.5,50.0,2,4,0.0,0,6,0,82.2,94.0,0,15,11.7,12,103,17,88.3,91,113.2,19,46.3,1,132,58,3.4,7.8,1.45,0,35.0,0,0.0,0.0,0,1,,0,0,0,,58.4,0,0,0.0,0,2,0,100.0,2,39.6,2,4.9,0,0,0,,,0.0,28,-3.0,0,100.0,,0,0,0.0,0,1,0,64.7,90.3,0,26,12.5,1,8,1,87.5,7,118.8,1,2.4,0,26,29,29.0,26.0,3.71,41.0,0,0.0,0.0,0,1,,0,0,0,,60.0,0,0,42.9,3,7,0,57.1,4,39.6,1,2.4,0,0,0,,,0.0,15.0,0,50.0,,0,0,0.0,0,1,0,64.7,66.3,0,13,33.3,5,15,1,60.0,9,70.8,2,4.9,0,13,2,2.0,13.0,1.44,4.8,1,100.0,,0,0,0.0,0,2,0,73.4,91.8,0,18,22.2,4,18,5,77.8,14,106.7,5,12.2,0,48,24,4.8,9.6,3.43,14.6,0,57.1,100.0,2,2,0.0,0,4,0,72.1,94.5,0,26,0.0,0,7,4,100.0,7,86.0,7,17.1,0,61,11,2.8,15.3,8.71,0,-4.0,0,100.0,,0,0,0.0,0,1,0,68.3,70.9,0,10,0.0,0,5,2,100.0,5,89.6,2,4.9,0,11,19,9.5,5.5,2.2,,59.8,29.0,0,0.0,,0,0,,0,0,0,0,0,42.9,3,7,0,57.1,4,39.6,1,2.4,0,0,0,,,0.0,14.3,0,33.3,100.0,1,1,0.0,0,1,0,64.7,92.6,0,10,21.4,3,14,1,78.6,11,43.8,3,7.3,0,10,0,0.0,10.0,0.91,4.8,0,75.0,,0,0,0.0,0,2,0,70.5,89.6,0,16,13.0,3,23,3,78.3,18,99.0,4,9.8,0,33,23,7.7,11.0,1.83,4.6,2,89.3,50.0,2,4,0.0,0,10,0,85.7,95.4,0,18,0.0,0,28,25,100.0,28,110.3,28,68.3,1,213,105,4.2,8.5,7.61
Ryan Griffin,7982,TE,NYJ,14,41,-2.0,0,100.0,,0,0,0.0,0,0,1,70.5,28.4,0,4,0.0,0,3,2,66.7,2,79.2,2,4.9,0,4,8,4.0,2.0,2.0,-3.0,0,100.0,,0,0,0.0,0,0,0,68.3,63.0,0,0,8.0,2,25,1,88.0,22,79.2,1,2.4,0,0,3,3.0,0.0,0.0,,0,,,0,0,,0,0,0,,,0,0,62.5,5,8,0,25.0,2,0.0,0,0.0,0,0,0,,,0.0,14.4,0,40.0,,0,0,0.0,0,2,0,68.3,91.2,2,21,33.3,11,33,2,66.7,22,63.8,5,12.2,1,34,7,3.5,17.0,1.55,3.4,0,75.0,100.0,1,1,18.2,2,4,0,41.4,73.0,0,22,10.0,6,60,9,88.3,53,92.4,12,29.3,0,80,50,5.6,8.9,1.51,0,25.0,0,0.0,,0,0,,0,0,0,,56.5,0,0,0.0,0,2,0,50.0,1,39.6,1,2.4,0,0,0,,,0.0,22,,0,,,0,0,,0,0,0,,,0,0,18.2,2,11,0,81.8,9,0.0,0,0.0,0,0,0,,,0.0,25.0,0,0.0,,0,0,,0,0,0,,56.5,0,0,23.5,4,17,0,52.9,9,39.6,1,2.4,0,0,0,,,0.0,13.7,0,66.7,100.0,1,1,0.0,0,2,0,68.3,91.8,0,15,29.4,5,17,2,70.6,12,97.9,3,7.3,0,29,1,0.5,14.5,2.42,2.8,0,100.0,,0,0,0.0,0,2,0,72.1,93.1,0,29,14.9,7,47,4,83.0,39,118.8,4,9.8,0,62,51,12.8,15.5,1.59,14.6,0,44.4,100.0,1,1,0.0,0,4,0,72.1,93.5,2,21,0.0,0,9,4,100.0,9,65.7,9,22.0,1,63,8,2.0,15.8,7.0,0,-1.0,0,100.0,,0,0,0.0,0,0,1,64.7,22.9,0,4,10.0,1,10,1,90.0,9,83.3,1,2.4,0,4,5,5.0,4.0,0.44,,,,0,,,0,0,,0,0,0,0,0,21.4,3,14,0,57.1,8,0.0,0,0.0,0,0,0,,,0.0,18.0,0,0.0,,0,0,,0,0,0,,58.6,0,0,25.0,4,16,0,75.0,12,39.6,1,2.4,0,0,0,,,0.0,3.8,0,61.5,0.0,0,2,11.1,1,4,0,54.9,79.6,0,16,15.0,6,40,8,80.0,32,95.7,13,31.7,1,52,28,3.5,6.5,1.63,3.5,0,72.4,33.3,1,3,12.5,3,10,0,49.5,90.0,0,29,0.0,0,30,21,96.7,29,101.8,29,70.7,1,194,129,6.1,9.2,6.69
Demarcus Robinson,10760,WR,KC,19,41,-6.0,0,100.0,,0,0,0.0,0,0,0,68.3,61.8,0,7,0.0,0,2,2,100.0,2,93.8,2,4.9,0,13,25,12.5,6.5,6.5,-6.0,0,100.0,,0,0,0.0,0,0,0,68.3,61.8,0,7,0.0,0,53,2,94.3,50,93.8,2,4.9,0,13,25,12.5,6.5,0.26,37.5,0,100.0,100.0,1,1,0.0,0,2,0,68.3,95.3,0,33,0.0,0,13,2,84.6,11,158.3,2,4.9,2,62,0,0.0,31.0,5.64,13.2,0,66.7,,0,0,0.0,0,3,0,72.1,91.8,1,18,0.0,0,49,4,91.8,45,54.9,6,14.6,0,53,-1,-0.3,13.3,1.18,5.4,0,83.3,,0,0,9.1,1,6,0,58.5,87.8,0,29,0.0,0,127,10,97.6,124,102.8,12,29.3,0,104,47,4.7,10.4,0.84,0,29.1,0,50.0,50.0,1,2,0.0,0,4,0,72.1,96.1,0,33,0.0,0,9,4,88.9,8,135.4,8,19.5,3,113,1,0.3,28.3,14.13,16,,0,,,0,0,,0,0,0,,,0,0,0.0,0,25,0,96.0,24,0.0,0,0.0,0,0,0,,,0.0,30.0,0,0.0,,0,0,,0,0,0,,58.6,0,0,0.0,0,11,0,100.0,11,39.6,2,4.9,0,0,0,,,0.0,10.0,0,0.0,,0,0,,0,0,0,,59.3,0,0,4.5,1,22,0,68.2,15,39.6,1,2.4,0,0,0,,,0.0,4.0,0,80.0,,0,0,0.0,0,1,0,72.1,81.3,0,10,0.0,0,40,4,95.0,38,88.3,5,12.2,0,26,12,3.0,6.5,0.68,12.9,0,50.0,0.0,0,1,0.0,0,4,0,73.4,91.6,1,18,0.0,0,10,5,100.0,10,31.3,10,24.4,0,65,0,0.0,13.0,6.5,0,,0,,,0,0,,0,0,0,,,0,0,0.0,0,16,0,93.8,15,0.0,0,0.0,0,0,0,,,0.0,68.3,93.0,24.5,0,50.0,0.0,0,1,0.0,0,2,0,0,27,0.0,0,30,2,76.7,23,135.4,4,9.8,1,51,1,0.5,25.5,2.22,13.3,0,33.3,0.0,0,1,0.0,0,1,0,64.7,74.9,0,12,0.0,0,27,1,100.0,27,46.5,3,7.3,0,12,1,1.0,12.0,0.44,4.0,1,100.0,100.0,1,1,0.0,0,1,0,72.1,72.1,0,8,4.8,2,42,4,83.3,35,86.5,4,9.8,0,19,3,0.8,4.8,0.54,4.8,1,85.7,100.0,1,1,5.3,1,8,0,68.7,90.2,0,29,0.0,0,22,18,95.5,21,96.2,21,51.2,0,149,62,3.4,8.3,7.1
James Conner,11860,HB,ARZ,16,41,-2.7,7,96.2,,0,0,0.0,0,8,0,85.7,94.3,1,45,0.0,0,26,25,100.0,26,96.8,26,63.4,1,208,275,11.0,8.3,8.0,-2.7,7,94.4,,0,0,0.0,0,8,0,82.2,95.3,1,45,6.0,3,50,17,94.0,47,107.4,18,43.9,1,196,240,14.1,11.5,4.17,,0,,,0,0,,0,0,0,,,0,0,50.0,3,6,0,50.0,3,0.0,0,0.0,0,0,0,,,0.0,11.0,0,100.0,,0,0,0.0,0,1,0,64.7,81.6,0,13,35.7,10,28,1,60.7,17,118.8,1,2.4,0,13,2,2.0,13.0,0.76,3.6,2,100.0,100.0,1,1,0.0,0,6,0,76.5,95.2,0,21,22.6,14,62,8,74.2,46,112.5,8,19.5,0,88,59,7.4,11.0,1.91,0,,0,,,0,0,,0,0,0,,59.1,0,0,0.0,0,1,0,0.0,0,0.0,0,0.0,0,0,0,,,,1,-2.7,0,100.0,,0,0,0.0,0,0,0,70.5,71.6,0,14,16.7,2,12,3,83.3,10,97.2,3,7.3,0,22,30,10.0,7.3,2.2,,0,,,0,0,,0,0,0,,,0,0,28.6,4,14,0,64.3,9,0.0,0,0.0,0,0,0,,,0.0,,0,,,0,0,,0,0,0,,,0,0,44.4,4,9,0,44.4,4,0.0,0,0.0,0,0,0,,,0.0,2.5,2,100.0,,0,0,0.0,0,2,0,68.3,95.3,0,20,37.5,6,16,2,56.3,9,158.3,2,4.9,1,30,25,12.5,15.0,3.33,13.0,0,50.0,0.0,0,1,0.0,0,1,0,64.7,79.5,0,13,0.0,0,2,1,100.0,2,70.8,2,4.9,0,13,2,2.0,13.0,6.5,0,-3.0,0,100.0,,0,0,0.0,0,0,0,73.4,70.0,0,6,10.5,2,19,5,89.5,17,79.2,5,12.2,0,4,19,3.8,0.8,0.24,,59.1,,0,,,0,0,,0,0,0,0,0,50.0,10,20,0,40.0,8,0.0,0,0.0,0,0,0,,,0.0,15.0,0,0.0,0.0,0,1,,0,0,0,,59.7,0,0,21.7,5,23,0,73.9,17,39.6,1,2.4,0,0,0,,,0.0,3.7,1,66.7,,0,0,0.0,0,1,0,68.3,91.8,0,23,47.4,9,19,2,52.6,10,141.7,3,7.3,1,32,24,12.0,16.0,3.2,3.5,5,92.3,100.0,1,1,0.0,0,9,0,79.4,98.3,0,23,0.0,0,13,12,100.0,13,154.3,13,31.7,2,150,108,9.0,12.5,11.54
Albert Okwuegbunam,41933,TE,DEN,14,40,-2.4,3,100.0,100.0,1,1,0.0,0,4,1,79.4,90.5,0,12,0.0,0,12,11,91.7,11,123.3,11,27.5,2,45,71,6.5,4.1,4.09,-3.0,1,100.0,100.0,1,1,0.0,0,1,0,72.1,92.4,0,10,11.1,1,9,3,77.8,7,83.3,3,7.5,0,12,21,7.0,4.0,1.71,,0,,,0,0,,0,0,0,,,0,0,75.0,3,4,0,25.0,1,0.0,0,0.0,0,0,0,,,0.0,13.3,0,66.7,,0,0,0.0,0,2,0,68.3,96.5,0,24,9.1,1,11,2,81.8,9,109.7,3,7.5,0,43,15,7.5,21.5,4.78,5.8,1,90.0,100.0,2,2,10.0,1,4,0,56.7,92.0,0,64,2.2,1,46,9,93.5,43,118.8,10,25.0,0,132,82,9.1,14.7,3.07,0,28.0,0,0.0,0.0,0,1,100.0,1,0,0,27.9,29.7,0,0,0.0,0,4,0,100.0,4,39.6,4,10.0,0,0,0,,,0.0,10,-2.0,0,100.0,,0,0,0.0,0,0,1,70.5,27.9,0,6,0.0,0,7,3,85.7,6,79.2,3,7.5,0,5,11,3.7,1.7,0.83,,0,,,0,0,,0,0,0,,,0,0,31.3,5,16,0,56.3,9,0.0,0,0.0,0,0,0,,,0.0,,0,,,0,0,,0,0,0,,,0,0,50.0,5,10,0,40.0,4,0.0,0,0.0,0,0,0,,,0.0,5.5,0,100.0,,0,0,0.0,0,1,0,72.1,86.3,0,24,25.0,5,20,4,70.0,14,112.5,4,10.0,0,44,22,5.5,11.0,3.14,13.3,0,66.7,,0,0,0.0,0,2,0,68.3,96.5,0,24,0.0,0,3,2,100.0,3,109.7,3,7.5,0,43,15,7.5,21.5,14.33,0,-2.2,2,100.0,,0,0,0.0,0,3,0,73.4,94.0,0,12,0.0,0,12,5,100.0,12,129.6,5,12.5,2,28,39,7.8,5.6,2.33,27.9,29.7,28.0,0,0.0,0.0,0,1,100.0,1,0,0,0,0,25.0,3,12,0,75.0,9,39.6,4,10.0,0,0,0,,,0.0,,0,,,0,0,,0,0,0,,,0,0,57.1,4,7,0,28.6,2,0.0,0,0.0,0,0,0,,,0.0,1.9,1,87.5,,0,0,0.0,0,4,0,41.2,92.8,0,16,3.4,1,29,7,93.1,27,101.0,8,20.0,0,66,55,7.9,9.4,2.44,4.3,2,90.9,100.0,2,2,4.8,1,9,0,52.2,94.4,0,64,0.0,0,23,20,95.7,22,112.5,22,55.0,0,242,159,8.0,12.1,11.0
Christian McCaffrey,11763,HB,CAR,7,40,-3.5,1,90.0,,0,0,0.0,0,3,0,78.7,91.1,0,11,0.0,0,12,9,83.3,10,81.3,10,25.0,0,35,69,7.7,3.9,3.5,-3.8,0,100.0,,0,0,0.0,0,1,0,73.4,83.1,0,11,8.3,1,12,4,83.3,10,83.3,4,10.0,0,16,31,7.8,4.0,1.6,24.0,0,100.0,,0,0,0.0,0,1,0,64.7,90.4,0,27,66.7,2,3,1,33.3,1,158.3,1,2.5,1,27,3,3.0,27.0,27.0,,0,,,0,0,,0,0,0,,,0,0,26.3,5,19,0,73.7,14,0.0,0,0.0,0,0,0,,,0.0,3.8,5,88.2,,0,0,0.0,0,10,0,81.7,96.4,0,32,10.5,4,38,15,81.6,31,114.2,17,42.5,0,194,133,8.9,12.9,6.26,0,24.0,0,100.0,,0,0,0.0,0,1,0,64.7,90.4,0,27,0.0,0,1,1,100.0,1,158.3,1,2.5,1,27,3,3.0,27.0,27.0,5,-6.0,0,100.0,,0,0,0.0,0,0,0,68.3,82.6,0,1,0.0,0,4,1,75.0,3,79.2,1,2.5,0,1,7,7.0,1.0,0.33,,0,,,0,0,,0,0,0,,,0,0,0.0,0,2,0,100.0,2,0.0,0,0.0,0,0,0,,,0.0,,0,,,0,0,,0,0,0,,,0,0,20.0,1,5,0,80.0,4,0.0,0,0.0,0,0,0,,,0.0,1.7,1,100.0,100.0,1,1,0.0,0,4,0,74.6,92.5,0,19,16.7,3,18,6,77.8,14,105.6,6,15.0,0,56,46,7.7,9.3,4.0,,0,,,0,0,,0,0,0,,,0,0,,0,0,0,,0,0.0,0,0.0,0,0,0,,,,0,-2.8,1,80.0,,0,0,0.0,0,2,0,72.1,85.9,0,11,0.0,0,7,4,100.0,7,81.7,5,12.5,0,18,31,7.8,4.5,2.57,,,,0,,,0,0,,0,0,0,0,0,25.0,1,4,0,75.0,3,0.0,0,0.0,0,0,0,,,0.0,,0,,,0,0,,0,0,0,,,0,0,40.0,2,5,0,60.0,3,0.0,0,0.0,0,0,0,,,0.0,2.2,1,100.0,,0,0,0.0,0,3,0,74.6,89.7,0,10,0.0,0,14,6,100.0,14,88.2,6,15.0,0,31,18,3.0,5.2,2.21,3.0,7,93.1,100.0,1,1,0.0,0,17,0,86.9,97.2,0,32,0.0,0,30,27,96.7,29,107.0,29,72.5,0,281,197,7.3,10.4,9.69
Durham Smythe,47257,TE,MIA,17,39,-1.5,0,100.0,,0,0,0.0,0,0,0,70.5,88.9,0,7,0.0,0,3,2,66.7,2,85.4,2,5.1,0,9,12,6.0,4.5,4.5,-2.0,0,100.0,,0,0,0.0,0,0,0,64.7,63.0,0,2,22.2,6,27,1,77.8,21,79.2,1,2.6,0,2,4,4.0,2.0,0.1,23.0,0,0.0,,0,0,,0,0,0,,59.8,0,0,37.5,3,8,0,62.5,5,39.6,1,2.6,0,0,0,,,0.0,14.0,0,100.0,,0,0,0.0,0,3,0,73.4,94.4,0,21,27.1,13,48,5,66.7,32,118.8,5,12.8,0,84,14,2.8,16.8,2.63,2.6,0,90.0,0.0,0,1,10.0,1,2,0,57.0,75.6,0,23,13.9,10,72,9,83.3,60,97.1,10,25.6,0,73,51,5.7,8.1,1.22,0,22.5,0,50.0,,0,0,0.0,0,1,0,64.7,86.4,0,25,0.0,0,2,1,100.0,2,95.8,2,5.1,0,25,3,3.0,25.0,12.5,17,-1.0,0,100.0,,0,0,0.0,0,0,0,68.3,89.7,0,7,29.4,5,17,1,64.7,11,95.8,1,2.6,0,7,8,8.0,7.0,0.64,22.0,0,100.0,,0,0,0.0,0,1,0,64.7,90.5,0,25,31.3,5,16,1,43.8,7,118.8,1,2.6,0,25,3,3.0,25.0,3.57,13.5,0,100.0,,0,0,0.0,0,2,0,68.3,93.7,0,18,19.0,4,21,2,76.2,16,118.8,2,5.1,0,35,8,4.0,17.5,2.19,1.5,0,100.0,100.0,1,1,0.0,0,4,0,78.7,92.2,0,15,11.8,6,51,11,84.3,43,97.0,11,28.2,0,80,63,5.7,7.3,1.86,14.2,0,81.8,33.3,1,3,0.0,0,7,0,77.3,97.2,1,21,0.0,0,12,9,91.7,11,80.9,11,28.2,0,158,31,3.4,17.6,14.36,0,,0,,,0,0,,0,0,0,,,0,0,40.0,4,10,0,60.0,6,0.0,0,0.0,0,0,0,,,0.0,,,,0,,,0,0,,0,0,0,0,0,36.4,4,11,0,45.5,5,0.0,0,0.0,0,0,0,,,0.0,14.8,0,50.0,33.3,1,3,0.0,0,2,0,68.3,92.1,1,21,33.3,5,15,2,66.7,10,44.8,4,10.3,0,39,9,4.5,19.5,3.9,5.0,0,66.7,,0,0,0.0,0,1,0,68.3,88.8,0,8,21.1,8,38,2,78.9,30,74.3,3,7.7,0,12,5,2.5,6.0,0.4,2.4,0,91.7,50.0,1,2,4.3,1,7,0,72.3,91.6,0,23,0.0,0,24,22,100.0,24,95.3,24,61.5,0,165,119,5.4,7.5,6.88
Randall Cobb,6216,WR,GB,13,39,-3.0,1,100.0,,0,0,0.0,0,2,0,70.5,91.8,0,27,0.0,0,3,3,100.0,3,118.1,3,7.7,0,37,46,15.3,12.3,12.33,,0,,,0,0,,0,0,0,,,0,0,0.0,0,23,0,100.0,23,0.0,0,0.0,0,0,0,,,0.0,40.5,0,50.0,0.0,0,1,0.0,0,1,0,64.7,89.9,0,25,0.0,0,11,1,90.9,10,95.8,2,5.1,0,25,4,4.0,25.0,2.5,14.1,0,87.5,100.0,4,4,0.0,0,6,0,75.6,97.0,0,54,0.0,0,26,7,96.2,25,158.3,8,20.5,1,134,44,6.3,19.1,5.36,5.1,1,75.0,0.0,0,1,0.0,0,3,0,74.6,83.9,0,12,0.0,0,45,6,86.7,39,127.6,8,20.5,1,45,13,2.2,7.5,1.15,0,33.0,0,60.0,50.0,1,2,0.0,0,3,0,70.5,96.1,0,35,0.0,0,5,3,100.0,5,104.2,5,12.8,0,92,7,2.3,30.7,18.4,12,-2.0,1,100.0,,0,0,0.0,0,1,0,64.7,90.9,0,27,0.0,0,11,1,100.0,11,118.8,1,2.6,0,27,29,29.0,27.0,2.45,29.0,0,100.0,,0,0,0.0,0,1,0,64.7,91.0,0,32,0.0,0,12,1,100.0,12,118.8,1,2.6,0,32,3,3.0,32.0,2.67,15.3,0,33.3,0.0,0,1,0.0,0,1,0,64.7,86.2,0,23,0.0,0,11,1,100.0,11,101.4,3,7.7,1,23,10,10.0,23.0,2.09,3.4,0,55.6,0.0,0,3,0.0,0,3,0,73.4,83.1,0,15,0.0,0,36,5,94.4,34,63.2,9,23.1,0,32,24,4.8,6.4,0.94,14.5,0,72.7,80.0,4,5,0.0,0,7,0,76.5,97.2,0,54,0.0,0,11,8,100.0,11,154.4,11,28.2,2,157,54,6.8,19.6,14.27,0,-3.5,0,100.0,,0,0,0.0,0,1,0,68.3,76.6,0,6,0.0,0,11,2,100.0,11,87.5,2,5.1,0,10,17,8.5,5.0,0.91,64.7,90.5,27.5,0,50.0,100.0,1,1,0.0,0,1,0,0,35,0.0,0,20,1,80.0,16,95.8,2,5.1,0,35,0,0.0,35.0,2.19,,0,,,0,0,,0,0,0,,,0,0,0.0,0,10,0,90.0,9,0.0,0,0.0,0,0,0,,,0.0,6.0,0,100.0,100.0,2,2,0.0,0,2,0,70.5,92.0,0,9,0.0,0,27,3,100.0,27,122.9,3,7.7,2,12,0,0.0,4.0,0.44,4.5,1,70.0,33.3,2,6,0.0,0,8,0,80.6,92.3,0,15,0.0,0,20,14,100.0,20,118.5,20,51.3,3,89,37,2.6,6.4,4.45
David Johnson,9519,HB,HST,13,39,-3.1,4,93.8,,0,0,0.0,0,4,0,81.1,93.8,1,16,0.0,0,16,15,100.0,16,68.0,16,41.0,0,105,151,10.1,7.0,6.56,-3.5,3,90.9,,0,0,0.0,0,2,0,78.0,92.1,1,16,19.2,5,26,10,80.8,21,53.4,11,28.2,0,65,101,10.1,6.5,3.1,,0,,,0,0,,0,0,0,,,0,0,50.0,1,2,0,50.0,1,0.0,0,0.0,0,0,0,,,0.0,,0,,,0,0,,0,0,0,,,0,0,27.3,3,11,0,63.6,7,0.0,0,0.0,0,0,0,,,0.0,4.2,0,100.0,100.0,2,2,0.0,0,3,0,49.2,81.8,0,14,10.5,4,38,6,86.8,33,98.6,6,15.4,0,46,21,3.5,7.7,1.39,0,32.0,0,0.0,,0,0,,0,0,0,,59.7,0,0,0.0,0,1,0,100.0,1,39.6,1,2.6,0,0,0,,,0.0,13,-2.0,1,100.0,,0,0,0.0,0,1,0,64.7,81.8,0,15,0.0,0,4,1,100.0,4,118.8,1,2.6,0,15,17,17.0,15.0,3.75,,0,,,0,0,,0,0,0,,,0,0,20.0,1,5,0,60.0,3,0.0,0,0.0,0,0,0,,,0.0,13.0,0,0.0,,0,0,100.0,1,0,0,27.9,25.8,0,0,18.2,2,11,0,81.8,9,39.6,1,2.6,0,0,0,,,0.0,4.8,2,83.3,100.0,1,1,0.0,0,3,0,73.4,90.8,0,12,13.6,3,22,5,86.4,19,136.8,6,15.4,1,44,19,3.8,8.8,2.32,16.0,0,0.0,,0,0,100.0,1,0,0,27.9,25.7,0,0,0.0,0,2,0,100.0,2,39.6,2,5.1,0,0,0,,,0.0,0,-2.0,0,100.0,,0,0,0.0,0,1,0,72.1,90.0,0,9,16.7,1,6,4,66.7,4,92.7,4,10.3,0,25,33,8.3,6.3,6.25,,59.7,32.0,0,0.0,,0,0,,0,0,0,0,0,18.2,2,11,0,72.7,8,39.6,1,2.6,0,0,0,,,0.0,19.0,0,0.0,,0,0,,0,0,0,,59.7,0,0,15.4,2,13,0,69.2,9,39.6,1,2.6,0,0,0,,,0.0,3.6,0,75.0,,0,0,0.0,0,1,0,74.6,72.3,0,8,35.9,14,39,6,64.1,25,80.2,8,20.5,0,30,6,1.0,5.0,1.2,4.2,2,85.0,100.0,3,3,0.0,0,7,0,67.7,90.1,0,14,0.0,0,21,17,95.2,20,108.3,20,51.3,1,120,46,2.7,7.1,6.0
Freddie Swain,26448,WR,SEA,17,39,-3.3,1,90.9,0.0,0,1,0.0,0,1,0,78.0,63.0,0,7,0.0,0,11,10,100.0,11,79.2,11,28.2,0,31,63,6.3,3.1,2.82,-2.7,0,100.0,,0,0,0.0,0,0,0,70.5,75.3,0,7,0.0,0,23,3,95.7,22,87.5,3,7.7,0,15,23,7.7,5.0,0.68,33.0,0,100.0,,0,0,0.0,0,2,0,68.3,90.6,0,68,0.0,0,14,2,78.6,11,158.3,2,5.1,2,100,34,17.0,50.0,9.09,15.0,0,0.0,,0,0,,0,0,0,28.0,40.2,0,0,0.0,0,23,0,82.6,19,39.6,2,5.1,0,0,0,,,0.0,6.2,1,55.6,66.7,2,3,0.0,0,2,0,73.4,77.3,0,28,1.5,1,66,5,95.5,63,76.6,9,23.1,0,61,30,6.0,12.2,0.97,0,32.4,0,60.0,0.0,0,1,0.0,0,3,0,70.5,91.2,0,68,0.0,0,5,3,100.0,5,143.8,5,12.8,2,158,71,23.7,52.7,31.6,29,-3.8,1,83.3,0.0,0,1,0.0,0,1,0,73.4,52.5,0,7,6.7,1,15,5,86.7,13,79.2,6,15.4,0,10,29,5.8,2.0,0.77,32.0,0,50.0,0.0,0,1,0.0,0,1,0,64.7,77.9,0,58,7.4,2,27,1,92.6,25,95.8,2,5.1,0,58,37,37.0,58.0,2.32,16.0,0,50.0,0.0,0,1,0.0,0,1,0,64.7,77.1,0,25,0.0,0,13,1,84.6,11,135.4,2,5.1,1,25,6,6.0,25.0,2.27,3.7,1,66.7,,0,0,0.0,0,2,0,68.3,88.3,0,25,0.0,0,40,2,100.0,40,109.0,3,7.7,0,37,30,15.0,18.5,0.93,14.8,0,33.3,50.0,1,2,0.0,0,2,0,30.0,75.1,0,25,0.0,0,9,2,66.7,6,95.8,6,15.4,2,38,6,3.0,19.0,6.33,0,-2.5,0,100.0,,0,0,0.0,0,0,0,68.3,62.1,0,5,8.3,1,12,2,91.7,11,79.2,2,5.1,0,6,11,5.5,3.0,0.55,,59.9,32.0,0,0.0,,0,0,,0,0,0,0,0,0.0,0,23,0,87.0,20,39.6,1,2.6,0,0,0,,,0.0,13.5,0,50.0,100.0,1,1,0.0,0,1,0,64.7,89.7,0,13,0.0,0,21,1,90.5,19,110.4,2,5.1,1,13,0,0.0,13.0,0.68,4.0,0,60.0,,0,0,25.0,1,2,0,36.2,62.8,0,9,0.0,0,40,3,100.0,40,67.1,5,12.8,0,18,9,3.0,6.0,0.45,5.1,2,58.8,66.7,2,3,9.1,1,6,0,58.5,82.6,0,28,0.0,0,17,10,100.0,17,79.5,17,43.6,0,116,69,6.9,11.6,6.82
Devonta Freeman,8738,HB,BLT,16,38,-2.9,7,100.0,,0,0,0.0,0,3,0,64.4,85.1,0,15,0.0,0,15,14,93.3,14,86.3,14,36.8,0,66,107,7.6,4.7,4.71,-3.2,4,100.0,,0,0,0.0,0,2,0,45.8,68.7,0,15,11.1,1,9,5,77.8,7,98.3,5,13.2,0,38,54,10.8,7.6,5.43,,0,,,0,0,,0,0,0,,,0,0,10.0,1,10,0,80.0,8,0.0,0,0.0,0,0,0,,,0.0,,0,,,0,0,,0,0,0,,,0,0,3.4,1,29,0,96.6,28,0.0,0,0.0,0,0,0,,,0.0,3.1,0,100.0,100.0,1,1,0.0,0,4,0,80.0,92.3,0,15,8.4,7,83,13,90.4,75,96.8,13,34.2,0,94,54,4.2,7.2,1.25,0,,0,,,0,0,,0,0,0,,,0,0,,0,0,0,,0,0.0,0,0.0,0,0,0,,,,3,-1.5,0,100.0,,0,0,0.0,0,0,0,68.3,69.6,0,6,0.0,0,7,2,85.7,6,81.3,2,5.3,0,7,10,5.0,3.5,1.17,,0,,,0,0,,0,0,0,,,0,0,16.7,1,6,0,66.7,4,0.0,0,0.0,0,0,0,,,0.0,,0,,,0,0,,0,0,0,,,0,0,25.0,1,4,0,75.0,3,0.0,0,0.0,0,0,0,,,0.0,0.0,0,50.0,,0,0,0.0,0,0,0,64.7,64.6,0,1,25.0,5,20,1,75.0,15,56.3,2,5.3,0,1,1,1.0,1.0,0.07,,0,,,0,0,,0,0,0,,,0,0,,0,0,0,,0,0.0,0,0.0,0,0,0,,,,0,-3.1,3,100.0,,0,0,0.0,0,1,0,75.6,89.2,0,8,13.3,2,15,7,86.7,13,79.2,7,18.4,0,21,43,6.1,3.0,1.62,,,,0,,,0,0,,0,0,0,0,0,5.9,1,17,0,70.6,12,0.0,0,0.0,0,0,0,,,0.0,,0,,,0,0,,0,0,0,,,0,0,25.0,3,12,0,66.7,8,0.0,0,0.0,0,0,0,,,0.0,2.4,0,66.7,,0,0,0.0,0,2,0,74.6,84.3,0,9,24.0,12,50,6,72.0,36,108.1,9,23.7,1,29,24,4.0,4.8,0.81,2.6,0,83.3,100.0,1,1,0.0,0,6,0,83.6,92.8,0,15,0.0,0,24,20,100.0,24,102.1,24,63.2,1,124,79,4.0,6.2,5.17
Tavon Austin,7789,WR,JAX,13,38,-2.4,1,100.0,,0,0,0.0,0,1,0,73.4,72.6,0,9,0.0,0,5,5,100.0,5,79.2,5,13.2,0,12,24,4.8,2.4,2.4,-2.7,0,100.0,,0,0,0.0,0,0,0,70.5,62.3,0,4,0.0,0,12,3,91.7,11,79.2,3,7.9,0,8,16,5.3,2.7,0.73,,0,,,0,0,,0,0,0,,,0,0,0.0,0,3,0,66.7,2,0.0,0,0.0,0,0,0,,,0.0,12.6,0,60.0,50.0,1,2,0.0,0,3,0,70.5,89.8,0,18,0.0,0,15,3,100.0,15,123.3,5,13.2,1,38,10,3.3,12.7,2.53,5.4,1,62.5,50.0,1,2,0.0,0,2,0,73.4,76.6,2,14,0.0,0,43,5,100.0,43,36.5,8,21.1,0,42,15,3.0,8.4,0.98,0,30.3,0,16.7,,0,0,0.0,0,1,0,64.7,70.5,1,25,0.0,0,6,1,100.0,6,4.9,6,15.8,0,25,0,0.0,25.0,4.17,15,-1.0,0,100.0,,0,0,0.0,0,0,0,64.7,60.8,0,-5,0.0,0,6,1,100.0,6,79.2,1,2.6,0,-5,-4,-4.0,-5.0,-0.83,32.8,0,0.0,,0,0,,0,0,0,,56.5,1,0,0.0,0,5,0,100.0,5,0.0,4,10.5,0,0,0,,,0.0,11.0,1,66.7,,0,0,33.3,1,2,0,29.9,83.5,0,22,0.0,0,10,2,90.0,9,103.5,3,7.9,0,33,12,6.0,16.5,3.67,3.5,0,66.7,,0,0,20.0,1,0,0,41.6,50.4,0,7,0.0,0,22,4,100.0,22,70.1,6,15.8,0,18,5,1.3,4.5,0.82,12.8,1,70.0,50.0,1,2,12.5,1,7,0,52.1,93.1,0,22,0.0,0,10,7,100.0,10,137.5,10,26.3,1,105,24,3.4,15.0,10.5,0,-3.0,1,100.0,,0,0,0.0,0,1,0,64.7,78.3,0,9,0.0,0,3,1,100.0,3,104.2,1,2.6,0,9,12,12.0,9.0,3.0,64.7,77.4,25.5,0,50.0,,0,0,0.0,0,1,0,0,25,0.0,0,12,1,91.7,11,95.8,2,5.3,0,25,0,0.0,25.0,2.27,16.0,0,100.0,,0,0,0.0,0,2,0,68.3,90.2,0,17,0.0,0,6,2,100.0,6,118.8,2,5.3,0,34,2,1.0,17.0,5.67,5.3,0,66.7,,0,0,0.0,0,0,0,68.3,60.1,0,8,0.0,0,28,2,96.4,27,72.9,3,7.9,0,11,1,0.5,5.5,0.41,4.7,1,64.7,50.0,1,2,8.3,1,2,0,60.2,64.7,2,14,0.0,0,17,11,100.0,17,33.8,17,44.7,0,71,21,1.9,6.5,4.18
Marquise Goodwin,7859,WR,CHI,14,38,-5.0,0,100.0,,0,0,0.0,0,0,0,64.7,65.2,0,4,0.0,0,1,1,100.0,1,83.3,1,2.6,0,4,9,9.0,4.0,4.0,-5.0,0,100.0,,0,0,0.0,0,0,0,64.7,65.2,0,4,0.0,0,18,1,88.9,16,83.3,1,2.6,0,4,9,9.0,4.0,0.25,21.0,0,100.0,,0,0,0.0,0,1,0,64.7,76.7,0,22,0.0,0,9,1,88.9,8,118.8,1,2.6,0,22,1,1.0,22.0,2.75,12.9,0,28.6,0.0,0,1,0.0,0,1,0,68.3,68.3,0,22,0.0,0,23,2,95.7,22,46.1,7,18.4,0,32,11,5.5,16.0,1.45,4.8,0,50.0,100.0,2,2,0.0,0,3,0,72.1,86.3,1,12,0.0,0,43,4,100.0,43,21.4,8,21.1,0,33,9,2.3,8.3,0.77,0,31.9,0,57.1,0.0,0,1,0.0,0,4,0,72.1,93.2,0,50,0.0,0,10,4,70.0,7,141.4,7,18.4,1,144,22,5.5,36.0,20.57,6,,0,,,0,0,,0,0,0,,,0,0,0.0,0,1,0,100.0,1,0.0,0,0.0,0,0,0,,,0.0,29.0,0,0.0,0.0,0,1,,0,0,0,,56.2,0,0,0.0,0,12,0,83.3,10,39.6,2,5.3,0,0,0,,,0.0,11.0,0,50.0,50.0,1,2,0.0,0,1,0,64.7,76.0,0,12,0.0,0,15,1,86.7,13,68.8,2,5.3,0,12,2,2.0,12.0,0.92,4.0,0,100.0,,0,0,0.0,0,0,1,68.3,62.6,0,10,0.0,0,13,1,76.9,10,108.3,1,2.6,0,10,6,6.0,10.0,1.0,13.4,0,30.8,28.6,2,7,0.0,0,2,0,72.1,78.7,0,22,0.0,0,13,4,100.0,13,45.0,13,34.2,0,54,13,3.3,13.5,4.15,0,,0,,,0,0,,0,0,0,,,0,0,0.0,0,6,0,100.0,6,0.0,0,0.0,0,0,0,,,0.0,70.5,95.3,36.0,0,75.0,,0,0,0.0,0,3,0,0,50,0.0,0,16,3,93.8,15,156.3,4,10.5,1,122,21,7.0,40.7,8.13,15.5,0,25.0,25.0,1,4,0.0,0,0,0,64.7,72.7,0,10,0.0,0,16,1,100.0,16,39.6,4,10.5,0,10,0,0.0,10.0,0.63,7.4,0,75.0,,0,0,0.0,0,3,0,74.6,92.2,0,19,0.0,0,24,6,95.8,23,100.0,8,21.1,0,68,25,4.2,11.3,2.96,5.9,0,64.7,100.0,2,2,0.0,0,6,1,79.4,92.1,1,19,0.0,0,18,11,94.4,17,58.7,17,44.7,0,111,40,3.6,10.1,6.53
Kyle Rudolph,6195,TE,NYG,16,38,-3.0,0,100.0,,0,0,0.0,0,0,0,73.4,63.4,0,4,0.0,0,5,4,80.0,4,79.2,4,10.5,0,4,16,4.0,1.0,1.0,-3.7,0,100.0,,0,0,0.0,0,0,0,72.1,63.4,0,4,25.0,5,20,3,65.0,13,79.2,3,7.9,0,3,14,4.7,1.0,0.23,,0,,,0,0,,0,0,0,,,0,0,33.3,2,6,0,50.0,3,0.0,0,0.0,0,0,0,,,0.0,13.4,0,57.1,100.0,1,1,0.0,0,4,0,72.1,93.3,0,60,34.4,11,32,4,65.6,21,101.8,7,18.4,0,99,44,11.0,24.8,4.71,4.6,0,71.4,0.0,0,2,0.0,0,3,0,74.6,92.8,0,11,7.4,4,54,5,83.3,45,83.6,7,18.4,0,37,16,3.2,7.4,0.82,0,22.0,0,0.0,0.0,0,1,,0,0,0,,59.6,0,0,0.0,0,1,0,100.0,1,39.6,1,2.6,0,0,0,,,0.0,21,,0,,,0,0,,0,0,0,,,0,0,0.0,0,10,0,100.0,10,0.0,0,0.0,0,0,0,,,0.0,,0,,,0,0,,0,0,0,,,0,0,20.0,1,5,0,80.0,4,0.0,0,0.0,0,0,0,,,0.0,15.0,0,66.7,0.0,0,1,0.0,0,2,0,68.3,67.7,0,28,33.3,5,15,2,60.0,9,109.7,3,7.9,0,48,15,7.5,24.0,5.33,5.0,0,100.0,,0,0,0.0,0,2,0,70.5,91.0,0,9,15.0,3,20,3,80.0,16,122.9,3,7.9,1,12,3,1.0,4.0,0.75,13.5,0,46.2,50.0,1,2,0.0,0,6,0,74.6,90.3,0,60,0.0,0,14,6,92.9,13,87.7,13,34.2,0,147,59,9.8,24.5,11.31,0,-1.0,0,100.0,,0,0,0.0,0,0,0,64.7,60.8,0,1,33.3,3,9,1,66.7,6,79.2,1,2.6,0,1,2,2.0,1.0,0.17,,59.6,22.0,0,0.0,0.0,0,1,,0,0,0,0,0,20.0,2,10,0,70.0,7,39.6,1,2.6,0,0,0,,,0.0,12.3,0,0.0,,0,0,,0,0,0,,45.2,0,0,28.6,6,21,0,66.7,14,39.6,3,7.9,0,0,0,,,0.0,2.3,2,80.0,100.0,2,2,0.0,0,1,0,76.5,91.7,0,11,23.7,9,38,8,76.3,29,90.4,10,26.3,0,57,46,5.8,7.1,1.97,3.5,2,80.0,50.0,2,4,0.0,0,6,0,82.2,94.7,0,11,0.0,0,21,16,95.2,20,105.4,20,52.6,1,106,65,4.1,6.6,5.3
Alexander Mattison,45817,HB,MIN,16,38,-2.9,3,94.4,100.0,1,1,0.0,0,5,0,82.2,91.6,0,23,0.0,0,18,17,100.0,18,92.6,18,47.4,0,112,163,9.6,6.6,6.22,-2.7,3,100.0,100.0,1,1,0.0,0,4,0,78.0,92.6,0,23,3.8,1,26,10,96.2,25,104.6,10,26.3,0,91,118,11.8,9.1,3.64,,0,,,0,0,,0,0,0,,,0,0,22.2,2,9,0,77.8,7,0.0,0,0.0,0,0,0,,,0.0,,0,,,0,0,,0,0,0,,,0,0,3.7,1,27,0,92.6,25,0.0,0,0.0,0,0,0,,,0.0,2.8,7,78.6,50.0,1,2,15.4,2,3,0,43.5,64.8,0,24,2.1,1,48,11,93.8,45,117.3,14,36.8,1,90,61,5.5,8.2,2.0,0,,0,,,0,0,,0,0,0,,,0,0,,0,0,0,,0,0.0,0,0.0,0,0,0,,,,18,-6.0,0,100.0,,0,0,0.0,0,1,0,64.7,81.5,0,14,0.0,0,7,1,100.0,7,118.8,1,2.6,0,14,20,20.0,14.0,2.0,,0,,,0,0,,0,0,0,,,0,0,20.0,2,10,0,80.0,8,0.0,0,0.0,0,0,0,,,0.0,,0,,,0,0,,0,0,0,,,0,0,33.3,2,6,0,66.7,4,0.0,0,0.0,0,0,0,,,0.0,3.8,0,75.0,,0,0,0.0,0,1,0,70.5,79.9,0,7,15.0,3,20,3,80.0,16,77.1,4,10.5,0,12,4,1.3,4.0,0.75,,0,,,0,0,,0,0,0,,,0,0,,0,0,0,,0,0.0,0,0.0,0,0,0,,,,0,-2.7,0,85.7,,0,0,0.0,0,0,0,74.6,68.7,0,5,0.0,0,11,6,100.0,11,79.2,7,18.4,0,7,25,4.2,1.2,0.64,,,,0,,,0,0,,0,0,0,0,0,38.5,5,13,0,53.8,7,0.0,0,0.0,0,0,0,,,0.0,,0,,,0,0,,0,0,0,,,0,0,11.1,1,9,0,77.8,7,0.0,0,0.0,0,0,0,,,0.0,2.5,0,50.0,,0,0,0.0,0,1,0,64.7,79.6,0,14,20.0,2,10,1,80.0,8,72.9,2,5.3,0,14,10,10.0,14.0,1.75,3.0,7,75.0,50.0,1,2,11.8,2,5,0,51.2,76.8,0,24,0.0,0,20,15,100.0,20,105.4,20,52.6,1,116,75,5.0,7.7,5.8
Geoff Swaim,9679,TE,TEN,17,38,-3.2,2,100.0,,0,0,0.0,0,2,0,73.4,91.0,0,24,0.0,0,5,5,100.0,5,98.3,5,13.2,0,38,54,10.8,7.6,7.6,-3.0,1,100.0,,0,0,0.0,0,1,0,72.1,84.9,0,11,24.1,7,29,4,72.4,21,81.3,4,10.5,0,14,26,6.5,3.5,0.67,,0,,,0,0,,0,0,0,,,0,0,85.7,6,7,0,14.3,1,0.0,0,0.0,0,0,0,,,0.0,16.7,0,0.0,0.0,0,1,100.0,1,0,0,27.9,25.4,0,0,54.1,20,37,0,43.2,16,39.6,3,7.9,0,0,0,,,0.0,4.4,0,78.6,0.0,0,1,8.3,1,3,0,60.2,78.4,0,26,12.1,8,66,11,83.3,55,117.0,14,36.8,1,89,48,4.4,8.1,1.62,0,,0,,,0,0,,0,0,0,28.0,28.9,0,0,0.0,0,1,0,0.0,0,0.0,0,0.0,0,0,0,,,,31,-4.0,1,100.0,,0,0,0.0,0,1,0,64.7,90.5,0,24,28.6,2,7,1,71.4,5,118.8,1,2.6,0,24,28,28.0,24.0,4.8,,0,,,0,0,,0,0,0,28.0,28.9,0,0,60.0,6,10,0,20.0,2,0.0,0,0.0,0,0,0,,,0.0,13.0,0,0.0,0.0,0,1,,0,0,0,,58.8,0,0,35.7,5,14,0,57.1,8,39.6,1,2.6,0,0,0,,,0.0,4.0,0,100.0,100.0,1,1,0.0,0,5,0,73.4,97.1,0,16,20.0,4,20,5,75.0,15,137.1,5,13.2,1,37,20,4.0,7.4,2.47,15.8,0,0.0,0.0,0,2,100.0,1,0,0,27.9,25.8,0,0,0.0,0,4,0,100.0,4,39.6,4,10.5,0,0,0,,,0.0,0,,0,,,0,0,,0,0,0,,,0,0,20.0,2,10,0,80.0,8,0.0,0,0.0,0,0,0,,,0.0,,,,0,,,0,0,,0,0,0,0,0,46.2,6,13,0,53.8,7,0.0,0,0.0,0,0,0,,,0.0,,0,,,0,0,,0,0,0,,,0,0,52.6,10,19,0,47.4,9,0.0,0,0.0,0,0,0,,,0.0,3.3,0,100.0,100.0,1,1,0.0,0,2,0,78.0,84.7,0,12,16.7,5,30,10,83.3,25,119.2,10,26.3,1,46,15,1.5,4.6,1.84,3.9,0,89.7,66.7,2,3,3.7,1,10,0,74.9,92.6,0,26,0.0,0,30,26,96.7,29,125.9,29,76.3,3,172,83,3.2,6.6,5.93
Danny Amendola,4717,WR,HST,8,37,-2.7,0,100.0,,0,0,0.0,0,0,1,70.5,38.1,0,4,0.0,0,3,3,100.0,3,79.2,3,8.1,0,3,11,3.7,1.0,1.0,-3.5,0,100.0,,0,0,0.0,0,0,0,68.3,61.5,0,4,0.0,0,12,2,100.0,12,79.2,2,5.4,0,3,10,5.0,1.5,0.25,,0,,,0,0,,0,0,0,,,0,0,0.0,0,5,0,100.0,5,0.0,0,0.0,0,0,0,,,0.0,15.8,0,75.0,,0,0,0.0,0,3,0,70.5,95.2,1,37,0.0,0,6,3,83.3,5,116.7,4,10.8,1,65,26,8.7,21.7,13.0,4.8,0,100.0,,0,0,0.0,0,2,0,78.0,82.1,0,10,0.0,0,29,10,100.0,29,129.2,10,27.0,1,70,22,2.2,7.0,2.41,0,23.6,0,20.0,0.0,0,2,0.0,0,1,0,64.7,83.4,0,26,0.0,0,5,1,100.0,5,88.3,5,13.5,1,26,2,2.0,26.0,5.2,13,-1.0,0,100.0,,0,0,0.0,0,0,1,64.7,29.3,0,0,0.0,0,1,1,100.0,1,79.2,1,2.7,0,0,1,1.0,0.0,0.0,25.0,0,0.0,0.0,0,1,,0,0,0,,60.0,0,0,0.0,0,7,0,100.0,7,39.6,1,2.7,0,0,0,,,0.0,10.0,0,0.0,,0,0,,0,0,0,,59.8,0,0,0.0,0,7,0,100.0,7,39.6,1,2.7,0,0,0,,,0.0,5.3,0,50.0,,0,0,0.0,0,0,0,68.3,73.7,1,8,0.0,0,19,2,94.7,18,19.8,4,10.8,0,15,8,4.0,7.5,0.83,14.3,0,50.0,100.0,1,1,0.0,0,4,0,72.1,94.1,1,37,0.0,0,8,4,100.0,8,83.3,8,21.6,1,76,26,6.5,19.0,9.5,0,,0,,,0,0,,0,0,0,,,0,0,0.0,0,3,0,100.0,3,0.0,0,0.0,0,0,0,,,0.0,64.7,85.2,23.3,0,25.0,0.0,0,1,0.0,0,1,0,0,26,0.0,0,6,1,100.0,6,93.8,4,10.8,1,26,2,2.0,26.0,4.33,13.7,0,33.3,100.0,1,1,0.0,0,1,0,64.7,74.3,0,11,0.0,0,9,1,77.8,7,45.1,3,8.1,0,11,0,0.0,11.0,1.57,5.6,0,57.1,,0,0,0.0,0,3,0,73.4,78.0,0,39,0.0,0,23,4,91.3,21,84.2,7,18.9,0,58,36,9.0,14.5,2.76,5.1,0,76.2,,0,0,0.0,0,5,0,82.2,86.9,1,39,0.0,0,22,16,95.5,21,90.0,21,56.8,1,143,66,4.1,8.9,6.81
T.Y. Hilton,7092,WR,IND,10,37,-2.0,0,100.0,,0,0,0.0,0,0,0,64.7,61.2,0,3,0.0,0,1,1,100.0,1,79.2,1,2.7,0,3,5,5.0,3.0,3.0,-2.0,0,100.0,,0,0,0.0,0,0,0,64.7,61.2,0,3,0.0,0,13,1,92.3,12,79.2,1,2.7,0,3,5,5.0,3.0,0.25,31.0,0,100.0,,0,0,0.0,0,1,0,64.7,90.7,0,33,0.0,0,4,1,100.0,4,118.8,1,2.7,0,33,2,2.0,33.0,8.25,14.7,0,0.0,,0,0,,0,0,0,,57.8,0,0,0.0,0,20,0,90.0,18,39.6,3,8.1,0,0,0,,,0.0,4.3,1,75.0,0.0,0,1,0.0,0,1,0,70.5,73.2,0,19,0.0,0,54,3,96.3,52,101.0,4,10.8,0,35,26,8.7,11.7,0.67,0,35.6,0,57.1,,0,0,0.0,0,4,0,72.1,94.6,0,52,0.0,0,7,4,100.0,7,141.4,7,18.9,1,169,13,3.3,42.3,24.14,14,,0,,,0,0,,0,0,0,,,0,0,0.0,0,2,0,100.0,2,0.0,0,0.0,0,0,0,,,0.0,35.0,0,0.0,,0,0,,0,0,0,,57.4,0,0,0.0,0,7,0,100.0,7,39.6,2,5.4,0,0,0,,,0.0,14.7,0,33.3,0.0,0,1,0.0,0,1,0,64.7,73.5,0,10,0.0,0,14,1,92.9,13,43.8,3,8.1,0,10,0,0.0,10.0,0.77,7.0,1,77.8,50.0,1,2,0.0,0,4,0,75.6,92.6,0,18,0.0,0,30,7,96.7,29,131.0,9,24.3,1,59,17,2.4,8.4,2.03,14.7,0,22.2,33.3,1,3,0.0,0,2,0,68.3,84.5,0,14,0.0,0,9,2,100.0,9,39.6,9,24.3,0,24,0,0.0,12.0,2.67,0,,0,,,0,0,,0,0,0,,,0,0,0.0,0,4,0,100.0,4,0.0,0,0.0,0,0,0,,,0.0,70.5,93.6,37.0,0,75.0,,0,0,0.0,0,3,0,0,52,0.0,0,10,3,100.0,10,156.3,4,10.8,1,136,11,3.7,45.3,13.6,14.7,0,33.3,50.0,1,2,0.0,0,1,0,64.7,88.1,0,14,0.0,0,10,1,90.0,9,49.3,3,8.1,0,14,0,0.0,14.0,1.56,5.3,0,85.7,66.7,2,3,0.0,0,4,0,74.6,90.8,0,12,0.0,0,29,6,100.0,29,130.7,7,18.9,1,41,5,0.8,6.8,1.41,5.9,2,80.0,50.0,3,6,0.0,0,9,0,81.7,93.4,0,19,0.0,0,21,16,95.2,20,128.1,20,54.1,2,135,48,3.0,8.4,6.75
Giovani Bernard,7818,HB,TB,14,37,-4.6,4,100.0,100.0,1,1,0.0,0,2,1,80.0,67.4,0,32,0.0,0,13,13,100.0,13,86.9,13,35.1,0,63,123,9.5,4.8,4.85,-4.8,3,100.0,,0,0,0.0,0,2,0,78.0,80.4,0,32,13.3,2,15,10,86.7,13,88.3,10,27.0,0,52,100,10.0,5.2,4.0,,0,,,0,0,,0,0,0,,,0,0,33.3,1,3,0,66.7,2,0.0,0,0.0,0,0,0,,,0.0,,0,,,0,0,,0,0,0,,,0,0,18.8,3,16,0,81.3,13,0.0,0,0.0,0,0,0,,,0.0,2.9,0,83.3,100.0,1,1,9.1,1,5,0,58.5,87.7,0,10,16.3,7,43,10,81.4,35,132.6,12,32.4,3,76,45,4.5,7.6,2.17,0,,0,,,0,0,,0,0,0,,,0,0,,0,0,0,,0,0.0,0,0.0,0,0,0,,,,30,,0,,,0,0,,0,0,0,,,0,0,0.0,0,2,0,100.0,2,0.0,0,0.0,0,0,0,,,0.0,,0,,,0,0,,0,0,0,,,0,0,12.5,1,8,0,87.5,7,0.0,0,0.0,0,0,0,,,0.0,,0,,,0,0,,0,0,0,,,0,0,30.0,3,10,0,70.0,7,0.0,0,0.0,0,0,0,,,0.0,2.3,0,44.4,100.0,2,2,20.0,1,2,0,41.6,53.2,0,9,0.0,0,15,4,100.0,15,51.6,9,24.3,0,17,12,3.0,4.3,1.13,19.0,0,0.0,,0,0,,0,0,0,,59.9,0,0,0.0,0,1,0,100.0,1,39.6,1,2.7,0,0,0,,,0.0,0,-4.0,1,100.0,100.0,1,1,0.0,0,0,1,70.5,28.9,0,7,14.3,1,7,3,57.1,4,81.9,3,8.1,0,11,23,7.7,3.7,2.75,,,,0,,,0,0,,0,0,0,0,0,50.0,3,6,0,33.3,2,0.0,0,0.0,0,0,0,,,0.0,19.0,0,0.0,,0,0,,0,0,0,,59.9,0,0,0.0,0,11,0,81.8,9,39.6,1,2.7,0,0,0,,,0.0,2.5,0,50.0,,0,0,0.0,0,1,0,64.7,80.8,0,6,0.0,0,5,1,100.0,5,56.3,2,5.4,0,6,1,1.0,6.0,1.2,2.7,0,65.2,100.0,3,3,11.8,2,8,0,51.2,86.3,0,10,0.0,0,23,15,100.0,23,113.9,23,62.2,3,99,58,3.9,6.6,4.3
Albert Wilson,8943,WR,MIA,14,37,-2.9,2,80.0,,0,0,0.0,0,1,0,76.5,74.1,0,16,0.0,0,10,8,100.0,10,84.6,10,27.0,0,43,68,8.5,5.4,4.3,-2.9,1,87.5,,0,0,0.0,0,1,0,75.6,75.5,0,16,0.0,0,17,7,88.2,15,86.5,8,21.6,0,38,59,8.4,5.4,2.53,,0,,,0,0,,0,0,0,,,0,0,0.0,0,2,0,100.0,2,0.0,0,0.0,0,0,0,,,0.0,12.0,1,50.0,,0,0,0.0,0,1,0,64.7,76.8,0,9,0.0,0,21,1,95.2,20,62.5,2,5.4,0,9,-3,-3.0,9.0,0.45,4.4,2,77.8,50.0,1,2,0.0,0,2,0,75.6,71.5,0,11,0.0,0,43,7,90.7,39,82.4,9,24.3,0,34,8,1.1,4.9,0.87,0,30.0,0,33.3,0.0,0,1,0.0,0,1,0,68.3,86.7,0,64,0.0,0,4,1,75.0,3,81.9,3,8.1,0,64,43,43.0,64.0,21.33,17,-2.0,0,0.0,,0,0,,0,0,0,,59.9,0,0,0.0,0,11,0,90.9,10,39.6,1,2.7,0,0,0,,,0.0,30.0,0,33.3,0.0,0,1,0.0,0,1,0,68.3,86.7,0,64,0.0,0,14,1,71.4,10,81.9,3,8.1,0,64,43,43.0,64.0,6.4,,0,,,0,0,,0,0,0,,59.9,0,0,0.0,0,9,0,77.8,7,0.0,0,0.0,0,0,0,,,0.0,4.3,1,71.4,,0,0,16.7,1,4,0,45.8,76.7,0,13,0.0,0,32,5,93.8,30,86.6,7,18.9,0,42,27,5.4,8.4,1.4,13.0,1,25.0,0.0,0,1,0.0,0,1,0,64.7,71.9,1,9,0.0,0,5,1,80.0,4,0.0,4,10.8,0,9,-3,-3.0,9.0,2.25,0,-4.0,1,100.0,,0,0,0.0,0,0,0,64.7,61.1,0,5,0.0,0,4,1,100.0,4,87.5,1,2.7,0,5,9,9.0,5.0,1.25,,,,0,,,0,0,,0,0,0,0,0,0.0,0,4,0,100.0,4,0.0,0,0.0,0,0,0,,,0.0,14.0,0,0.0,0.0,0,1,,0,0,0,,58.8,1,0,0.0,0,13,0,84.6,11,0.0,2,5.4,0,0,0,,,0.0,5.8,1,75.0,100.0,1,1,25.0,1,1,0,36.2,60.9,0,9,0.0,0,30,3,100.0,30,86.5,4,10.8,0,21,3,1.0,7.0,0.7,4.7,4,75.0,66.7,2,3,11.8,2,7,0,51.2,75.3,0,13,0.0,0,21,15,95.2,20,84.8,20,54.1,0,97,38,2.5,6.5,4.85
Damiere Byrd,9964,WR,CHI,17,37,-2.0,1,33.3,,0,0,50.0,1,0,0,28.8,43.5,0,3,0.0,0,3,1,100.0,3,42.4,3,8.1,0,3,6,6.0,3.0,1.0,-2.0,0,0.0,,0,0,100.0,1,0,0,27.9,40.0,0,0,0.0,0,20,0,95.0,19,39.6,1,2.7,0,0,0,,,0.0,31.5,0,0.0,,0,0,,0,0,0,,58.2,1,0,0.0,0,9,0,100.0,9,0.0,2,5.4,0,0,0,,,0.0,11.7,0,100.0,100.0,1,1,0.0,0,3,0,72.1,94.9,0,11,0.0,0,28,3,92.9,26,112.5,3,8.1,0,33,-2,-0.7,11.0,1.27,5.0,0,81.8,0.0,0,1,0.0,0,6,0,77.3,91.5,0,54,0.0,0,97,9,97.9,95,141.7,11,29.7,1,118,74,8.2,13.1,1.24,0,26.3,0,25.0,,0,0,0.0,0,1,0,64.7,72.8,1,22,0.0,0,4,1,100.0,4,10.4,4,10.8,0,22,1,1.0,22.0,5.5,6,-3.0,1,100.0,,0,0,0.0,0,0,0,64.7,60.4,0,3,0.0,0,9,1,100.0,9,79.2,1,2.7,0,3,6,6.0,3.0,0.33,,0,,,0,0,,0,0,0,,,0,0,0.0,0,12,0,91.7,11,0.0,0,0.0,0,0,0,,,0.0,14.6,0,80.0,,0,0,0.0,0,3,0,41.6,78.2,1,23,0.0,0,25,4,96.0,24,79.2,5,13.5,0,63,7,1.8,15.8,2.63,5.3,0,75.0,,0,0,0.0,0,2,0,70.5,75.7,0,12,0.0,0,36,3,91.7,33,92.7,4,10.8,0,27,14,4.7,9.0,0.82,13.5,0,90.9,100.0,2,2,0.0,0,8,0,60.2,94.1,1,23,0.0,0,13,10,84.6,11,80.9,11,29.7,0,139,7,0.7,13.9,12.64,0,-1.0,0,0.0,,0,0,,0,0,0,,59.9,0,0,0.0,0,11,0,100.0,11,39.6,1,2.7,0,0,0,,,0.0,64.7,76.7,21.0,0,50.0,,0,0,0.0,0,1,0,0,22,0.0,0,12,1,91.7,11,89.6,2,5.4,0,22,1,1.0,22.0,2.0,13.7,0,100.0,100.0,1,1,0.0,0,2,0,70.5,88.8,0,19,0.0,0,22,3,90.9,20,118.8,3,8.1,0,43,2,0.7,14.3,2.15,2.8,0,50.0,0.0,0,1,33.3,1,1,0,29.9,46.8,0,17,0.0,0,38,2,92.1,35,64.6,4,10.8,0,20,15,7.5,10.0,0.57,4.6,0,73.7,0.0,0,2,6.7,1,9,0,64.4,84.2,0,54,0.0,0,19,14,100.0,19,117.2,19,51.4,1,165,103,7.4,11.8,8.68
A.J. Dillon,57165,HB,GB,18,37,-3.8,5,100.0,,0,0,0.0,0,4,0,80.0,93.1,0,15,0.0,0,13,13,100.0,13,92.3,13,35.1,0,80,130,10.0,6.2,6.15,-3.0,2,100.0,,0,0,0.0,0,3,0,75.6,92.2,0,15,12.5,3,24,7,87.5,21,100.0,7,18.9,0,56,77,11.0,8.0,2.67,,0,,,0,0,,0,0,0,,,0,0,25.0,2,8,0,75.0,6,0.0,0,0.0,0,0,0,,,0.0,,0,,,0,0,,0,0,0,,,0,0,35.3,6,17,0,64.7,11,0.0,0,0.0,0,0,0,,,0.0,1.0,1,100.0,,0,0,0.0,0,1,1,73.4,43.7,0,13,20.4,11,54,5,72.2,39,129.6,5,13.5,1,28,23,4.6,5.6,0.72,0,,0,,,0,0,,0,0,0,,,0,0,,0,0,0,,0,0.0,0,0.0,0,0,0,,,,12,-4.8,2,100.0,,0,0,0.0,0,0,0,72.1,82.6,0,9,23.1,3,13,4,76.9,10,83.3,4,10.8,0,16,35,8.8,4.0,1.6,,0,,,0,0,,0,0,0,,,0,0,0.0,0,7,0,100.0,7,0.0,0,0.0,0,0,0,,,0.0,,0,,,0,0,,0,0,0,,,0,0,28.6,2,7,0,71.4,5,0.0,0,0.0,0,0,0,,,0.0,2.5,3,100.0,,0,0,0.0,0,7,0,78.7,94.2,0,50,18.9,7,37,11,81.1,30,149.1,11,29.7,1,158,131,11.9,14.4,5.27,,0,,,0,0,,0,0,0,,,0,0,,0,0,0,,0,0.0,0,0.0,0,0,0,,,,0,-5.0,1,100.0,,0,0,0.0,0,1,0,68.3,83.3,0,6,0.0,0,10,2,100.0,10,83.3,2,5.4,0,8,18,9.0,4.0,0.8,,,,0,,,0,0,,0,0,0,0,0,15.0,3,20,0,70.0,14,0.0,0,0.0,0,0,0,,,0.0,,0,,,0,0,,0,0,0,,,0,0,50.0,3,6,0,33.3,2,0.0,0,0.0,0,0,0,,,0.0,3.4,0,62.5,,0,0,16.7,1,3,0,45.8,67.0,0,21,25.0,8,32,5,75.0,24,78.6,8,21.6,0,47,29,5.8,9.4,1.96,2.5,4,87.5,,0,0,4.5,1,11,1,71.3,90.3,0,50,0.0,0,25,21,96.0,24,134.9,24,64.9,2,233,183,8.7,11.1,9.71
Tajae Sharpe,10774,WR,ATL,15,36,-1.0,0,100.0,,0,0,0.0,0,0,0,64.7,61.1,0,4,0.0,0,1,1,100.0,1,83.3,1,2.8,0,4,5,5.0,4.0,4.0,,0,,,0,0,,0,0,0,,,0,0,0.0,0,23,0,100.0,23,0.0,0,0.0,0,0,0,,,0.0,,0,,,0,0,,0,0,0,,58.7,0,0,0.0,0,7,0,71.4,5,0.0,0,0.0,0,0,0,,,0.0,12.8,0,66.7,,0,0,20.0,1,4,0,41.6,87.3,0,17,0.0,0,46,4,100.0,46,95.8,6,16.7,0,55,8,2.0,13.8,1.2,5.5,1,94.1,75.0,3,4,0.0,0,9,0,81.7,92.2,0,17,0.0,0,97,16,97.9,95,100.5,17,47.2,0,138,51,3.2,8.6,1.45,0,28.5,0,0.0,0.0,0,2,100.0,1,0,0,28.0,43.4,0,0,0.0,0,7,0,57.1,4,39.6,4,11.1,0,0,0,,,0.0,2,,0,,,0,0,,0,0,0,,,0,0,0.0,0,6,0,83.3,5,0.0,0,0.0,0,0,0,,,0.0,28.5,0,0.0,0.0,0,2,,0,0,0,,57.3,0,0,0.0,0,10,0,90.0,9,39.6,2,5.6,0,0,0,,,0.0,13.0,0,0.0,0.0,0,1,,0,0,0,,60.0,0,0,0.0,0,10,0,80.0,8,39.6,1,2.8,0,0,0,,,0.0,4.0,0,100.0,,0,0,0.0,0,0,0,70.5,62.2,0,9,0.0,0,22,3,95.5,21,94.4,3,8.3,0,20,8,2.7,6.7,0.95,13.1,0,55.6,0.0,0,1,16.7,1,5,0,49.2,91.4,0,17,0.0,0,10,5,90.0,9,79.9,9,25.0,0,68,8,1.6,13.6,7.56,0,-1.0,0,100.0,,0,0,0.0,0,0,0,64.7,61.1,0,4,0.0,0,13,1,100.0,13,83.3,1,2.8,0,4,5,5.0,4.0,0.31,28.0,40.5,28.5,0,0.0,,0,0,100.0,1,0,0,0,0,0.0,0,14,0,92.9,13,39.6,2,5.6,0,0,0,,,0.0,14.0,0,50.0,,0,0,0.0,0,1,0,68.3,90.0,0,13,0.0,0,14,1,92.9,13,70.8,2,5.6,0,13,0,0.0,13.0,1.0,7.5,0,0.0,0.0,0,2,,0,0,0,,45.7,0,0,0.0,0,37,0,91.9,34,39.6,2,5.6,0,0,0,,,0.0,5.5,1,86.4,50.0,3,6,0.0,0,9,0,83.2,90.2,0,17,0.0,0,23,19,95.7,22,96.6,22,61.1,0,158,59,3.1,8.3,7.18
Kenyan Drake,10707,HB,LV,12,36,-4.5,4,85.7,,0,0,0.0,0,4,0,79.4,95.6,0,17,0.0,0,14,12,100.0,14,90.5,14,38.9,0,80,134,11.2,6.7,5.71,-4.7,0,66.7,,0,0,0.0,0,2,0,72.1,88.5,0,17,0.0,0,9,4,100.0,9,72.9,6,16.7,0,22,41,10.3,5.5,2.44,,0,,,0,0,,0,0,0,,,0,0,37.5,3,8,0,37.5,3,0.0,0,0.0,0,0,0,,,0.0,,0,,,0,0,,0,0,0,,,0,0,20.0,3,15,0,73.3,11,0.0,0,0.0,0,0,0,,,0.0,3.0,5,87.5,0.0,0,1,0.0,0,6,0,81.1,93.8,0,22,9.3,4,43,14,88.4,38,109.1,16,44.4,0,163,117,8.4,11.6,4.29,0,22.0,0,50.0,,0,0,0.0,0,1,0,64.7,79.7,0,31,0.0,0,2,1,100.0,2,135.4,2,5.6,1,31,10,10.0,31.0,15.5,23,-1.0,0,100.0,,0,0,0.0,0,1,0,64.7,78.5,0,11,0.0,0,5,1,80.0,4,112.5,1,2.8,0,11,12,12.0,11.0,2.75,21.0,0,100.0,,0,0,0.0,0,1,0,64.7,90.5,0,31,22.2,2,9,1,77.8,7,158.3,1,2.8,1,31,10,10.0,31.0,4.43,,0,,,0,0,,0,0,0,,,0,0,0.0,0,5,0,100.0,5,0.0,0,0.0,0,0,0,,,0.0,3.5,0,75.0,,0,0,25.0,1,1,0,36.8,33.5,0,8,10.5,2,19,3,89.5,17,82.3,4,11.1,0,17,12,4.0,5.7,1.0,,0,,,0,0,,0,0,0,,,0,0,,0,0,0,,0,0.0,0,0.0,0,0,0,,,,0,-4.9,4,100.0,,0,0,0.0,0,1,0,75.6,94.0,0,13,0.0,0,9,7,100.0,9,94.6,7,19.4,0,47,81,11.6,6.7,5.22,,59.0,23.0,0,0.0,,0,0,,0,0,0,0,0,25.0,4,16,0,62.5,10,39.6,1,2.8,0,0,0,,,0.0,,0,,,0,0,,0,0,0,,,0,0,7.1,1,14,0,92.9,13,0.0,0,0.0,0,0,0,,,0.0,,0,,,0,0,,0,0,0,,,0,0,18.8,3,16,0,75.0,12,0.0,0,0.0,0,0,0,,,0.0,3.1,5,85.0,0.0,0,1,5.6,1,7,0,69.0,91.3,0,22,0.0,0,21,17,95.2,20,104.2,20,55.6,0,180,129,7.6,10.6,9.0
Miles Sanders,40555,HB,PHI,13,35,-5.2,10,94.7,,0,0,0.0,0,3,0,82.7,93.2,0,25,0.0,0,19,18,100.0,19,89.0,19,54.3,0,102,193,10.7,5.7,5.37,-5.6,5,92.9,,0,0,0.0,0,2,0,80.0,90.3,0,25,9.4,3,32,13,87.5,28,85.7,14,40.0,0,64,136,10.5,4.9,2.29,,0,,,0,0,,0,0,0,,,0,0,20.0,1,5,0,80.0,4,0.0,0,0.0,0,0,0,,,0.0,,0,,,0,0,,0,0,0,,,0,0,14.3,2,14,0,64.3,9,0.0,0,0.0,0,0,0,,,0.0,2.0,1,100.0,,0,0,0.0,0,1,0,64.7,81.5,0,10,3.4,1,29,1,89.7,26,108.3,1,2.9,0,10,8,8.0,10.0,0.38,0,29.0,0,0.0,,0,0,,0,0,0,,59.9,0,0,0.0,0,1,0,100.0,1,39.6,1,2.9,0,0,0,,,0.0,24,-3.0,3,100.0,,0,0,0.0,0,1,0,70.5,91.9,0,18,0.0,0,6,3,100.0,6,109.7,3,8.6,0,31,40,13.3,10.3,5.17,,0,,,0,0,,0,0,0,,,0,0,7.7,1,13,0,84.6,11,0.0,0,0.0,0,0,0,,,0.0,,0,,,0,0,,0,0,0,,,0,0,18.2,2,11,0,81.8,9,0.0,0,0.0,0,0,0,,,0.0,1.9,0,71.4,100.0,1,1,16.7,1,1,0,45.8,51.1,0,16,11.8,2,17,5,82.4,14,77.1,7,20.0,0,26,20,4.0,5.2,1.86,18.0,0,0.0,,0,0,,0,0,0,,60.0,0,0,0.0,0,1,0,100.0,1,39.6,1,2.9,0,0,0,,,0.0,0,-5.0,2,100.0,,0,0,0.0,0,0,0,68.3,81.9,0,5,20.0,1,5,2,80.0,4,81.3,2,5.7,0,7,17,8.5,3.5,1.75,,59.9,29.0,0,0.0,,0,0,,0,0,0,0,0,23.1,3,13,0,69.2,9,39.6,1,2.9,0,0,0,,,0.0,18.0,0,0.0,,0,0,,0,0,0,,60.0,0,0,26.7,4,15,0,60.0,9,39.6,1,2.9,0,0,0,,,0.0,2.8,0,83.3,,0,0,0.0,0,1,0,73.4,72.6,0,12,14.7,5,34,5,82.4,28,88.9,6,17.1,0,32,20,4.0,6.4,1.14,2.3,1,78.6,100.0,1,1,8.3,1,3,0,60.2,69.9,0,16,0.0,0,14,11,100.0,14,86.9,14,40.0,0,68,48,4.4,6.2,4.86
Jamal Agnew,11920,WR,JAX,10,35,-3.5,2,100.0,,0,0,0.0,0,3,0,74.6,86.7,0,24,0.0,0,6,6,100.0,6,96.5,6,17.1,0,43,64,10.7,7.2,7.17,-2.3,1,100.0,,0,0,0.0,0,3,0,72.1,90.7,0,24,0.0,0,14,4,92.9,13,103.1,4,11.4,0,35,44,11.0,8.8,2.69,24.0,0,100.0,,0,0,0.0,0,1,0,64.7,91.0,0,29,0.0,0,5,1,80.0,4,118.8,1,2.9,0,29,5,5.0,29.0,7.25,14.0,0,100.0,100.0,1,1,0.0,0,1,0,64.7,77.3,0,14,0.0,0,15,1,93.3,14,118.8,1,2.9,0,14,0,0.0,14.0,1.0,5.2,0,40.0,,0,0,50.0,2,1,0,27.3,36.5,0,8,0.0,0,33,2,100.0,33,47.9,5,14.3,0,15,2,1.0,7.5,0.45,0,26.8,0,40.0,0.0,0,2,0.0,0,2,0,29.9,87.7,0,29,0.0,0,6,2,83.3,5,82.1,5,14.3,0,56,6,3.0,28.0,11.2,15,,0,,,0,0,,0,0,0,,,0,0,0.0,0,6,0,100.0,6,0.0,0,0.0,0,0,0,,,0.0,27.5,0,25.0,0.0,0,2,0.0,0,1,0,28.8,67.8,0,27,0.0,0,9,1,88.9,8,55.2,4,11.4,0,27,1,1.0,27.0,3.38,10.0,0,100.0,,0,0,0.0,0,1,0,64.7,75.9,0,9,0.0,0,6,1,83.3,5,143.8,1,2.9,1,9,0,0.0,9.0,1.8,3.1,0,81.8,100.0,1,1,10.0,1,5,0,56.7,84.0,0,23,0.0,0,22,9,100.0,22,92.8,11,31.4,0,69,44,4.9,7.7,3.14,13.8,0,40.0,25.0,1,4,0.0,0,2,0,68.3,77.7,0,14,0.0,0,7,2,71.4,5,94.2,5,14.3,1,23,0,0.0,11.5,4.6,0,-6.0,1,100.0,,0,0,0.0,0,0,0,68.3,61.3,0,7,0.0,0,4,2,100.0,4,83.3,2,5.7,0,8,20,10.0,4.0,2.0,,,,0,,,0,0,,0,0,0,0,0,0.0,0,6,0,66.7,4,0.0,0,0.0,0,0,0,,,0.0,15.0,0,0.0,0.0,0,3,,0,0,0,,55.2,0,0,0.0,0,13,0,92.3,12,39.6,3,8.6,0,0,0,,,0.0,4.0,0,100.0,,0,0,0.0,0,1,0,70.5,87.6,0,10,0.0,0,20,3,95.0,19,98.6,3,8.6,0,23,11,3.7,7.7,1.21,3.8,0,73.7,100.0,1,1,17.6,3,7,0,36.0,76.6,0,23,0.0,0,19,14,100.0,19,87.0,19,54.3,0,107,57,4.1,7.6,5.63
Henry Ruggs III,61102,WR,LV,7,35,-2.0,0,100.0,,0,0,0.0,0,0,0,64.7,61.0,0,2,0.0,0,1,1,100.0,1,79.2,1,2.9,0,2,4,4.0,2.0,2.0,-2.0,0,100.0,,0,0,0.0,0,0,0,64.7,61.0,0,2,0.0,0,14,1,100.0,14,79.2,1,2.9,0,2,4,4.0,2.0,0.14,36.8,2,100.0,100.0,1,1,0.0,0,4,0,72.1,99.9,0,61,0.0,0,11,4,90.9,10,158.3,4,11.4,2,178,31,7.8,44.5,17.8,15.0,1,100.0,,0,0,0.0,0,2,0,68.3,93.4,0,30,0.0,0,19,2,94.7,18,118.8,2,5.7,0,48,18,9.0,24.0,2.67,6.0,0,50.0,,0,0,50.0,1,1,0,28.9,58.8,0,10,0.0,0,38,1,92.1,35,64.6,2,5.7,0,10,1,1.0,10.0,0.29,0,35.7,2,58.3,75.0,3,4,0.0,0,7,0,75.6,99.4,0,61,0.0,0,14,7,85.7,12,142.4,12,34.3,2,289,41,5.9,41.3,24.08,23,,0,,,0,0,,0,0,0,,,0,0,0.0,0,6,0,83.3,5,0.0,0,0.0,0,0,0,,,0.0,36.6,0,40.0,66.7,2,3,0.0,0,2,0,68.3,93.0,0,51,0.0,0,14,2,100.0,14,87.5,5,14.3,0,74,3,1.5,37.0,5.29,16.3,0,33.3,100.0,1,1,0.0,0,1,0,64.7,86.7,0,16,0.0,0,9,1,88.9,8,52.1,3,8.6,0,16,1,1.0,16.0,2.0,4.3,1,100.0,,0,0,0.0,0,2,0,72.1,82.0,0,21,0.0,0,25,4,100.0,25,107.3,4,11.4,0,39,22,5.5,9.8,1.56,15.6,1,57.1,100.0,1,1,20.0,1,4,0,42.1,92.4,0,30,0.0,0,7,4,100.0,7,98.5,7,20.0,0,82,19,4.8,20.5,11.71,0,,0,,,0,0,,0,0,0,,,0,0,0.0,0,8,0,100.0,8,0.0,0,0.0,0,0,0,,,0.0,64.7,83.0,32.7,0,33.3,,0,0,0.0,0,1,0,0,37,0.0,0,12,1,83.3,10,81.3,3,8.6,0,37,7,7.0,37.0,3.7,15.0,0,50.0,,0,0,50.0,1,1,0,28.9,59.3,0,18,0.0,0,10,1,100.0,10,81.3,2,5.7,0,18,0,0.0,18.0,1.8,3.7,0,77.8,,0,0,0.0,0,2,0,75.6,82.7,0,13,0.0,0,33,7,97.0,32,88.4,9,25.7,0,47,25,3.6,6.7,1.47,4.1,1,80.0,,0,0,7.7,1,5,0,62.1,85.5,0,21,0.0,0,15,12,100.0,15,93.3,15,42.9,0,96,48,4.0,8.0,6.4
DeSean Jackson,4363,WR,LV,16,34,-2.0,0,100.0,,0,0,0.0,0,0,0,64.7,61.0,0,3,0.0,0,1,1,100.0,1,79.2,1,2.9,0,3,5,5.0,3.0,3.0,-2.0,0,100.0,,0,0,0.0,0,0,0,64.7,61.0,0,3,0.0,0,17,1,100.0,17,79.2,1,2.9,0,3,5,5.0,3.0,0.18,33.7,0,66.7,50.0,1,2,0.0,0,1,1,68.3,72.8,0,38,0.0,0,6,2,83.3,5,109.7,3,8.8,0,64,5,2.5,32.0,12.8,14.3,0,66.7,,0,0,33.3,1,2,0,29.9,72.1,0,19,0.0,0,32,2,100.0,32,99.3,3,8.8,0,30,4,2.0,15.0,0.94,5.5,0,50.0,100.0,1,1,33.3,1,1,0,29.9,69.0,0,40,0.0,0,32,2,100.0,32,90.6,4,11.8,0,45,33,16.5,22.5,1.41,0,33.5,1,38.5,20.0,1,5,0.0,0,4,1,74.6,94.7,2,75,0.0,0,17,5,76.5,13,86.2,13,38.2,2,263,96,19.2,52.6,20.23,23,,0,,,0,0,,0,0,0,,,0,0,0.0,0,6,0,100.0,6,0.0,0,0.0,0,0,0,,,0.0,30.4,1,20.0,0.0,0,1,0.0,0,1,0,64.7,90.2,1,56,0.0,0,10,1,90.0,9,73.8,5,14.7,1,56,31,31.0,56.0,6.22,15.7,0,66.7,0.0,0,1,0.0,0,2,0,68.3,92.6,0,30,0.0,0,11,2,100.0,11,109.7,3,8.8,0,44,12,6.0,22.0,4.0,5.5,0,100.0,,0,0,0.0,0,1,0,68.3,89.9,0,13,0.0,0,22,2,100.0,22,110.4,2,5.9,0,21,10,5.0,10.5,0.95,15.1,0,70.0,0.0,0,1,12.5,1,7,0,52.1,93.6,0,30,0.0,0,10,7,100.0,10,112.5,10,29.4,0,126,19,2.7,18.0,12.6,0,,0,,,0,0,,0,0,0,,,0,0,0.0,0,8,0,100.0,8,0.0,0,0.0,0,0,0,,,0.0,70.5,94.5,36.6,0,40.0,0.0,0,2,0.0,0,2,0,1,75,0.0,0,16,2,68.8,11,87.5,5,14.7,1,143,60,30.0,71.5,13.0,15.3,0,75.0,,0,0,0.0,0,3,0,70.5,91.3,0,18,0.0,0,16,3,93.8,15,116.7,4,11.8,0,52,3,1.0,17.3,3.47,2.8,0,100.0,,0,0,0.0,0,0,0,72.1,62.1,0,6,0.0,0,20,4,100.0,20,89.6,4,11.8,0,22,11,2.8,5.5,1.1,4.4,0,80.0,100.0,1,1,11.1,1,2,0,54.5,79.0,0,40,0.0,0,10,8,100.0,10,103.3,10,29.4,0,88,54,6.8,11.0,8.8
Chris Conley,9509,WR,HST,16,34,-3.0,2,100.0,,0,0,0.0,0,3,0,74.6,91.5,0,23,0.0,0,6,6,100.0,6,96.5,6,17.6,0,43,61,10.2,7.2,7.17,-3.3,0,100.0,,0,0,0.0,0,1,0,70.5,74.6,0,7,2.2,1,45,3,95.6,43,79.2,3,8.8,0,6,16,5.3,2.0,0.14,,0,,,0,0,,0,0,0,,,0,0,0.0,0,6,0,100.0,6,0.0,0,0.0,0,0,0,,,0.0,11.5,0,50.0,,0,0,50.0,1,1,0,28.8,58.2,0,17,0.0,0,17,1,94.1,16,79.2,2,5.9,0,17,4,4.0,17.0,1.06,6.0,1,71.4,0.0,0,1,16.7,1,3,1,45.8,90.6,1,18,0.0,0,74,5,97.3,72,57.1,7,20.6,0,59,24,4.8,11.8,0.82,0,29.0,1,80.0,75.0,3,4,0.0,0,4,0,72.1,98.0,0,41,0.0,0,5,4,100.0,5,158.3,5,14.7,2,142,31,7.8,35.5,28.4,13,-3.0,1,100.0,,0,0,0.0,0,0,0,64.7,79.1,0,1,0.0,0,7,1,100.0,7,79.2,1,2.9,0,1,4,4.0,1.0,0.14,24.0,0,100.0,100.0,1,1,0.0,0,1,0,64.7,91.0,0,24,0.0,0,11,1,72.7,8,118.8,1,2.9,0,24,0,0.0,24.0,3.0,14.2,0,40.0,0.0,0,1,0.0,0,2,0,68.3,83.6,0,13,0.0,0,15,2,86.7,13,56.3,5,14.7,0,25,-1,-0.5,12.5,1.92,8.3,0,33.3,,0,0,0.0,0,1,0,64.7,75.0,0,15,0.0,0,34,1,100.0,34,50.7,3,8.8,0,15,7,7.0,15.0,0.44,14.1,0,37.5,0.0,0,2,25.0,1,3,0,36.2,75.1,0,17,0.0,0,9,3,88.9,8,55.2,8,23.5,0,42,3,1.0,14.0,5.25,0,-2.5,1,100.0,,0,0,0.0,0,2,0,68.3,90.2,0,23,0.0,0,13,2,84.6,11,118.8,2,5.9,0,36,41,20.5,18.0,3.27,70.5,96.3,30.3,1,75.0,66.7,2,3,0.0,0,3,0,0,41,0.0,0,14,3,92.9,13,156.3,4,11.8,2,118,31,10.3,39.3,9.08,19.0,0,0.0,0.0,0,1,,0,0,0,,59.7,0,0,0.0,0,14,0,85.7,12,39.6,1,2.9,0,0,0,,,0.0,6.2,0,60.0,,0,0,0.0,0,1,0,70.5,71.3,0,10,0.0,0,44,3,100.0,44,70.4,5,14.7,0,22,3,1.0,7.3,0.5,6.5,1,60.0,0.0,0,1,10.0,1,5,1,56.7,90.5,1,18,0.0,0,15,9,100.0,15,51.0,15,44.1,0,96,34,3.8,10.7,6.4
Chuba Hubbard,57373,HB,CAR,16,34,-4.4,3,80.0,,0,0,20.0,2,2,0,35.7,63.4,0,11,0.0,0,10,8,100.0,10,114.2,10,29.4,1,34,70,8.8,4.3,3.4,-5.2,2,83.3,,0,0,16.7,1,1,0,45.8,51.9,0,11,0.0,0,16,5,93.8,15,81.3,6,17.6,0,21,47,9.4,4.2,1.4,,0,,,0,0,,0,0,0,,,0,0,37.5,3,8,0,62.5,5,0.0,0,0.0,0,0,0,,,0.0,,0,,,0,0,,0,0,0,,,0,0,31.8,7,22,0,63.6,14,0.0,0,0.0,0,0,0,,,0.0,2.2,2,70.6,,0,0,20.0,3,4,0,31.0,60.7,1,33,13.0,7,54,12,85.2,46,63.1,17,50.0,0,109,79,6.6,9.1,2.37,0,,0,,,0,0,,0,0,0,,,0,0,,0,0,0,,0,0.0,0,0.0,0,0,0,,,,5,-4.5,1,100.0,,0,0,0.0,0,1,0,68.3,91.7,0,9,0.0,0,3,2,100.0,3,129.2,2,5.9,1,11,20,10.0,5.5,3.67,,0,,,0,0,,0,0,0,,,0,0,40.0,4,10,0,50.0,5,0.0,0,0.0,0,0,0,,,0.0,,0,,,0,0,,0,0,0,,,0,0,27.3,3,11,0,72.7,8,0.0,0,0.0,0,0,0,,,0.0,0.8,0,75.0,,0,0,0.0,0,1,0,70.5,74.8,0,6,22.7,5,22,3,77.3,17,77.1,4,11.8,0,7,6,2.0,2.3,0.41,,0,,,0,0,,0,0,0,,,0,0,,0,0,0,,0,0.0,0,0.0,0,0,0,,,,0,-2.0,0,50.0,,0,0,50.0,1,0,0,28.9,27.5,0,2,37.5,3,8,1,50.0,4,56.3,2,5.9,0,2,3,3.0,2.0,0.5,,,,0,,,0,0,,0,0,0,0,0,22.2,2,9,0,77.8,7,0.0,0,0.0,0,0,0,,,0.0,,0,,,0,0,,0,0,0,,,0,0,12.5,1,8,0,75.0,6,0.0,0,0.0,0,0,0,,,0.0,3.0,1,66.7,0.0,0,1,0.0,0,1,0,68.3,80.1,0,17,37.5,9,24,2,54.2,13,91.0,3,8.8,0,24,20,10.0,12.0,1.85,2.0,3,70.8,0.0,0,1,15.0,3,6,0,41.6,71.2,1,33,0.0,0,25,17,96.0,24,68.1,24,70.6,0,140,105,6.2,8.2,5.83
Melvin Gordon III,9448,HB,DEN,16,34,-3.5,2,76.9,,0,0,16.7,2,3,0,41.1,58.4,0,21,0.0,0,13,10,100.0,13,85.1,13,38.2,0,59,96,9.6,5.9,4.54,-3.6,1,60.0,,0,0,25.0,1,0,0,36.2,42.8,0,8,9.1,1,11,3,90.9,10,64.6,5,14.7,0,9,22,7.3,3.0,0.9,,0,,,0,0,,0,0,0,,,0,0,11.1,1,9,0,88.9,8,0.0,0,0.0,0,0,0,,,0.0,,0,,,0,0,,0,0,0,,,0,0,18.2,4,22,0,77.3,17,0.0,0,0.0,0,0,0,,,0.0,3.0,1,87.5,100.0,1,1,12.5,1,3,0,52.1,64.6,0,30,9.5,6,63,7,88.9,56,99.5,8,23.5,0,63,42,6.0,9.0,1.13,0,,0,,,0,0,,0,0,0,,,0,0,,0,0,0,,0,0.0,0,0.0,0,0,0,,,,10,-2.7,1,100.0,,0,0,0.0,0,2,0,70.5,89.8,0,21,11.1,1,9,3,77.8,7,106.9,3,8.8,0,29,37,12.3,9.7,4.14,,0,,,0,0,,0,0,0,,,0,0,11.1,2,18,0,77.8,14,0.0,0,0.0,0,0,0,,,0.0,,0,,,0,0,,0,0,0,,,0,0,23.1,3,13,0,69.2,9,0.0,0,0.0,0,0,0,,,0.0,2.7,1,77.8,100.0,1,1,0.0,0,1,0,75.6,88.0,0,11,24.0,6,25,7,76.0,19,123.6,9,26.5,1,43,24,3.4,6.1,2.26,,0,,,0,0,,0,0,0,,,0,0,,0,0,0,,0,0.0,0,0.0,0,0,0,,,,0,-4.0,0,80.0,,0,0,20.0,1,1,0,41.6,48.0,0,13,10.0,1,10,4,90.0,9,84.2,5,14.7,0,21,37,9.3,5.3,2.33,,,,0,,,0,0,,0,0,0,0,0,0.0,0,12,0,91.7,11,0.0,0,0.0,0,0,0,,,0.0,,0,,,0,0,,0,0,0,,,0,0,30.0,6,20,0,70.0,14,0.0,0,0.0,0,0,0,,,0.0,3.3,0,100.0,,0,0,0.0,0,2,0,72.1,90.1,0,24,16.2,6,37,4,83.8,31,156.3,4,11.8,1,48,35,8.8,12.0,1.55,2.9,2,85.7,100.0,2,2,5.3,1,6,0,68.7,90.0,0,30,0.0,0,21,18,100.0,21,129.0,21,61.8,2,154,101,5.6,8.6,7.33
Jeremy McNichols,11917,HB,TEN,14,34,-4.1,3,77.8,50.0,1,2,0.0,0,5,0,80.6,92.3,0,27,0.0,0,18,14,100.0,18,91.7,18,52.9,0,108,165,11.8,7.7,6.0,-4.3,3,73.3,50.0,1,2,0.0,0,5,0,78.7,92.6,0,27,0.0,0,16,11,100.0,16,91.0,15,44.1,0,100,148,13.5,9.1,6.25,,0,,,0,0,,0,0,0,,,0,0,0.0,0,3,0,66.7,2,0.0,0,0.0,0,0,0,,,0.0,,0,,,0,0,,0,0,0,,,0,0,50.0,7,14,0,50.0,7,0.0,0,0.0,0,0,0,,,0.0,2.7,0,100.0,,0,0,0.0,0,4,0,77.3,92.2,0,25,19.7,13,66,9,74.2,49,109.3,9,26.5,0,92,68,7.6,10.2,1.88,0,,0,,,0,0,,0,0,0,,,0,0,,0,0,0,,0,0.0,0,0.0,0,0,0,,,,31,-3.5,0,100.0,,0,0,0.0,0,0,0,68.3,69.5,0,10,0.0,0,2,2,100.0,2,81.3,2,5.9,0,7,14,7.0,3.5,3.5,,0,,,0,0,,0,0,0,,,0,0,42.9,3,7,0,42.9,3,0.0,0,0.0,0,0,0,,,0.0,,0,,,0,0,,0,0,0,,,0,0,33.3,3,9,0,55.6,5,0.0,0,0.0,0,0,0,,,0.0,4.5,1,100.0,,0,0,0.0,0,0,0,68.3,68.1,0,10,35.7,5,14,2,57.1,8,104.2,2,5.9,0,18,9,4.5,9.0,2.25,11.0,0,0.0,0.0,0,1,,0,0,0,,59.5,0,0,0.0,0,1,0,100.0,1,39.6,1,2.9,0,0,0,,,0.0,0,-2.0,0,100.0,,0,0,0.0,0,0,0,64.7,65.0,0,1,20.0,1,5,1,80.0,4,79.2,1,2.9,0,1,3,3.0,1.0,0.25,,,,0,,,0,0,,0,0,0,0,0,37.5,3,8,0,50.0,4,0.0,0,0.0,0,0,0,,,0.0,11.0,0,0.0,0.0,0,1,,0,0,0,,59.5,0,0,8.3,1,12,0,75.0,9,39.6,1,2.9,0,0,0,,,0.0,3.5,1,75.0,,0,0,25.0,1,2,0,36.2,54.1,0,11,38.9,7,18,3,61.1,11,127.1,4,11.8,1,22,15,5.0,7.3,2.0,3.1,2,93.3,,0,0,6.7,1,6,0,64.4,89.7,0,25,0.0,0,15,14,100.0,15,125.6,15,44.1,1,132,92,6.6,9.4,8.8
JuJu Smith-Schuster,11817,WR,PIT,6,33,-2.7,3,100.0,,0,0,0.0,0,2,0,70.5,93.3,0,17,0.0,0,3,3,100.0,3,106.9,3,9.1,0,29,37,12.3,9.7,9.67,-2.5,2,100.0,,0,0,0.0,0,1,0,68.3,92.0,0,17,0.0,0,15,2,100.0,15,106.3,2,6.1,0,19,24,12.0,9.5,1.27,28.0,0,0.0,,0,0,,0,0,0,,59.7,0,0,0.0,0,3,0,100.0,3,39.6,1,3.0,0,0,0,,,0.0,12.3,0,0.0,0.0,0,1,,0,0,0,,56.0,0,0,0.0,0,11,0,100.0,11,39.6,4,12.1,0,0,0,,,0.0,3.9,0,66.7,50.0,2,4,0.0,0,2,0,78.0,71.6,1,16,0.0,0,57,10,100.0,57,45.4,15,45.5,0,56,20,2.0,5.6,0.98,0,27.0,0,0.0,,0,0,,0,0,0,,58.0,0,0,0.0,0,2,0,100.0,2,39.6,2,6.1,0,0,0,,,0.0,25,,0,,,0,0,,0,0,0,,,0,0,0.0,0,8,0,100.0,8,0.0,0,0.0,0,0,0,,,0.0,,0,,,0,0,,0,0,0,,,0,0,0.0,0,10,0,80.0,8,0.0,0,0.0,0,0,0,,,0.0,12.0,0,100.0,,0,0,0.0,0,1,0,64.7,78.0,0,12,0.0,0,10,1,90.0,9,116.7,1,3.0,0,12,0,0.0,12.0,1.33,4.3,0,75.0,,0,0,0.0,0,1,0,70.5,84.4,0,9,0.0,0,25,3,96.0,24,85.4,4,12.1,0,20,8,2.7,6.7,0.83,13.2,0,33.3,0.0,0,1,0.0,0,2,0,68.3,89.6,0,24,0.0,0,6,2,100.0,6,54.9,6,18.2,0,36,6,3.0,18.0,6.0,0,-3.0,1,100.0,,0,0,0.0,0,1,0,64.7,79.1,0,10,0.0,0,8,1,100.0,8,108.3,1,3.0,0,10,13,13.0,10.0,1.25,,59.8,26.0,0,0.0,,0,0,,0,0,0,0,0,0.0,0,9,0,100.0,9,39.6,1,3.0,0,0,0,,,0.0,18.0,0,100.0,,0,0,0.0,0,1,0,64.7,90.8,0,24,0.0,0,7,1,100.0,7,118.8,1,3.0,0,24,6,6.0,24.0,3.43,2.3,0,66.7,,0,0,33.3,1,2,0,29.9,59.1,0,7,0.0,0,10,2,90.0,9,77.1,3,9.1,0,14,10,5.0,7.0,1.56,3.7,0,68.2,50.0,2,4,6.3,1,5,0,65.6,76.8,1,16,0.0,0,22,15,100.0,22,57.0,22,66.7,0,90,38,2.5,6.0,4.09
James O'Shaughnessy,9606,TE,JAX,7,33,-2.8,1,100.0,,0,0,0.0,0,1,0,74.6,80.1,0,7,0.0,0,6,6,100.0,6,84.7,6,18.2,0,26,43,7.2,4.3,4.33,-3.0,1,100.0,,0,0,0.0,0,1,0,72.1,81.2,0,7,5.6,1,18,4,94.4,17,91.7,4,12.1,0,24,36,9.0,6.0,1.41,,0,,,0,0,,0,0,0,,,0,0,0.0,0,2,0,100.0,2,0.0,0,0.0,0,0,0,,,0.0,16.0,0,80.0,,0,0,0.0,0,4,0,72.1,92.2,0,22,0.0,0,18,4,94.4,17,118.8,5,15.2,0,77,14,3.5,19.3,4.53,4.8,0,58.3,0.0,0,3,12.5,1,1,0,52.1,66.6,0,12,0.0,0,40,7,97.5,39,70.5,12,36.4,0,57,23,3.3,8.1,1.46,0,20.5,0,50.0,,0,0,0.0,0,1,0,64.7,76.5,0,24,0.0,0,2,1,100.0,2,93.8,2,6.1,0,24,3,3.0,24.0,12.0,15,,0,,,0,0,,0,0,0,,,0,0,14.3,1,7,0,85.7,6,0.0,0,0.0,0,0,0,,,0.0,20.5,0,50.0,,0,0,0.0,0,1,0,64.7,76.5,0,24,0.0,0,10,1,80.0,8,93.8,2,6.1,0,24,3,3.0,24.0,3.0,12.0,0,100.0,,0,0,0.0,0,1,0,64.7,89.3,0,30,0.0,0,11,1,90.9,10,118.8,1,3.0,0,30,18,18.0,30.0,3.0,4.3,0,66.7,,0,0,0.0,0,0,0,68.3,60.6,0,6,0.0,0,16,2,93.8,15,70.1,3,9.1,0,9,3,1.5,4.5,0.6,15.9,0,71.4,0.0,0,1,0.0,0,5,0,73.4,92.8,0,30,0.0,0,10,5,70.0,7,113.7,7,21.2,0,107,32,6.4,21.4,15.29,0,-2.5,0,100.0,,0,0,0.0,0,0,0,68.3,64.6,0,5,0.0,0,6,2,100.0,6,79.2,2,6.1,0,2,7,3.5,1.0,0.33,,,,0,,,0,0,,0,0,0,0,0,0.0,0,5,0,100.0,5,0.0,0,0.0,0,0,0,,,0.0,19.0,0,0.0,0.0,0,1,,0,0,0,,55.7,0,0,0.0,0,11,0,90.9,10,39.6,1,3.0,0,0,0,,,0.0,3.0,1,100.0,100.0,1,1,0.0,0,2,0,72.1,91.0,0,11,11.1,2,18,3,83.3,15,95.8,3,9.1,0,21,12,4.0,7.0,1.4,4.4,1,66.7,25.0,1,4,7.7,1,3,0,63.2,80.9,0,12,0.0,0,19,12,94.7,18,77.8,18,54.5,0,87,38,3.2,7.3,4.83
Josiah Deguara,47034,TE,GB,17,33,-3.0,1,100.0,,0,0,0.0,0,2,0,75.6,91.3,0,62,0.0,0,7,7,100.0,7,158.3,7,21.2,1,93,114,16.3,13.3,13.29,-3.6,1,100.0,,0,0,0.0,0,2,0,73.4,93.2,0,62,0.0,0,21,5,100.0,21,158.3,5,15.2,1,87,105,21.0,17.4,4.14,22.0,0,0.0,0.0,0,1,100.0,1,0,0,27.9,39.3,1,0,0.0,0,7,0,100.0,7,0.0,2,6.1,0,0,0,,,0.0,15.0,0,0.0,,0,0,100.0,1,0,0,27.9,29.5,0,0,16.7,3,18,0,83.3,15,39.6,2,6.1,0,0,0,,,0.0,2.5,1,83.3,0.0,0,1,0.0,0,3,0,73.4,90.8,0,12,0.0,0,47,5,97.9,46,91.7,6,18.2,0,36,21,4.2,7.2,0.78,0,24.3,0,33.3,0.0,0,1,50.0,1,1,0,28.8,71.0,1,25,0.0,0,3,1,100.0,3,64.6,3,9.1,1,25,0,0.0,25.0,8.33,12,-1.0,0,100.0,,0,0,0.0,0,0,0,64.7,61.8,0,5,0.0,0,6,1,100.0,6,87.5,1,3.0,0,5,6,6.0,5.0,0.83,29.0,0,100.0,,0,0,0.0,0,1,0,64.7,90.9,0,25,10.0,1,10,1,90.0,9,158.3,1,3.0,1,25,0,0.0,25.0,2.78,,0,,,0,0,,0,0,0,,,0,0,0.0,0,9,0,100.0,9,0.0,0,0.0,0,0,0,,,0.0,2.2,0,83.3,,0,0,0.0,0,1,0,73.4,80.7,0,25,3.2,1,31,5,93.5,29,93.8,6,18.2,0,39,33,6.6,7.8,1.34,14.7,0,0.0,0.0,0,1,100.0,1,0,0,27.9,34.3,0,0,0.0,0,4,0,75.0,3,39.6,3,9.1,0,0,0,,,0.0,0,-2.0,0,100.0,,0,0,0.0,0,0,0,64.7,60.5,0,1,0.0,0,5,1,100.0,5,79.2,1,3.0,0,1,3,3.0,1.0,0.2,,,,0,,,0,0,,0,0,0,0,0,15.4,2,13,0,76.9,10,0.0,0,0.0,0,0,0,,,0.0,14.0,0,0.0,0.0,0,1,,0,0,0,,58.6,0,0,9.1,1,11,0,72.7,8,39.6,1,3.0,0,0,0,,,0.0,2.6,0,87.5,,0,0,0.0,0,2,0,75.6,70.9,0,13,5.1,2,39,7,94.9,37,93.8,8,24.2,0,52,40,5.7,7.4,1.41,2.5,1,85.0,0.0,0,1,0.0,0,6,0,82.2,89.9,0,25,0.0,0,20,17,100.0,20,93.1,20,60.6,0,127,94,5.5,7.5,6.35
Samaje Perine,11869,HB,CIN,17,33,-4.4,1,90.0,100.0,1,1,10.0,1,0,0,56.7,62.4,1,9,0.0,0,10,9,100.0,10,43.3,10,30.3,0,39,82,9.1,4.3,3.9,-4.8,0,100.0,100.0,1,1,0.0,0,0,0,72.1,73.5,0,9,0.0,0,10,4,100.0,10,79.2,4,12.1,0,12,31,7.8,3.0,1.2,,0,,,0,0,,0,0,0,,,0,0,0.0,0,2,0,100.0,2,0.0,0,0.0,0,0,0,,,0.0,,0,,,0,0,,0,0,0,,,0,0,13.3,2,15,0,73.3,11,0.0,0,0.0,0,0,0,,,0.0,1.3,0,83.3,0.0,0,1,0.0,0,3,0,78.0,89.0,0,12,8.9,5,56,10,89.3,50,89.2,12,36.4,0,65,55,5.5,6.5,1.3,0,,0,,,0,0,,0,0,0,,,0,0,,0,0,0,,0,0.0,0,0.0,0,0,0,,,,7,-3.5,1,75.0,,0,0,25.0,1,0,0,36.2,43.1,1,8,0.0,0,4,3,100.0,4,45.8,4,12.1,0,20,33,11.0,6.7,5.0,,0,,,0,0,,0,0,0,,,0,0,18.2,2,11,0,72.7,8,0.0,0,0.0,0,0,0,,,0.0,,0,,,0,0,,0,0,0,,,0,0,53.8,7,13,0,38.5,5,0.0,0,0.0,0,0,0,,,0.0,2.8,0,50.0,,0,0,50.0,2,2,0,27.3,45.4,0,13,29.4,5,17,2,70.6,12,66.7,4,12.1,0,22,13,6.5,11.0,1.83,,0,,,0,0,,0,0,0,,,0,0,,0,0,0,,0,0.0,0,0.0,0,0,0,,,,0,-5.5,0,100.0,,0,0,0.0,0,0,0,68.3,69.2,0,4,0.0,0,3,2,100.0,3,81.3,2,6.1,0,7,18,9.0,3.5,2.33,,,,0,,,0,0,,0,0,0,0,0,25.0,4,16,0,75.0,12,0.0,0,0.0,0,0,0,,,0.0,,0,,,0,0,,0,0,0,,,0,0,33.3,4,12,0,58.3,7,0.0,0,0.0,0,0,0,,,0.0,2.0,1,100.0,,0,0,0.0,0,4,0,75.6,93.8,0,23,15.4,4,26,7,84.6,22,150.3,7,21.2,1,74,60,8.6,10.6,3.36,1.8,1,82.6,0.0,0,1,9.5,2,9,0,57.1,91.5,0,23,0.0,0,23,19,100.0,23,110.3,23,69.7,1,161,128,6.7,8.5,7.0
Sony Michel,27589,HB,LA,19,33,-3.3,3,76.5,,0,0,0.0,0,2,0,80.0,74.6,0,24,0.0,0,17,13,100.0,17,79.5,17,51.5,0,56,97,7.5,4.3,3.29,-3.3,1,62.5,,0,0,0.0,0,2,0,73.4,63.7,0,24,17.4,4,23,5,73.9,17,76.0,8,24.2,0,42,58,11.6,8.4,2.47,,0,,,0,0,,0,0,0,,,0,0,20.0,3,15,0,73.3,11,0.0,0,0.0,0,0,0,,,0.0,,0,,,0,0,,0,0,0,,,0,0,19.6,9,46,0,73.9,34,0.0,0,0.0,0,0,0,,,0.0,2.0,2,70.0,,0,0,22.2,2,3,0,35.3,68.0,0,12,10.8,7,65,7,86.2,56,112.5,10,30.3,1,45,30,4.3,6.4,0.8,0,,0,,,0,0,,0,0,0,,,0,0,,0,0,0,,0,0.0,0,0.0,0,0,0,,,,26,-3.3,1,100.0,,0,0,0.0,0,0,0,70.5,65.7,0,4,0.0,0,11,3,90.9,10,79.2,3,9.1,0,4,14,4.7,1.3,0.4,,0,,,0,0,,0,0,0,,,0,0,22.2,2,9,0,55.6,5,0.0,0,0.0,0,0,0,,,0.0,,0,,,0,0,,0,0,0,,,0,0,8.7,2,23,0,87.0,20,0.0,0,0.0,0,0,0,,,0.0,2.8,2,60.0,,0,0,0.0,0,1,0,70.5,70.1,0,11,18.8,6,32,3,78.1,25,71.3,5,15.2,0,23,12,4.0,7.7,0.92,,0,,,0,0,,0,0,0,,,0,0,,0,0,0,,0,0.0,0,0.0,0,0,0,,,,0,-3.3,1,83.3,,0,0,0.0,0,0,0,73.4,82.4,0,5,8.3,1,12,5,91.7,11,79.2,6,18.2,0,10,25,5.0,2.0,0.91,,,,0,,,0,0,,0,0,0,0,0,22.2,2,9,0,77.8,7,0.0,0,0.0,0,0,0,,,0.0,,0,,,0,0,,0,0,0,,,0,0,23.1,3,13,0,76.9,10,0.0,0,0.0,0,0,0,,,0.0,4.0,0,0.0,,0,0,,0,0,0,,60.0,1,0,14.0,6,43,0,86.0,37,0.0,1,3.0,0,0,0,,,0.0,2.4,4,62.5,,0,0,16.7,2,4,0,43.5,72.0,1,12,0.0,0,17,10,94.1,16,66.7,16,48.5,1,68,42,4.2,6.8,4.25
Hayden Hurst,47294,TE,ATL,13,32,-2.5,2,100.0,,0,0,0.0,0,0,2,74.6,27.2,0,7,0.0,0,6,6,100.0,6,79.2,6,18.8,0,11,26,4.3,1.8,1.83,-2.8,2,100.0,,0,0,0.0,0,0,2,73.4,25.7,0,5,0.0,0,16,5,100.0,16,79.2,5,15.6,0,4,18,3.6,0.8,0.25,42.0,0,0.0,0.0,0,1,,0,0,0,,58.6,0,0,33.3,3,9,0,66.7,6,39.6,2,6.3,0,0,0,,,0.0,12.0,0,66.7,100.0,1,1,0.0,0,2,0,68.3,89.9,1,17,27.5,11,40,2,70.0,28,102.1,3,9.4,1,32,8,4.0,16.0,1.14,4.7,1,81.8,0.0,0,1,0.0,0,4,0,77.3,91.6,0,16,5.1,4,78,9,91.0,71,124.2,11,34.4,1,72,34,3.8,8.0,1.01,0,38.7,0,33.3,0.0,0,1,0.0,0,1,0,64.7,88.7,0,33,0.0,0,3,1,100.0,3,75.7,3,9.4,0,33,1,1.0,33.0,11.0,2,,0,,,0,0,,0,0,0,,,0,0,50.0,3,6,0,50.0,3,0.0,0,0.0,0,0,0,,,0.0,32.0,0,100.0,,0,0,0.0,0,1,0,64.7,90.8,0,33,14.3,1,7,1,85.7,6,118.8,1,3.1,0,33,1,1.0,33.0,5.5,,0,,,0,0,,0,0,0,,,0,0,14.3,1,7,0,71.4,5,0.0,0,0.0,0,0,0,,,0.0,4.7,0,100.0,,0,0,0.0,0,0,0,70.5,87.7,0,12,10.5,2,19,3,78.9,15,95.8,3,9.4,0,21,7,2.3,7.0,1.4,12.3,0,66.7,50.0,1,2,0.0,0,3,1,72.1,83.9,1,17,0.0,0,6,4,100.0,6,99.3,6,18.8,2,60,11,2.8,15.0,10.0,0,-1.0,0,100.0,,0,0,0.0,0,0,0,64.7,61.0,0,7,16.7,1,6,1,83.3,5,95.8,1,3.1,0,7,8,8.0,7.0,1.4,,,,0,,,0,0,,0,0,0,0,0,22.2,2,9,0,77.8,7,0.0,0,0.0,0,0,0,,,0.0,12.7,0,66.7,0.0,0,1,0.0,0,1,1,68.3,60.9,0,16,9.1,1,11,2,81.8,9,136.1,3,9.4,1,28,3,1.5,14.0,3.11,3.0,0,100.0,,0,0,0.0,0,3,0,70.5,93.5,0,11,17.9,5,28,3,78.6,22,100.0,3,9.4,0,24,15,5.0,8.0,1.09,4.4,1,88.2,0.0,0,1,0.0,0,7,0,81.1,94.4,0,16,0.0,0,19,15,89.5,17,115.0,17,53.1,1,117,56,3.7,7.8,6.88
Tommy Tremble,84025,TE,CAR,16,32,-1.0,0,100.0,100.0,1,1,0.0,0,0,0,70.5,88.2,0,3,0.0,0,3,2,66.7,2,79.2,2,6.3,0,4,6,3.0,2.0,2.0,-1.0,0,100.0,,0,0,0.0,0,0,0,68.3,89.6,0,3,4.5,1,22,1,90.9,20,79.2,1,3.1,0,3,4,4.0,3.0,0.15,,0,,,0,0,,0,0,0,,,0,0,16.7,1,6,0,83.3,5,0.0,0,0.0,0,0,0,,,0.0,13.3,0,50.0,,0,0,33.3,1,2,0,30.0,72.3,0,19,17.2,5,29,2,79.3,23,77.1,4,12.5,0,32,4,2.0,16.0,1.39,4.2,1,66.7,,0,0,14.3,1,3,0,29.8,67.8,1,14,1.3,1,76,6,96.1,73,37.0,9,28.1,0,41,20,3.3,6.8,0.56,0,26.7,0,33.3,,0,0,0.0,0,1,0,64.7,86.0,0,30,0.0,0,3,1,100.0,3,71.5,3,9.4,0,30,5,5.0,30.0,10.0,5,,0,,,0,0,,0,0,0,,,0,0,0.0,0,6,0,100.0,6,0.0,0,0.0,0,0,0,,,0.0,35.0,0,0.0,,0,0,,0,0,0,,59.6,0,0,25.0,1,4,0,75.0,3,39.6,1,3.1,0,0,0,,,0.0,14.0,0,33.3,,0,0,0.0,0,1,0,64.7,78.4,0,16,0.0,0,14,1,100.0,14,52.1,3,9.4,0,16,4,4.0,16.0,1.14,4.0,0,100.0,,0,0,0.0,0,1,0,72.1,72.7,0,8,4.2,1,24,4,91.7,22,130.2,4,12.5,1,23,8,2.0,5.8,1.05,13.6,0,30.0,0.0,0,2,25.0,1,3,0,36.8,77.2,0,19,0.0,0,11,3,90.9,10,47.1,10,31.3,0,48,8,2.7,16.0,4.8,0,-1.0,0,100.0,100.0,1,1,0.0,0,0,0,64.7,61.2,0,1,0.0,0,13,1,100.0,13,79.2,1,3.1,0,1,2,2.0,1.0,0.08,64.7,88.2,22.5,0,50.0,,0,0,0.0,0,1,0,0,30,9.1,1,11,1,81.8,9,95.8,2,6.3,0,30,5,5.0,30.0,3.33,13.7,0,0.0,0.0,0,2,,0,0,0,,56.2,0,0,6.3,1,16,0,93.8,15,39.6,3,9.4,0,0,0,,,0.0,2.3,1,100.0,,0,0,0.0,0,2,0,72.1,89.8,0,14,12.5,3,24,4,83.3,20,102.1,4,12.5,0,34,25,6.3,8.5,1.7,3.7,2,82.4,,0,0,6.7,1,6,0,49.8,81.3,1,14,0.0,0,18,14,94.4,17,85.8,17,53.1,1,98,53,3.8,7.0,5.76
Pharaoh Brown,12247,TE,HST,15,32,-2.0,1,100.0,,0,0,0.0,0,0,1,73.4,30.4,0,7,0.0,0,5,5,100.0,5,85.0,5,15.6,0,22,32,6.4,4.4,4.4,-2.3,1,100.0,,0,0,0.0,0,0,1,72.1,29.3,0,5,11.8,4,34,4,85.3,29,82.3,4,12.5,0,15,24,6.0,3.8,0.52,,0,,,0,0,,0,0,0,,,0,0,83.3,5,6,0,16.7,1,0.0,0,0.0,0,0,0,,,0.0,14.3,0,66.7,,0,0,0.0,0,2,0,68.3,95.8,0,29,38.1,8,21,2,61.9,13,109.7,3,9.4,0,44,15,7.5,22.0,3.38,4.4,1,54.5,25.0,1,4,14.3,1,1,0,49.2,59.6,1,9,10.0,5,50,6,86.0,43,24.1,11,34.4,0,38,13,2.2,6.3,0.88,0,35.0,0,0.0,,0,0,,0,0,0,,59.9,0,0,0.0,0,1,0,100.0,1,39.6,1,3.1,0,0,0,,,0.0,13,,0,,,0,0,,0,0,0,,,0,0,20.0,1,5,0,80.0,4,0.0,0,0.0,0,0,0,,,0.0,,0,,,0,0,,0,0,0,,,0,0,63.6,7,11,0,18.2,2,0.0,0,0.0,0,0,0,,,0.0,12.0,1,100.0,,0,0,0.0,0,1,0,64.7,91.0,0,25,50.0,9,18,1,44.4,8,118.8,1,3.1,0,25,13,13.0,25.0,3.13,0.8,1,80.0,,0,0,20.0,1,0,0,41.6,40.8,0,3,5.3,1,19,4,94.7,18,79.2,5,15.6,0,10,6,1.5,2.5,0.56,13.4,1,60.0,,0,0,0.0,0,3,0,70.5,97.3,0,29,0.0,0,5,3,100.0,5,104.2,5,15.6,0,69,28,9.3,23.0,13.8,0,-1.0,0,100.0,,0,0,0.0,0,0,0,64.7,61.8,0,7,10.0,1,10,1,80.0,8,95.8,1,3.1,0,7,8,8.0,7.0,0.88,,59.9,35.0,0,0.0,,0,0,,0,0,0,0,0,75.0,9,12,0,25.0,3,39.6,1,3.1,0,0,0,,,0.0,12.0,0,0.0,,0,0,,0,0,0,,58.2,0,0,46.2,6,13,0,53.8,7,39.6,1,3.1,0,0,0,,,0.0,1.0,0,100.0,,0,0,0.0,0,2,0,73.4,91.8,0,12,19.4,7,36,5,75.0,27,93.3,5,15.6,0,32,27,5.4,6.4,1.19,2.7,2,71.4,25.0,1,4,11.8,2,3,0,51.2,70.2,1,12,0.0,0,22,15,95.5,21,57.6,21,65.6,0,80,46,3.1,5.3,3.81
Rex Burkhead,7971,HB,HST,16,31,-3.9,0,87.5,,0,0,0.0,0,2,0,75.6,83.3,0,10,0.0,0,8,7,100.0,8,80.2,8,25.8,0,26,54,7.7,3.7,3.25,-4.3,0,85.7,,0,0,0.0,0,2,0,74.6,82.7,0,10,9.1,2,22,6,90.9,20,82.1,7,22.6,0,26,53,8.8,4.3,1.3,,0,,,0,0,,0,0,0,,,0,0,0.0,0,5,0,100.0,5,0.0,0,0.0,0,0,0,,,0.0,,0,,,0,0,,0,0,0,,,0,0,30.0,3,10,0,70.0,7,0.0,0,0.0,0,0,0,,,0.0,3.7,1,86.7,100.0,2,2,0.0,0,6,0,80.0,93.6,0,20,7.4,4,54,13,92.6,50,99.4,15,48.4,0,118,70,5.4,9.1,2.36,0,,0,,,0,0,,0,0,0,,,0,0,,0,0,0,,0,0.0,0,0.0,0,0,0,,,,13,,0,,,0,0,,0,0,0,,,0,0,0.0,0,2,0,100.0,2,0.0,0,0.0,0,0,0,,,0.0,,0,,,0,0,,0,0,0,,,0,0,28.6,2,7,0,57.1,4,0.0,0,0.0,0,0,0,,,0.0,,0,,,0,0,,0,0,0,,,0,0,30.0,3,10,0,60.0,6,0.0,0,0.0,0,0,0,,,0.0,2.8,0,50.0,0.0,0,1,0.0,0,0,0,72.1,82.9,1,9,38.5,10,26,2,53.8,14,16.7,4,12.9,0,11,5,2.5,5.5,0.79,18.0,0,100.0,,0,0,0.0,0,1,0,64.7,90.8,0,20,0.0,0,1,1,100.0,1,118.8,1,3.2,0,20,2,2.0,20.0,20.0,0,-1.0,0,100.0,,0,0,0.0,0,0,0,64.7,65.4,0,0,0.0,0,6,1,100.0,6,79.2,1,3.2,0,0,1,1.0,0.0,0.0,,,,0,,,0,0,,0,0,0,0,0,20.0,3,15,0,73.3,11,0.0,0,0.0,0,0,0,,,0.0,18.0,0,100.0,,0,0,0.0,0,1,0,64.7,90.8,0,20,22.2,2,9,1,77.8,7,118.8,1,3.2,0,20,2,2.0,20.0,2.86,1.0,0,66.7,,0,0,0.0,0,0,0,68.3,63.5,0,6,31.3,10,32,2,68.8,22,72.9,3,9.7,0,11,9,4.5,5.5,0.5,3.1,1,77.3,66.7,2,3,0.0,0,6,0,83.2,93.5,1,20,0.0,0,24,17,91.7,22,74.1,22,71.0,0,140,84,4.9,8.2,6.36
Jordan Akins,47050,TE,HST,13,31,-3.0,1,100.0,,0,0,0.0,0,0,0,72.1,90.5,0,8,0.0,0,4,4,100.0,4,88.5,4,12.9,0,21,33,8.3,5.3,5.25,-3.7,1,100.0,,0,0,0.0,0,0,0,70.5,90.6,0,8,5.3,1,19,3,89.5,17,97.2,3,9.7,0,22,33,11.0,7.3,1.29,21.0,0,100.0,,0,0,0.0,0,1,0,64.7,90.9,0,31,42.9,3,7,1,57.1,4,118.8,1,3.2,0,31,10,10.0,31.0,7.75,13.5,0,50.0,,0,0,0.0,0,1,0,64.7,71.1,0,13,15.4,2,13,1,84.6,11,70.8,2,6.5,0,13,0,0.0,13.0,1.18,5.7,0,71.4,100.0,1,1,28.6,2,2,1,29.2,37.2,0,15,0.0,0,46,5,95.7,44,86.6,7,22.6,0,42,8,1.6,8.4,0.95,0,21.0,0,100.0,,0,0,0.0,0,1,0,64.7,90.9,0,31,0.0,0,1,1,100.0,1,118.8,1,3.2,0,31,10,10.0,31.0,31.0,13,-1.0,0,100.0,,0,0,0.0,0,0,0,64.7,63.1,0,-1,25.0,1,4,1,75.0,3,79.2,1,3.2,0,-1,0,0.0,-1.0,-0.33,,0,,,0,0,,0,0,0,,,0,0,40.0,2,5,0,60.0,3,0.0,0,0.0,0,0,0,,,0.0,15.0,0,66.7,100.0,1,1,0.0,0,2,0,68.3,95.9,0,18,9.1,1,11,2,81.8,9,106.3,3,9.7,0,35,7,3.5,17.5,3.89,4.4,1,80.0,0.0,0,1,0.0,0,2,0,72.1,90.8,1,9,8.3,2,24,4,87.5,21,49.6,5,16.1,0,27,13,3.3,6.8,1.29,14.0,0,50.0,100.0,1,1,0.0,0,3,0,70.5,94.3,0,18,0.0,0,6,3,100.0,6,77.1,6,19.4,0,48,7,2.3,16.0,8.0,0,,0,,,0,0,,0,0,0,,,0,0,0.0,0,4,0,75.0,3,0.0,0,0.0,0,0,0,,,0.0,,,,0,,,0,0,,0,0,0,0,0,0.0,0,8,0,87.5,7,0.0,0,0.0,0,0,0,,,0.0,12.0,0,0.0,,0,0,,0,0,0,,58.6,0,0,0.0,0,12,0,91.7,11,39.6,1,3.2,0,0,0,,,0.0,5.3,0,87.5,,0,0,0.0,0,3,1,75.6,64.1,0,12,8.6,3,35,7,82.9,29,90.1,8,25.8,0,45,12,1.7,6.4,1.55,5.2,1,80.0,50.0,1,2,11.1,2,7,2,53.1,63.2,1,15,0.0,0,20,16,100.0,20,69.6,20,64.5,0,114,33,2.1,7.1,5.7
Zack Moss,40341,HB,BUF,14,31,-2.9,4,92.9,0.0,0,1,0.0,0,5,1,80.0,83.2,0,16,0.0,0,14,13,100.0,14,93.8,14,45.2,0,91,128,9.8,7.0,6.5,-4.0,2,85.7,0.0,0,1,0.0,0,2,0,74.6,91.0,0,15,15.4,2,13,6,84.6,11,90.5,7,22.6,0,40,65,10.8,6.7,3.64,,0,,,0,0,,0,0,0,,,0,0,11.1,1,9,0,77.8,7,0.0,0,0.0,0,0,0,,,0.0,,0,,,0,0,,0,0,0,,,0,0,13.6,3,22,0,81.8,18,0.0,0,0.0,0,0,0,,,0.0,3.6,1,70.0,,0,0,12.5,1,6,0,54.9,90.3,1,24,15.9,7,44,7,81.8,36,91.3,10,32.3,1,89,64,9.1,12.7,2.47,0,,0,,,0,0,,0,0,0,,,0,0,,0,0,0,,0,0.0,0,0.0,0,0,0,,,,4,-1.6,2,100.0,,0,0,0.0,0,2,1,73.4,41.8,0,16,21.4,3,14,5,78.6,11,95.8,5,16.1,0,35,43,8.6,7.0,3.18,,0,,,0,0,,0,0,0,,,0,0,25.0,2,8,0,75.0,6,0.0,0,0.0,0,0,0,,,0.0,11.0,0,0.0,,0,0,,0,0,0,,60.0,0,0,25.0,5,20,0,70.0,14,39.6,1,3.2,0,0,0,,,0.0,3.3,0,50.0,,0,0,33.3,1,1,0,29.9,37.8,0,7,6.3,1,16,2,81.3,13,56.3,4,12.9,0,11,4,2.0,5.5,0.85,11.0,0,0.0,,0,0,,0,0,0,,60.0,0,0,0.0,0,1,0,100.0,1,39.6,1,3.2,0,0,0,,,0.0,0,-2.0,0,100.0,,0,0,0.0,0,1,0,68.3,70.3,0,15,16.7,1,6,2,83.3,5,100.0,2,6.5,0,16,20,10.0,8.0,3.2,,,,0,,,0,0,,0,0,0,0,0,27.8,5,18,0,61.1,11,0.0,0,0.0,0,0,0,,,0.0,,0,,,0,0,,0,0,0,,,0,0,28.6,4,14,0,71.4,10,0.0,0,0.0,0,0,0,,,0.0,3.5,0,50.0,0.0,0,1,0.0,0,0,1,64.7,21.7,0,6,18.8,3,16,1,81.3,13,56.3,2,6.5,0,6,5,5.0,6.0,0.46,3.5,1,62.5,0.0,0,1,16.7,2,7,1,43.8,46.7,1,24,0.0,0,17,10,94.1,16,76.6,16,51.6,1,106,73,7.3,10.6,6.63
Mark Ingram II,6180,HB,NO,14,31,-3.9,6,93.3,0.0,0,1,6.7,1,4,0,64.4,92.0,0,18,0.0,0,15,14,100.0,15,81.4,15,48.4,0,53,106,7.6,3.8,3.53,-4.1,4,100.0,,0,0,0.0,0,2,0,77.3,91.8,0,18,13.3,2,15,9,86.7,13,86.6,9,29.0,0,43,80,8.9,4.8,3.31,,0,,,0,0,,0,0,0,,,0,0,28.6,2,7,0,57.1,4,0.0,0,0.0,0,0,0,,,0.0,,0,,,0,0,,0,0,0,,,0,0,25.0,3,12,0,75.0,9,0.0,0,0.0,0,0,0,,,0.0,2.0,2,90.9,0.0,0,1,0.0,0,3,0,78.0,90.5,0,14,7.1,3,42,10,90.5,38,89.4,11,35.5,0,60,38,3.8,6.0,1.58,0,20.0,0,0.0,,0,0,,0,0,0,,59.3,0,0,0.0,0,1,0,100.0,1,39.6,1,3.2,0,0,0,,,0.0,20,-2.5,0,75.0,0.0,0,1,25.0,1,2,0,36.2,77.3,0,5,28.6,2,7,3,71.4,5,77.1,4,12.9,0,9,14,4.7,3.0,1.8,20.0,0,0.0,,0,0,,0,0,0,,59.3,0,0,33.3,4,12,0,66.7,8,39.6,1,3.2,0,0,0,,,0.0,16.0,0,100.0,,0,0,0.0,0,1,0,64.7,90.4,0,34,21.4,3,14,1,64.3,9,118.8,1,3.2,0,34,18,18.0,34.0,3.78,3.0,0,100.0,,0,0,0.0,0,1,0,68.3,78.0,0,10,23.1,3,13,2,76.9,10,97.9,2,6.5,0,15,9,4.5,7.5,1.5,16.0,0,100.0,,0,0,0.0,0,1,0,64.7,90.4,0,34,0.0,0,1,1,100.0,1,118.8,1,3.2,0,34,18,18.0,34.0,34.0,0,-5.5,2,100.0,,0,0,0.0,0,0,0,68.3,68.8,0,3,0.0,0,3,2,100.0,3,79.2,2,6.5,0,1,12,6.0,0.5,0.33,,,,0,,,0,0,,0,0,0,0,0,57.1,4,7,0,42.9,3,0.0,0,0.0,0,0,0,,,0.0,,0,,,0,0,,0,0,0,,,0,0,23.8,5,21,0,66.7,14,0.0,0,0.0,0,0,0,,,0.0,6.0,0,0.0,,0,0,,0,0,0,,55.6,0,0,40.0,8,20,0,35.0,7,39.6,1,3.2,0,0,0,,,0.0,2.4,2,85.7,0.0,0,1,0.0,0,4,0,79.4,89.6,0,14,0.0,0,16,12,87.5,14,89.0,14,45.2,0,75,47,3.9,6.3,5.36
Antoine Wesley,39967,WR,ARZ,15,31,-1.7,1,100.0,,0,0,0.0,0,0,0,70.5,73.6,0,6,0.0,0,3,3,100.0,3,87.5,3,9.7,0,15,20,6.7,5.0,5.0,,0,,,0,0,,0,0,0,,,0,0,0.0,0,32,0,100.0,32,0.0,0,0.0,0,0,0,,,0.0,,0,,,0,0,,0,0,0,,59.7,0,0,0.0,0,7,0,85.7,6,0.0,0,0.0,0,0,0,,,0.0,12.3,0,33.3,0.0,0,1,0.0,0,1,0,64.7,86.5,1,25,0.0,0,27,1,96.3,26,25.0,3,9.7,0,25,10,10.0,25.0,0.96,4.2,0,77.8,50.0,1,2,0.0,0,2,0,75.6,80.3,0,9,0.0,0,69,7,95.7,66,123.6,9,29.0,1,43,17,2.4,6.1,0.65,0,25.3,0,37.5,50.0,3,6,0.0,0,3,0,70.5,91.7,0,33,0.0,0,10,3,80.0,8,112.5,8,25.8,2,76,0,0.0,25.3,9.5,1,-1.7,1,100.0,,0,0,0.0,0,0,0,70.5,73.6,0,6,0.0,0,10,3,100.0,10,87.5,3,9.7,0,15,20,6.7,5.0,1.5,24.1,0,28.6,40.0,2,5,0.0,0,2,0,68.3,86.4,0,24,0.0,0,13,2,92.3,12,92.3,7,22.6,2,43,0,0.0,21.5,3.58,11.7,0,0.0,0.0,0,2,100.0,1,0,0,27.9,40.5,0,0,0.0,0,4,0,100.0,4,39.6,3,9.7,0,0,0,,,0.0,5.5,1,100.0,100.0,1,1,0.0,0,2,0,73.4,89.7,0,20,0.0,0,13,4,92.3,12,105.2,4,12.9,0,37,15,3.8,9.3,3.08,12.0,0,28.6,0.0,0,3,33.3,1,2,0,29.9,76.4,1,25,0.0,0,7,2,100.0,7,9.5,7,22.6,0,37,10,5.0,18.5,5.29,0,,0,,,0,0,,0,0,0,,,0,0,0.0,0,13,0,100.0,13,0.0,0,0.0,0,0,0,,,0.0,64.7,90.7,33.0,0,100.0,100.0,1,1,0.0,0,1,0,0,33,0.0,0,14,1,85.7,12,118.8,1,3.2,0,33,0,0.0,33.0,2.75,12.0,0,100.0,,0,0,0.0,0,1,0,64.7,79.2,0,12,0.0,0,16,1,87.5,14,116.7,1,3.2,0,12,0,0.0,12.0,0.86,,0,,,0,0,,0,0,0,,,0,0,0.0,0,24,0,100.0,24,0.0,0,0.0,0,0,0,,,0.0,4.6,1,84.6,66.7,2,3,0.0,0,4,0,79.4,90.0,0,20,0.0,0,15,11,86.7,13,117.9,13,41.9,1,80,32,2.9,7.3,6.15
Isaiah McKenzie,11927,WR,BUF,17,30,-4.0,4,85.7,,0,0,0.0,0,2,0,74.6,86.7,0,19,0.0,0,7,6,100.0,7,90.5,7,23.3,0,40,62,10.3,6.7,5.71,-4.7,2,66.7,,0,0,0.0,0,0,0,68.3,74.7,0,9,0.0,0,21,2,100.0,21,74.3,3,10.0,0,12,20,10.0,6.0,0.57,,0,,,0,0,,0,0,0,,,0,0,0.0,0,3,0,100.0,3,0.0,0,0.0,0,0,0,,,0.0,14.5,0,100.0,100.0,1,1,0.0,0,2,0,68.3,93.3,0,19,0.0,0,11,2,90.9,10,152.1,2,6.7,1,22,2,1.0,11.0,2.2,5.0,0,60.0,,0,0,25.0,1,3,0,36.2,79.3,0,12,0.0,0,38,3,100.0,38,75.4,5,16.7,0,28,12,4.0,9.3,0.74,0,26.5,0,50.0,100.0,1,1,0.0,0,1,0,64.7,81.0,0,28,0.0,0,2,1,100.0,2,95.8,2,6.7,0,28,0,0.0,28.0,14.0,4,-2.5,1,100.0,,0,0,0.0,0,1,0,68.3,76.5,0,5,0.0,0,8,2,100.0,8,79.2,2,6.7,0,6,11,5.5,3.0,0.75,28.0,0,100.0,100.0,1,1,0.0,0,1,0,64.7,91.0,0,28,0.0,0,4,1,50.0,2,118.8,1,3.3,0,28,0,0.0,28.0,14.0,15.8,0,75.0,,0,0,0.0,0,3,0,70.5,91.7,0,18,0.0,0,14,3,100.0,14,116.7,4,13.3,0,50,5,1.7,16.7,3.57,1.8,0,100.0,,0,0,0.0,0,2,0,73.4,81.2,0,11,0.0,0,12,5,91.7,11,88.3,5,16.7,0,26,17,3.4,5.2,2.36,15.9,0,71.4,50.0,1,2,0.0,0,5,0,73.4,94.8,0,19,0.0,0,7,5,100.0,7,144.0,7,23.3,1,72,7,1.4,14.4,10.29,0,-4.5,1,100.0,,0,0,0.0,0,1,0,68.3,77.1,0,19,0.0,0,6,2,100.0,6,112.5,2,6.7,0,22,31,15.5,11.0,3.67,,60.0,25.0,0,0.0,,0,0,,0,0,0,0,0,0.0,0,6,0,100.0,6,39.6,1,3.3,0,0,0,,,0.0,19.0,0,0.0,0.0,0,1,,0,0,0,,59.8,0,0,0.0,0,5,0,100.0,5,39.6,1,3.3,0,0,0,,,0.0,4.3,0,100.0,,0,0,0.0,0,2,0,72.1,91.4,0,9,0.0,0,13,4,84.6,11,100.0,4,13.3,0,32,15,3.8,8.0,2.91,3.6,0,85.7,,0,0,7.7,1,7,0,61.8,91.7,0,12,0.0,0,14,12,100.0,14,92.3,14,46.7,0,86,44,3.7,7.2,6.14
Jerick McKinnon,8731,HB,KC,14,29,-4.1,6,94.7,,0,0,0.0,0,10,0,82.7,97.0,0,23,0.0,0,19,18,100.0,19,140.4,19,65.5,2,176,249,13.8,9.8,9.26,-4.2,1,88.9,,0,0,0.0,0,5,0,76.5,93.8,0,23,0.0,0,20,8,100.0,20,150.9,9,31.0,1,102,136,17.0,12.8,5.1,,0,,,0,0,,0,0,0,,,0,0,25.0,1,4,0,50.0,2,0.0,0,0.0,0,0,0,,,0.0,,0,,,0,0,,0,0,0,,,0,0,5.6,1,18,0,83.3,15,0.0,0,0.0,0,0,0,,,0.0,2.5,1,100.0,,0,0,0.0,0,2,0,68.3,83.6,0,9,6.4,3,47,2,87.2,41,108.3,2,6.9,0,20,15,7.5,10.0,0.49,0,,0,,,0,0,,0,0,0,,,0,0,,0,0,0,,0,0.0,0,0.0,0,0,0,,,,16,-4.2,4,100.0,,0,0,0.0,0,3,0,74.6,93.5,0,15,11.1,1,9,6,88.9,8,138.9,6,20.7,1,47,72,12.0,7.8,5.88,,0,,,0,0,,0,0,0,,,0,0,0.0,0,2,0,100.0,2,0.0,0,0.0,0,0,0,,,0.0,,0,,,0,0,,0,0,0,,,0,0,0.0,0,7,0,71.4,5,0.0,0,0.0,0,0,0,,,0.0,2.0,0,60.0,,0,0,0.0,0,3,0,70.5,82.7,0,14,11.1,2,18,3,88.9,16,73.8,5,17.2,0,26,21,7.0,8.7,1.63,18.0,0,0.0,,0,0,,0,0,0,,59.9,0,0,0.0,0,1,0,100.0,1,39.6,1,3.4,0,0,0,,,0.0,0,-3.5,1,100.0,,0,0,0.0,0,2,0,72.1,93.0,0,9,0.0,0,9,4,100.0,9,94.8,4,13.8,0,27,41,10.3,6.8,3.0,,,,0,,,0,0,,0,0,0,0,0,0.0,0,13,0,92.3,12,0.0,0,0.0,0,0,0,,,0.0,18.0,0,0.0,,0,0,,0,0,0,,59.9,0,0,11.1,1,9,0,88.9,8,39.6,1,3.4,0,0,0,,,0.0,4.0,0,50.0,,0,0,0.0,0,1,0,64.7,69.7,0,20,20.0,3,15,1,80.0,12,85.4,2,6.9,0,20,19,19.0,20.0,1.67,2.6,1,66.7,,0,0,0.0,0,5,0,74.6,90.6,0,20,0.0,0,9,6,100.0,9,84.0,9,31.0,0,57,46,7.7,9.5,6.33
Marcedes Lewis,2973,TE,GB,18,29,-1.7,2,100.0,,0,0,0.0,0,1,2,74.6,30.5,0,20,0.0,0,6,6,100.0,6,84.7,6,20.7,0,26,36,6.0,4.3,4.33,-1.6,2,100.0,,0,0,0.0,0,1,2,73.4,29.5,0,20,15.0,3,20,5,85.0,17,85.8,5,17.2,0,23,31,6.2,4.6,1.35,,0,,,0,0,,0,0,0,,,0,0,50.0,4,8,0,50.0,4,0.0,0,0.0,0,0,0,,,0.0,15.0,0,100.0,,0,0,0.0,0,2,0,68.3,94.2,0,20,71.4,10,14,2,28.6,4,118.8,2,6.9,0,37,7,3.5,18.5,9.25,3.0,1,100.0,,0,0,0.0,0,1,0,72.1,91.7,0,12,19.4,6,31,4,71.0,22,101.0,4,13.8,0,33,21,5.3,8.3,1.5,0,28.0,0,0.0,,0,0,,0,0,0,,59.8,0,0,0.0,0,1,0,100.0,1,39.6,1,3.4,0,0,0,,,0.0,12,,0,,,0,0,,0,0,0,,,0,0,25.0,1,4,0,75.0,3,0.0,0,0.0,0,0,0,,,0.0,,0,,,0,0,,0,0,0,,,0,0,0.0,0,2,0,100.0,2,0.0,0,0.0,0,0,0,,,0.0,,0,,,0,0,,0,0,0,,,0,0,0.0,0,4,0,100.0,4,0.0,0,0.0,0,0,0,,,0.0,2.5,6,100.0,,0,0,0.0,0,4,0,74.6,97.8,0,23,21.6,8,37,6,73.0,27,118.8,6,20.7,0,79,64,10.7,13.2,2.93,12.6,0,60.0,,0,0,0.0,0,3,0,70.5,92.7,0,20,0.0,0,5,3,100.0,5,94.6,5,17.2,0,51,10,3.3,17.0,10.2,0,-2.0,0,100.0,,0,0,0.0,0,0,0,64.7,62.6,0,3,0.0,0,7,1,100.0,7,79.2,1,3.4,0,3,5,5.0,3.0,0.43,,59.8,28.0,0,0.0,,0,0,,0,0,0,0,0,21.4,3,14,0,78.6,11,39.6,1,3.4,0,0,0,,,0.0,11.0,0,33.3,,0,0,0.0,0,1,0,64.7,67.9,0,14,22.2,2,9,1,66.7,6,49.3,3,10.3,0,14,3,3.0,14.0,2.33,1.1,0,71.4,,0,0,0.0,0,1,0,73.4,90.0,0,12,15.6,5,32,5,84.4,27,76.5,7,24.1,0,25,20,4.0,5.0,0.93,2.1,7,88.2,,0,0,0.0,0,6,0,81.1,96.8,0,23,0.0,0,17,15,100.0,17,100.2,17,58.6,0,137,105,7.0,9.1,8.06
Terrace Marshall Jr.,84271,WR,CAR,13,29,-3.0,0,66.7,,0,0,20.0,1,1,0,41.6,59.6,0,7,0.0,0,6,4,100.0,6,70.8,6,20.7,0,19,32,8.0,4.8,3.17,-3.3,0,75.0,,0,0,0.0,0,1,0,70.5,72.3,0,7,0.0,0,24,3,100.0,24,79.2,4,13.8,0,14,23,7.7,4.7,0.58,,0,,,0,0,,0,0,0,,,0,0,0.0,0,3,0,100.0,3,0.0,0,0.0,0,0,0,,,0.0,12.8,0,25.0,,0,0,0.0,0,1,0,68.3,78.8,1,12,0.0,0,31,1,87.1,27,0.0,4,13.8,0,12,1,1.0,12.0,0.44,6.3,0,83.3,,0,0,0.0,0,3,0,73.4,91.7,0,11,0.0,0,65,5,95.4,62,99.3,6,20.7,0,47,14,2.8,9.4,0.76,0,20.0,0,0.0,0.0,0,1,,0,0,0,,58.9,0,0,0.0,0,1,0,100.0,1,39.6,1,3.4,0,0,0,,,0.0,5,-2.5,0,50.0,,0,0,50.0,1,0,0,28.8,43.0,0,5,0.0,0,8,1,87.5,7,56.3,2,6.9,0,5,9,9.0,5.0,0.71,,0,,,0,0,,0,0,0,,,0,0,0.0,0,3,0,100.0,3,0.0,0,0.0,0,0,0,,,0.0,13.5,0,0.0,,0,0,,0,0,0,,57.6,1,0,0.0,0,13,0,100.0,13,0.0,2,6.9,0,0,0,,,0.0,3.0,0,100.0,,0,0,0.0,0,0,0,72.1,61.4,0,8,0.0,0,32,4,100.0,32,88.5,4,13.8,0,21,9,2.3,5.3,0.66,13.3,1,30.0,,0,0,25.0,1,3,0,41.6,84.3,2,23,0.0,0,13,3,76.9,10,5.4,10,34.5,0,43,7,2.3,14.3,4.3,0,,0,,,0,0,,0,0,0,,,0,0,0.0,0,7,0,100.0,7,0.0,0,0.0,0,0,0,,,0.0,,58.9,20.0,0,0.0,0.0,0,1,,0,0,0,0,0,0.0,0,9,0,100.0,9,39.6,1,3.4,0,0,0,,,0.0,13.8,1,50.0,,0,0,33.3,1,2,0,29.9,82.4,0,23,0.0,0,13,2,92.3,12,76.0,4,13.8,0,31,6,3.0,15.5,2.58,4.5,0,50.0,,0,0,0.0,0,0,0,64.7,58.8,0,8,0.0,0,27,1,92.6,25,60.4,2,6.9,0,8,3,3.0,8.0,0.32,4.9,0,83.3,,0,0,0.0,0,3,0,78.0,84.3,0,11,0.0,0,12,10,100.0,12,93.1,12,41.4,0,76,26,2.6,7.6,6.33
Zach Gentry,36049,TE,PIT,18,28,-2.6,2,100.0,,0,0,0.0,0,3,0,75.6,92.3,0,17,0.0,0,7,7,100.0,7,88.7,7,25.0,0,37,55,7.9,5.3,5.29,-2.6,2,100.0,,0,0,0.0,0,3,0,75.6,92.3,0,17,23.1,6,26,7,76.9,20,88.7,7,25.0,0,37,55,7.9,5.3,1.85,20.0,0,0.0,,0,0,,0,0,0,,59.8,0,0,11.1,1,9,0,88.9,8,39.6,1,3.6,0,0,0,,,0.0,13.0,0,100.0,,0,0,0.0,0,2,0,68.3,94.1,0,25,22.2,2,9,2,66.7,6,118.8,2,7.1,0,49,23,11.5,24.5,8.17,3.5,2,83.3,50.0,1,2,0.0,0,5,0,78.0,92.0,0,12,13.4,9,67,10,76.1,51,98.3,12,42.9,0,91,52,5.2,9.1,1.78,0,20.0,0,0.0,,0,0,,0,0,0,,59.8,0,0,0.0,0,1,0,100.0,1,39.6,1,3.6,0,0,0,,,0.0,25,,0,,,0,0,,0,0,0,,,0,0,0.0,0,6,0,83.3,5,0.0,0,0.0,0,0,0,,,0.0,,0,,,0,0,,0,0,0,,,0,0,60.0,6,10,0,20.0,2,0.0,0,0.0,0,0,0,,,0.0,,0,,,0,0,,0,0,0,,,0,0,33.3,3,9,0,55.6,5,0.0,0,0.0,0,0,0,,,0.0,2.7,0,66.7,,0,0,0.0,0,1,0,68.3,88.7,0,6,13.6,3,22,2,81.8,18,70.1,3,10.7,0,7,1,0.5,3.5,0.39,14.3,0,66.7,,0,0,0.0,0,2,0,68.3,94.3,0,25,0.0,0,3,2,100.0,3,109.7,3,10.7,0,49,23,11.5,24.5,16.33,0,,0,,,0,0,,0,0,0,,,0,0,0.0,0,13,0,92.3,12,0.0,0,0.0,0,0,0,,,0.0,,,,0,,,0,0,,0,0,0,0,0,52.9,9,17,0,47.1,8,0.0,0,0.0,0,0,0,,,0.0,17.0,0,0.0,,0,0,,0,0,0,,60.0,0,0,37.5,6,16,0,62.5,10,39.6,1,3.6,0,0,0,,,0.0,0.0,0,100.0,,0,0,0.0,0,1,0,68.3,89.5,0,13,20.8,5,24,2,75.0,18,100.0,2,7.1,0,16,16,8.0,8.0,0.89,2.9,2,82.4,50.0,1,2,0.0,0,7,0,80.6,93.3,0,13,0.0,0,17,14,100.0,17,94.6,17,60.7,0,114,69,4.9,8.1,6.71
Mack Hollins,11873,WR,MIA,16,28,,0,,,0,0,,0,0,0,,,0,0,,0,0,0,,0,0.0,0,0.0,0,0,0,,,,,0,,,0,0,,0,0,0,,,0,0,0.0,0,18,0,94.4,17,0.0,0,0.0,0,0,0,,,0.0,33.5,0,0.0,,0,0,,0,0,0,,55.6,1,0,0.0,0,6,0,83.3,5,0.0,2,7.1,0,0,0,,,0.0,14.6,0,55.6,0.0,0,2,0.0,0,4,0,73.4,91.3,0,20,0.0,0,29,5,96.6,28,118.3,9,32.1,1,71,8,1.6,14.2,2.54,5.0,0,100.0,100.0,1,1,0.0,0,3,0,73.4,90.0,0,10,0.0,0,48,5,97.9,47,98.3,5,17.9,0,38,13,2.6,7.6,0.81,0,34.3,0,33.3,100.0,1,1,33.3,1,2,0,36.8,72.1,1,65,0.0,0,9,2,66.7,6,81.9,6,21.4,1,105,22,11.0,52.5,17.5,17,,0,,,0,0,,0,0,0,,,0,0,0.0,0,3,0,100.0,3,0.0,0,0.0,0,0,0,,,0.0,34.0,0,33.3,,0,0,50.0,1,1,0,30.0,57.3,0,65,0.0,0,8,1,75.0,6,121.5,3,10.7,1,65,19,19.0,65.0,10.83,14.3,0,33.3,,0,0,33.3,1,2,0,29.9,68.6,0,5,0.0,0,16,2,87.5,14,81.9,6,21.4,2,9,0,0.0,4.5,0.64,3.0,0,0.0,,0,0,,0,0,0,,55.4,0,0,0.0,0,24,0,87.5,21,39.6,1,3.6,0,0,0,,,0.0,14.6,0,43.8,0.0,0,2,22.2,2,6,0,32.2,84.2,0,20,0.0,0,17,7,94.1,16,99.0,16,57.1,3,80,8,1.1,11.4,5.0,0,,0,,,0,0,,0,0,0,,,0,0,0.0,0,4,0,100.0,4,0.0,0,0.0,0,0,0,,,0.0,64.7,90.9,37.0,0,100.0,100.0,1,1,0.0,0,1,0,0,40,0.0,0,8,1,100.0,8,118.8,1,3.6,0,40,3,3.0,40.0,5.0,16.0,0,0.0,,0,0,100.0,1,0,0,28.0,41.9,0,0,14.3,1,7,0,85.7,6,39.6,1,3.6,0,0,0,,,0.0,,0,,,0,0,,0,0,0,,,0,0,0.0,0,21,0,95.2,20,0.0,0,0.0,0,0,0,,,0.0,4.7,0,83.3,100.0,1,1,0.0,0,3,0,73.4,82.5,0,10,0.0,0,6,5,100.0,6,93.1,6,21.4,0,38,13,2.6,7.6,6.33
Dontrell Hilliard,45691,HB,TEN,8,28,-4.3,1,75.0,,0,0,10.0,1,2,0,57.0,68.7,1,28,0.0,0,12,9,100.0,12,42.4,12,42.9,0,32,75,8.3,3.6,2.67,-5.2,1,88.9,,0,0,11.1,1,2,0,54.9,71.8,0,28,0.0,0,14,8,100.0,14,80.6,9,32.1,0,30,72,9.0,3.8,2.14,,0,,,0,0,,0,0,0,,,0,0,25.0,2,8,0,62.5,5,0.0,0,0.0,0,0,0,,,0.0,,0,,,0,0,,0,0,0,,,0,0,11.1,2,18,0,83.3,15,0.0,0,0.0,0,0,0,,,0.0,2.3,0,72.7,,0,0,20.0,2,2,0,35.3,39.9,0,9,9.7,3,31,8,90.3,28,81.3,11,39.3,0,49,30,3.8,6.1,1.75,0,,0,,,0,0,,0,0,0,,,0,0,,0,0,0,,0,0.0,0,0.0,0,0,0,,,,31,-1.7,0,33.3,,0,0,0.0,0,0,0,64.7,59.7,1,2,0.0,0,4,1,100.0,4,2.8,3,10.7,0,2,3,3.0,2.0,0.5,,0,,,0,0,,0,0,0,,,0,0,33.3,1,3,0,66.7,2,0.0,0,0.0,0,0,0,,,0.0,,0,,,0,0,,0,0,0,,,0,0,100.0,1,1,0,0.0,0,0.0,0,0.0,0,0,0,,,,1.8,0,100.0,100.0,1,1,0.0,0,4,1,72.1,54.3,0,5,9.1,1,11,4,90.9,10,84.4,4,14.3,0,17,10,2.5,4.3,1.7,,0,,,0,0,,0,0,0,,,0,0,,0,0,0,,0,0.0,0,0.0,0,0,0,,,,0,,0,,,0,0,,0,0,0,,,0,0,0.0,0,4,0,100.0,4,0.0,0,0.0,0,0,0,,,0.0,,,,0,,,0,0,,0,0,0,0,0,0.0,0,4,0,100.0,4,0.0,0,0.0,0,0,0,,,0.0,,0,,,0,0,,0,0,0,,,0,0,0.0,0,7,0,100.0,7,0.0,0,0.0,0,0,0,,,0.0,2.0,0,100.0,100.0,1,1,0.0,0,0,0,64.7,65.4,0,2,11.1,1,9,1,88.9,8,79.2,1,3.6,0,2,0,0.0,2.0,0.25,2.1,0,81.3,100.0,2,2,13.3,2,6,1,47.7,44.3,0,9,0.0,0,16,13,100.0,16,84.4,16,57.1,0,68,40,3.1,5.2,4.25
Jamaal Williams,11889,HB,DET,13,28,-3.3,2,100.0,,0,0,0.0,0,2,0,78.0,80.5,0,10,0.0,0,10,10,100.0,10,82.5,10,35.7,0,38,71,7.1,3.8,3.8,-3.3,1,100.0,,0,0,0.0,0,2,0,74.6,83.5,0,10,14.3,2,14,6,85.7,12,86.8,6,21.4,0,29,49,8.2,4.8,2.42,,0,,,0,0,,0,0,0,,,0,0,0.0,0,3,0,100.0,3,0.0,0,0.0,0,0,0,,,0.0,,0,,,0,0,,0,0,0,,,0,0,30.0,3,10,0,70.0,7,0.0,0,0.0,0,0,0,,,0.0,1.7,2,90.0,,0,0,10.0,1,3,0,56.7,79.6,0,15,15.2,5,33,9,84.8,28,96.3,10,35.7,0,71,57,6.3,7.9,2.54,0,,0,,,0,0,,0,0,0,,,0,0,,0,0,0,,0,0.0,0,0.0,0,0,0,,,,11,-4.0,0,100.0,,0,0,0.0,0,0,0,68.3,63.7,0,4,0.0,0,3,2,100.0,3,79.2,2,7.1,0,5,13,6.5,2.5,1.67,,0,,,0,0,,0,0,0,,,0,0,11.1,1,9,0,66.7,6,0.0,0,0.0,0,0,0,,,0.0,,0,,,0,0,,0,0,0,,,0,0,28.6,2,7,0,71.4,5,0.0,0,0.0,0,0,0,,,0.0,4.5,0,100.0,,0,0,0.0,0,1,0,68.3,91.4,0,9,16.7,3,18,2,77.8,14,97.9,2,7.1,0,15,6,3.0,7.5,1.07,,0,,,0,0,,0,0,0,,,0,0,,0,0,0,,0,0.0,0,0.0,0,0,0,,,,0,-2.5,1,100.0,,0,0,0.0,0,0,0,68.3,68.8,0,6,16.7,1,6,2,83.3,5,79.2,2,7.1,0,4,9,4.5,2.0,0.8,,,,0,,,0,0,,0,0,0,0,0,0.0,0,2,0,100.0,2,0.0,0,0.0,0,0,0,,,0.0,,0,,,0,0,,0,0,0,,,0,0,16.7,1,6,0,66.7,4,0.0,0,0.0,0,0,0,,,0.0,2.0,0,83.3,,0,0,16.7,1,0,0,46.3,60.4,0,9,19.0,4,21,5,76.2,16,89.6,6,21.4,0,33,25,5.0,6.6,2.06,2.1,2,88.9,,0,0,11.1,2,4,0,53.1,88.8,0,15,0.0,0,18,16,100.0,18,94.2,18,64.3,0,119,88,5.5,7.4,6.61
Brevin Jordan,77887,TE,HST,9,28,-2.8,4,100.0,,0,0,0.0,0,1,0,75.6,78.9,0,11,0.0,0,7,6,85.7,6,88.2,6,21.4,0,31,48,8.0,5.2,5.17,-3.5,2,100.0,,0,0,0.0,0,1,0,68.3,81.4,0,11,6.7,1,15,2,93.3,14,108.3,2,7.1,0,20,27,13.5,10.0,1.43,,0,,,0,0,,0,0,0,,,0,0,0.0,0,4,0,100.0,4,0.0,0,0.0,0,0,0,,,0.0,17.0,0,50.0,100.0,1,1,0.0,0,1,0,64.7,85.7,0,9,14.3,1,7,1,71.4,5,102.1,2,7.1,1,9,0,0.0,9.0,1.8,5.2,0,80.0,0.0,0,1,0.0,0,3,0,72.1,91.2,0,13,3.1,1,32,4,96.9,31,137.9,5,17.9,1,38,17,4.3,9.5,1.23,0,26.0,0,50.0,100.0,1,1,0.0,0,1,0,64.7,94.1,0,23,0.0,0,2,1,100.0,2,91.7,2,7.1,0,23,1,1.0,23.0,11.5,13,-5.0,0,100.0,,0,0,0.0,0,0,0,64.7,61.8,0,2,0.0,0,1,1,100.0,1,79.2,1,3.6,0,2,7,7.0,2.0,2.0,26.0,0,50.0,100.0,1,1,0.0,0,1,0,64.7,94.1,0,23,0.0,0,6,1,100.0,6,91.7,2,7.1,0,23,1,1.0,23.0,3.83,,0,,,0,0,,0,0,0,,,0,0,0.0,0,7,0,100.0,7,0.0,0,0.0,0,0,0,,,0.0,5.2,0,60.0,,0,0,0.0,0,1,0,70.5,78.4,0,27,0.0,0,21,3,95.2,20,87.1,5,17.9,0,42,29,9.7,14.0,2.1,13.8,0,60.0,50.0,1,2,0.0,0,3,0,70.5,93.4,0,12,0.0,0,5,3,100.0,5,113.3,5,17.9,2,26,0,0.0,8.7,5.2,0,-1.7,2,100.0,,0,0,0.0,0,0,0,72.1,65.3,0,5,22.2,2,9,3,66.7,6,79.2,3,10.7,0,9,14,4.7,3.0,1.5,,,,0,,,0,0,,0,0,0,0,0,0.0,0,6,0,100.0,6,0.0,0,0.0,0,0,0,,,0.0,11.7,0,66.7,0.0,0,1,0.0,0,2,0,68.3,92.1,0,12,22.2,2,9,2,77.8,7,120.8,3,10.7,1,17,0,0.0,8.5,2.43,5.6,0,60.0,66.7,2,3,0.0,0,1,0,70.5,78.3,0,7,12.5,2,16,3,87.5,14,67.1,5,17.9,0,18,5,1.7,6.0,1.29,5.3,0,66.7,50.0,2,4,0.0,0,5,0,78.0,91.6,0,27,0.0,0,15,10,100.0,15,107.1,15,53.6,1,98,51,5.1,9.8,6.53
Harrison Bryant,26394,TE,CLV,16,28,-1.0,0,100.0,,0,0,0.0,0,0,0,64.7,65.4,0,0,0.0,0,1,1,100.0,1,79.2,1,3.6,0,0,1,1.0,0.0,0.0,,0,,,0,0,,0,0,0,,,0,0,6.3,1,16,0,87.5,14,0.0,0,0.0,0,0,0,,,0.0,,0,,,0,0,,0,0,0,,,0,0,0.0,0,4,0,75.0,3,0.0,0,0.0,0,0,0,,,0.0,13.0,0,50.0,,0,0,0.0,0,1,0,64.7,84.8,1,15,0.0,0,18,1,94.4,17,35.4,2,7.1,0,15,2,2.0,15.0,0.88,5.3,0,85.7,50.0,1,2,14.3,1,4,0,49.7,89.1,0,6,2.8,1,36,6,97.2,35,121.1,7,25.0,3,25,3,0.5,4.2,0.71,0,28.3,0,66.7,100.0,1,1,0.0,0,2,0,68.3,96.1,0,41,0.0,0,3,2,100.0,3,109.7,3,10.7,0,70,18,9.0,35.0,23.33,8,,0,,,0,0,,0,0,0,,,0,0,0.0,0,2,0,100.0,2,0.0,0,0.0,0,0,0,,,0.0,28.3,0,66.7,100.0,1,1,0.0,0,2,0,68.3,96.1,0,41,0.0,0,6,2,100.0,6,109.7,3,10.7,0,70,18,9.0,35.0,11.67,13.0,0,33.3,,0,0,0.0,0,1,0,64.7,84.6,1,21,20.0,3,15,1,80.0,12,19.4,3,10.7,0,21,11,11.0,21.0,1.75,3.5,0,100.0,,0,0,0.0,0,2,0,72.1,90.6,0,17,15.4,2,13,4,76.9,10,111.5,4,14.3,0,43,29,7.3,10.8,4.3,13.7,0,44.4,,0,0,0.0,0,4,0,72.1,93.6,2,21,0.0,0,10,4,90.0,9,31.5,9,32.1,0,69,17,4.3,17.3,7.67,0,-1.0,0,100.0,,0,0,0.0,0,0,0,64.7,65.4,0,0,20.0,1,5,1,60.0,3,79.2,1,3.6,0,0,1,1.0,0.0,0.0,,,,0,,,0,0,,0,0,0,0,0,16.7,1,6,0,83.3,5,0.0,0,0.0,0,0,0,,,0.0,14.5,0,50.0,,0,0,0.0,0,2,0,68.3,91.3,0,21,7.7,1,13,2,84.6,11,78.1,4,14.3,0,33,4,2.0,16.5,3.0,3.0,0,100.0,100.0,1,1,0.0,0,2,0,72.1,78.6,0,13,0.0,0,16,4,93.8,15,93.8,4,14.3,0,26,14,3.5,6.5,1.73,4.2,0,93.3,66.7,2,3,6.7,1,8,0,64.7,92.0,0,17,0.0,0,15,14,100.0,15,132.4,15,53.6,3,94,46,3.3,6.7,6.27
JaMycal Hasty,25582,HB,SF,13,27,-3.4,2,80.0,,0,0,0.0,0,1,0,72.1,89.7,0,8,0.0,0,5,4,100.0,5,85.0,5,18.5,0,22,36,9.0,5.5,4.4,-3.3,2,75.0,,0,0,0.0,0,1,0,70.5,92.0,0,8,0.0,0,9,3,100.0,9,79.2,4,14.8,0,14,24,8.0,4.7,1.56,,0,,,0,0,,0,0,0,,,0,0,0.0,0,4,0,100.0,4,0.0,0,0.0,0,0,0,,,0.0,,0,,,0,0,,0,0,0,,,0,0,6.3,1,16,0,93.8,15,0.0,0,0.0,0,0,0,,,0.0,2.6,1,100.0,100.0,1,1,0.0,0,4,0,80.0,93.7,0,23,6.3,2,32,12,87.5,28,95.5,12,44.4,0,83,52,4.3,6.9,2.96,0,,0,,,0,0,,0,0,0,,,0,0,,0,0,0,,0,0.0,0,0.0,0,0,0,,,,28,,0,,,0,0,,0,0,0,,,0,0,0.0,0,1,0,100.0,1,0.0,0,0.0,0,0,0,,,0.0,,0,,,0,0,,0,0,0,,,0,0,0.0,0,2,0,100.0,2,0.0,0,0.0,0,0,0,,,0.0,16.0,0,0.0,,0,0,,0,0,0,,59.5,0,0,10.0,1,10,0,80.0,8,39.6,1,3.7,0,0,0,,,0.0,2.5,0,100.0,,0,0,0.0,0,0,0,68.3,67.8,0,8,0.0,0,7,2,100.0,7,93.8,2,7.4,0,13,8,4.0,6.5,1.86,18.0,0,0.0,,0,0,,0,0,0,,57.3,0,0,0.0,0,3,0,100.0,3,39.6,3,11.1,0,0,0,,,0.0,0,-4.0,0,100.0,,0,0,0.0,0,0,0,64.7,61.1,0,8,0.0,0,2,1,100.0,2,100.0,1,3.7,0,8,12,12.0,8.0,4.0,,,,0,,,0,0,,0,0,0,0,0,28.6,2,7,0,71.4,5,0.0,0,0.0,0,0,0,,,0.0,19.0,0,0.0,,0,0,,0,0,0,,58.8,0,0,0.0,0,4,0,100.0,4,39.6,2,7.4,0,0,0,,,0.0,1.4,1,100.0,,0,0,0.0,0,2,1,73.4,36.1,0,15,0.0,0,10,5,100.0,10,99.2,5,18.5,0,39,32,6.4,7.8,3.9,2.3,2,100.0,100.0,1,1,0.0,0,6,1,83.6,90.6,0,23,0.0,0,20,19,95.0,19,96.3,19,70.4,0,135,92,4.8,7.1,7.11
Ian Thomas,42130,TE,CAR,17,27,-3.3,0,75.0,,0,0,25.0,1,0,0,36.8,37.5,0,7,0.0,0,4,3,100.0,4,77.1,4,14.8,0,7,16,5.3,2.3,1.75,-3.0,0,100.0,,0,0,0.0,0,0,0,70.5,64.2,0,7,21.2,7,33,3,72.7,24,79.2,3,11.1,0,7,16,5.3,2.3,0.29,28.0,0,100.0,100.0,1,1,0.0,0,2,0,68.3,95.5,0,41,15.4,2,13,2,84.6,11,118.8,2,7.4,0,65,9,4.5,32.5,5.91,13.7,0,33.3,0.0,0,1,0.0,0,1,0,64.7,85.2,0,13,33.3,13,39,1,64.1,25,47.9,3,11.1,0,13,1,1.0,13.0,0.52,4.0,0,77.8,50.0,1,2,0.0,0,2,0,75.6,90.0,0,21,6.0,5,83,7,90.4,75,101.4,9,33.3,0,75,48,6.9,10.7,1.0,0,28.0,0,100.0,100.0,1,1,0.0,0,2,0,68.3,95.5,0,41,0.0,0,2,2,100.0,2,118.8,2,7.4,0,65,9,4.5,32.5,32.5,5,,0,,,0,0,,0,0,0,,,0,0,0.0,0,6,0,100.0,6,0.0,0,0.0,0,0,0,,,0.0,,0,,,0,0,,0,0,0,,,0,0,44.4,8,18,0,55.6,10,0.0,0,0.0,0,0,0,,,0.0,14.0,0,0.0,,0,0,,0,0,0,,60.0,1,0,33.3,6,18,0,66.7,12,0.0,1,3.7,0,0,0,,,0.0,3.0,0,50.0,,0,0,0.0,0,1,0,29.9,46.5,1,9,20.6,7,34,2,73.5,25,18.8,4,14.8,0,14,10,5.0,7.0,0.56,14.2,0,20.0,0.0,0,1,0.0,0,1,0,64.7,78.2,2,13,0.0,0,5,1,100.0,5,0.0,5,18.5,0,13,1,1.0,13.0,2.6,0,-4.0,0,0.0,,0,0,100.0,1,0,0,28.0,28.6,0,0,10.0,1,10,0,80.0,8,39.6,1,3.7,0,0,0,,,0.0,,,,0,,,0,0,,0,0,0,0,0,14.3,1,7,0,85.7,6,0.0,0,0.0,0,0,0,,,0.0,16.0,0,0.0,,0,0,,0,0,0,,59.6,1,0,27.8,5,18,0,55.6,10,0.0,1,3.7,0,0,0,,,0.0,3.3,0,100.0,100.0,1,1,0.0,0,0,0,70.5,63.4,0,7,31.4,11,35,3,68.6,24,86.1,3,11.1,0,14,4,1.3,4.7,0.58,3.6,0,75.0,66.7,2,3,0.0,0,3,0,61.8,73.3,1,21,0.0,0,18,12,88.9,16,65.4,16,59.3,0,103,62,5.2,8.6,6.44
Donald Parham,91014,TE,LAC,14,26,-3.2,1,100.0,100.0,1,1,0.0,0,1,0,73.4,84.9,0,10,0.0,0,5,5,100.0,5,79.2,5,19.2,0,15,31,6.2,3.0,3.0,-3.0,1,100.0,100.0,1,1,0.0,0,1,0,70.5,88.9,0,10,30.0,3,10,3,70.0,7,83.3,3,11.5,0,12,21,7.0,4.0,1.71,,0,,,0,0,,0,0,0,,,0,0,100.0,3,3,0,0.0,0,0.0,0,0.0,0,0,0,,,,13.0,0,75.0,,0,0,25.0,1,3,0,36.2,90.0,0,19,20.0,2,10,3,70.0,7,143.8,4,15.4,1,38,9,3.0,12.7,5.43,6.0,0,100.0,,0,0,0.0,0,1,0,68.3,90.3,0,12,4.9,2,41,1,90.2,37,116.7,1,3.8,0,12,6,6.0,12.0,0.32,0,37.0,0,0.0,0.0,0,1,,0,0,0,64.7,92.7,0,0,0.0,0,2,0,50.0,1,39.6,1,3.8,0,0,0,,,0.0,27,-3.5,0,100.0,,0,0,0.0,0,0,0,68.3,63.6,0,5,22.2,2,9,2,66.7,6,79.2,2,7.7,0,3,10,5.0,1.5,0.5,37.0,0,0.0,0.0,0,1,,0,0,0,64.7,92.7,0,0,33.3,3,9,0,44.4,4,39.6,1,3.8,0,0,0,,,0.0,14.0,0,0.0,,0,0,,0,0,0,,59.4,0,0,70.0,7,10,0,30.0,3,39.6,1,3.8,0,0,0,,,0.0,4.5,0,50.0,0.0,0,1,0.0,0,1,0,64.7,85.0,0,12,5.9,1,17,1,82.4,14,68.8,2,7.7,0,12,10,10.0,12.0,0.86,13.7,0,57.1,100.0,1,1,20.0,1,4,0,41.6,91.7,0,19,0.0,0,9,4,77.8,7,123.2,7,26.9,1,57,10,2.5,14.3,8.14,0,,0,,,0,0,,0,0,0,,,0,0,0.0,0,8,0,87.5,7,0.0,0,0.0,0,0,0,,,0.0,,,,0,,,0,0,,0,0,0,0,0,12.5,1,8,0,75.0,6,0.0,0,0.0,0,0,0,,,0.0,15.0,0,50.0,100.0,1,1,0.0,0,1,0,64.7,90.2,0,19,33.3,6,18,1,44.4,8,83.3,2,7.7,0,19,1,1.0,19.0,2.38,1.3,1,90.0,0.0,0,1,0.0,0,6,0,77.3,93.5,0,22,17.9,7,39,9,79.5,31,145.4,10,38.5,2,94,82,9.1,10.4,3.03,2.2,1,84.6,0.0,0,2,0.0,0,8,0,79.4,95.1,0,22,0.0,0,14,11,92.9,13,144.1,13,50.0,2,118,98,8.9,10.7,9.08
Will Dissly,30762,TE,SEA,15,26,-4.3,1,75.0,,0,0,25.0,1,0,1,36.8,31.0,0,3,0.0,0,4,3,100.0,4,77.1,4,15.4,0,-1,12,4.0,-0.3,-0.25,-3.7,0,66.7,,0,0,33.3,1,0,0,30.0,38.6,0,2,0.0,0,16,2,100.0,16,70.1,3,11.5,0,-4,3,1.5,-2.0,-0.25,,0,,,0,0,,0,0,0,,,0,0,33.3,2,6,0,50.0,3,0.0,0,0.0,0,0,0,,,0.0,11.5,0,50.0,0.0,0,1,0.0,0,1,0,64.7,93.1,0,25,9.1,1,11,1,72.7,8,95.8,2,7.7,0,25,14,14.0,25.0,3.13,6.5,1,83.3,50.0,1,2,0.0,0,3,0,73.4,96.4,0,39,2.6,1,38,5,97.4,37,118.8,6,23.1,0,102,68,13.6,20.4,2.76,0,,0,,,0,0,,0,0,0,,,0,0,,0,0,0,,0,0.0,0,0.0,0,0,0,,,,29,,0,,,0,0,,0,0,0,,,0,0,28.6,2,7,0,71.4,5,0.0,0,0.0,0,0,0,,,0.0,,0,,,0,0,,0,0,0,,,0,0,57.9,11,19,0,42.1,8,0.0,0,0.0,0,0,0,,,0.0,,0,,,0,0,,0,0,0,,,0,0,58.3,7,12,0,33.3,4,0.0,0,0.0,0,0,0,,,0.0,3.3,1,75.0,,0,0,25.0,1,3,0,36.2,71.0,0,16,8.3,2,24,3,91.7,22,96.9,4,15.4,0,31,22,7.3,10.3,1.41,12.5,0,75.0,0.0,0,1,0.0,0,3,0,70.5,96.5,0,25,0.0,0,4,3,100.0,4,116.7,4,15.4,0,60,22,7.3,20.0,15.0,0,-6.0,1,100.0,,0,0,0.0,0,0,1,64.7,44.9,0,3,13.3,2,15,1,86.7,13,79.2,1,3.8,0,3,9,9.0,3.0,0.23,,,,0,,,0,0,,0,0,0,0,0,45.5,5,11,0,45.5,5,0.0,0,0.0,0,0,0,,,0.0,13.5,0,100.0,,0,0,0.0,0,2,0,68.3,93.9,0,22,30.8,4,13,2,69.2,9,118.8,2,7.7,0,35,8,4.0,17.5,3.89,3.0,0,87.5,100.0,1,1,12.5,1,2,0,52.1,81.5,0,13,18.8,6,32,7,81.3,26,126.6,8,30.8,1,39,17,2.4,5.6,1.5,4.2,2,83.3,66.7,2,3,11.8,2,8,0,51.2,92.9,0,39,0.0,0,18,15,100.0,18,125.0,18,69.2,1,172,107,7.1,11.5,9.56
Robert Tonyan,12193,TE,GB,8,26,-2.0,1,83.3,,0,0,16.7,1,3,0,46.3,86.0,0,19,0.0,0,6,5,100.0,6,99.3,6,23.1,0,47,57,11.4,9.4,7.83,-2.3,1,100.0,,0,0,0.0,0,3,0,72.1,93.8,0,19,0.0,0,18,4,100.0,18,109.4,4,15.4,0,41,50,12.5,10.3,2.28,25.0,0,33.3,0.0,0,1,0.0,0,1,0,64.7,72.9,0,25,0.0,0,10,1,90.0,9,64.6,3,11.5,0,25,4,4.0,25.0,2.78,18.7,0,66.7,50.0,1,2,0.0,0,2,0,68.3,91.2,0,33,10.0,2,20,2,85.0,17,149.3,3,11.5,1,55,18,9.0,27.5,3.24,4.3,0,100.0,100.0,1,1,0.0,0,1,0,72.1,77.3,0,15,0.0,0,27,4,88.9,24,95.8,4,15.4,0,28,11,2.8,7.0,1.17,0,27.7,0,33.3,0.0,0,1,0.0,0,2,0,68.3,89.0,0,25,0.0,0,8,2,75.0,6,100.7,6,23.1,1,45,4,2.0,22.5,7.5,12,-1.0,0,100.0,,0,0,0.0,0,0,0,64.7,61.0,0,6,0.0,0,8,1,100.0,8,91.7,1,3.8,0,6,7,7.0,6.0,0.75,44.0,0,0.0,,0,0,,0,0,0,,60.0,0,0,0.0,0,2,0,100.0,2,39.6,1,3.8,0,0,0,,,0.0,15.0,0,0.0,,0,0,,0,0,0,,58.8,0,0,0.0,0,12,0,100.0,12,39.6,1,3.8,0,0,0,,,0.0,2.8,0,75.0,,0,0,0.0,0,1,0,70.5,78.0,0,12,3.6,1,28,3,92.9,26,84.4,4,15.4,0,19,13,4.3,6.3,0.73,17.8,0,50.0,50.0,1,2,0.0,0,2,0,68.3,91.1,0,33,0.0,0,5,2,80.0,4,135.4,4,15.4,1,55,18,9.0,27.5,13.75,0,-2.0,0,0.0,,0,0,100.0,1,0,0,28.0,28.8,0,0,12.5,1,8,0,87.5,7,39.6,1,3.8,0,0,0,,,0.0,64.7,90.7,23.5,0,50.0,,0,0,0.0,0,1,0,0,20,0.0,0,20,1,75.0,15,125.0,2,7.7,1,20,0,0.0,20.0,1.33,,0,,,0,0,,0,0,0,,,0,0,0.0,0,3,0,100.0,3,0.0,0,0.0,0,0,0,,,0.0,3.0,0,100.0,100.0,1,1,0.0,0,1,0,68.3,83.9,0,8,5.6,1,18,2,94.4,17,87.5,2,7.7,0,10,4,2.0,5.0,0.59,3.4,0,90.0,100.0,2,2,0.0,0,3,0,77.3,89.7,0,15,0.0,0,10,9,100.0,10,90.4,10,38.5,0,57,28,3.1,6.3,5.7
Tyler Kroft,9518,TE,NYJ,9,25,-3.0,2,66.7,,0,0,0.0,0,1,0,68.3,92.5,0,24,0.0,0,3,2,100.0,3,93.8,3,12.0,0,26,31,15.5,13.0,8.67,-3.0,2,66.7,,0,0,0.0,0,1,0,68.3,92.5,0,24,11.8,2,17,2,88.2,15,93.8,3,12.0,0,26,31,15.5,13.0,1.73,,0,,,0,0,,0,0,0,,,0,0,0.0,0,2,0,50.0,1,0.0,0,0.0,0,0,0,,,0.0,19.0,0,100.0,,0,0,0.0,0,1,0,64.7,87.7,0,13,34.6,9,26,1,57.7,15,158.3,1,4.0,1,13,0,0.0,13.0,0.87,5.0,0,75.0,50.0,1,2,14.3,1,1,0,49.2,60.7,0,10,7.0,3,43,6,93.0,40,84.9,8,32.0,0,39,12,2.0,6.5,0.98,0,22.0,0,50.0,100.0,1,1,0.0,0,1,0,64.7,94.3,0,26,0.0,0,2,1,100.0,2,95.8,2,8.0,0,26,4,4.0,26.0,13.0,22,,0,,,0,0,,0,0,0,,,0,0,0.0,0,4,0,100.0,4,0.0,0,0.0,0,0,0,,,0.0,,0,,,0,0,,0,0,0,,,0,0,33.3,4,12,0,58.3,7,0.0,0,0.0,0,0,0,,,0.0,16.0,1,50.0,,0,0,50.0,1,1,0,28.8,81.1,0,22,0.0,0,11,1,81.8,9,89.6,2,8.0,0,22,3,3.0,22.0,2.44,3.4,1,80.0,100.0,1,1,20.0,1,3,0,41.6,90.2,0,12,8.7,2,23,4,91.3,21,97.5,5,20.0,0,37,21,5.3,9.3,1.76,17.0,1,66.7,,0,0,33.3,1,2,0,29.9,90.5,0,22,0.0,0,4,2,75.0,3,145.8,3,12.0,1,35,3,1.5,17.5,11.67,0,,0,,,0,0,,0,0,0,,,0,0,0.0,0,4,0,100.0,4,0.0,0,0.0,0,0,0,,,0.0,64.7,94.3,22.0,0,50.0,100.0,1,1,0.0,0,1,0,0,26,42.9,3,7,1,57.1,4,95.8,2,8.0,0,26,4,4.0,26.0,6.5,,0,,,0,0,,0,0,0,,,0,0,41.7,5,12,0,58.3,7,0.0,0,0.0,0,0,0,,,0.0,3.0,1,25.0,0.0,0,1,50.0,1,1,0,28.8,52.8,0,10,33.3,7,21,1,66.7,14,39.6,4,16.0,0,10,6,6.0,10.0,0.71,4.1,2,64.7,50.0,2,4,21.4,3,5,0,29.8,74.4,0,12,0.0,0,17,11,100.0,17,77.1,17,68.0,0,86,39,3.5,7.8,5.06
Kareem Hunt,11841,HB,CLV,8,25,-3.1,4,100.0,,0,0,0.0,0,6,0,78.0,95.1,0,23,0.0,0,10,10,100.0,10,110.4,10,40.0,0,105,136,13.6,10.5,10.5,-3.6,2,100.0,,0,0,0.0,0,5,0,76.5,93.9,0,23,6.3,1,16,8,87.5,14,115.6,8,32.0,0,94,123,15.4,11.8,6.71,,0,,,0,0,,0,0,0,,,0,0,20.0,1,5,0,60.0,3,0.0,0,0.0,0,0,0,,,0.0,11.0,0,0.0,,0,0,100.0,1,0,0,28.0,26.0,0,0,38.5,5,13,0,61.5,8,39.6,1,4.0,0,0,0,,,0.0,2.1,0,77.8,75.0,3,4,0.0,0,3,0,75.6,81.2,0,17,0.0,0,21,7,100.0,21,84.7,9,36.0,0,39,22,3.1,5.6,1.86,0,,0,,,0,0,,0,0,0,,,0,0,,0,0,0,,0,0.0,0,0.0,0,0,0,,,,8,,0,,,0,0,,0,0,0,,,0,0,,0,0,0,,0,0.0,0,0.0,0,0,0,,,,,0,,,0,0,,0,0,0,,,0,0,42.9,3,7,0,57.1,4,0.0,0,0.0,0,0,0,,,0.0,,0,,,0,0,,0,0,0,,,0,0,40.0,2,5,0,40.0,2,0.0,0,0.0,0,0,0,,,0.0,3.7,0,100.0,,0,0,0.0,0,1,0,70.5,70.8,0,8,30.0,3,10,3,60.0,6,86.1,3,12.0,0,14,3,1.0,4.7,2.33,11.0,0,0.0,,0,0,100.0,1,0,0,28.0,26.0,0,0,0.0,0,1,0,100.0,1,39.6,1,4.0,0,0,0,,,0.0,0,-1.0,2,100.0,,0,0,0.0,0,1,0,68.3,90.9,0,8,0.0,0,3,2,100.0,3,89.6,2,8.0,0,11,13,6.5,5.5,3.67,,,,0,,,0,0,,0,0,0,0,0,44.4,4,9,0,55.6,5,0.0,0,0.0,0,0,0,,,0.0,,0,,,0,0,,0,0,0,,,0,0,14.3,1,7,0,71.4,5,0.0,0,0.0,0,0,0,,,0.0,0.0,0,100.0,,0,0,0.0,0,0,0,68.3,63.6,0,11,35.7,5,14,2,64.3,9,100.0,2,8.0,0,16,16,8.0,8.0,1.78,2.1,0,85.7,75.0,3,4,0.0,0,4,0,79.4,81.1,0,17,0.0,0,14,12,100.0,14,86.6,14,56.0,0,67,39,3.3,5.6,4.79
KhaDarel Hodge,26104,WR,DET,13,25,-1.0,1,100.0,,0,0,0.0,0,0,0,68.3,75.9,0,3,0.0,0,2,2,100.0,2,79.2,2,8.0,0,5,7,3.5,2.5,2.5,,0,,,0,0,,0,0,0,,,0,0,0.0,0,14,0,71.4,10,0.0,0,0.0,0,0,0,,,0.0,,0,,,0,0,,0,0,0,,,0,0,0.0,0,2,0,100.0,2,0.0,0,0.0,0,0,0,,,0.0,13.0,0,60.0,50.0,1,2,25.0,1,3,0,41.6,85.9,1,17,0.0,0,14,3,92.9,13,48.3,5,20.0,0,43,3,1.0,14.3,3.31,3.2,0,80.0,66.7,2,3,0.0,0,1,0,72.1,81.6,1,11,0.0,0,56,4,100.0,56,50.4,5,20.0,0,28,16,4.0,7.0,0.5,0,30.0,0,25.0,50.0,1,2,0.0,0,1,0,64.7,92.4,0,42,0.0,0,4,1,100.0,4,70.8,4,16.0,0,42,0,0.0,42.0,10.5,11,,0,,,0,0,,0,0,0,,,0,0,0.0,0,2,0,100.0,2,0.0,0,0.0,0,0,0,,,0.0,28.5,0,0.0,0.0,0,1,,0,0,0,,58.2,0,0,0.0,0,4,0,100.0,4,39.6,2,8.0,0,0,0,,,0.0,13.0,0,0.0,0.0,0,1,,0,0,0,,58.2,0,0,0.0,0,10,0,100.0,10,39.6,2,8.0,0,0,0,,,0.0,6.0,0,50.0,,0,0,0.0,0,1,0,68.3,92.4,0,9,0.0,0,18,1,88.9,16,62.5,2,8.0,0,9,0,0.0,9.0,0.56,14.1,0,33.3,33.3,1,3,25.0,1,3,0,41.6,78.9,1,17,0.0,0,11,3,81.8,9,10.2,9,36.0,0,43,3,1.0,14.3,4.78,0,-1.0,1,100.0,,0,0,0.0,0,0,0,68.3,75.9,0,3,0.0,0,6,2,100.0,6,79.2,2,8.0,0,5,7,3.5,2.5,0.83,64.7,94.2,31.5,0,50.0,100.0,1,1,0.0,0,1,0,0,42,0.0,0,5,1,100.0,5,95.8,2,8.0,0,42,0,0.0,42.0,8.4,18.0,0,0.0,,0,0,,0,0,0,,56.4,0,0,0.0,0,4,0,75.0,3,39.6,2,8.0,0,0,0,,,0.0,6.0,0,66.7,0.0,0,1,0.0,0,1,0,68.3,83.9,0,21,0.0,0,8,2,100.0,8,99.3,3,12.0,0,30,13,6.5,15.0,3.75,4.6,0,70.0,50.0,2,4,0.0,0,3,0,76.5,91.4,1,21,0.0,0,11,7,90.9,10,48.8,10,40.0,0,67,29,4.1,9.6,6.7
Nick Chubb,45783,HB,CLV,14,25,-3.9,5,100.0,100.0,1,1,0.0,0,5,0,80.6,93.2,0,40,0.0,0,14,12,85.7,12,103.1,12,48.0,0,105,152,12.7,8.8,8.75,-4.2,4,100.0,100.0,1,1,0.0,0,4,0,78.7,92.8,0,40,0.0,0,20,10,95.0,19,106.3,10,40.0,0,95,137,13.7,9.5,5.0,,0,,,0,0,,0,0,0,,,0,0,50.0,4,8,0,37.5,3,0.0,0,0.0,0,0,0,,,0.0,,0,,,0,0,,0,0,0,,,0,0,14.3,2,14,0,85.7,12,0.0,0,0.0,0,0,0,,,0.0,2.3,0,66.7,100.0,1,1,0.0,0,0,0,68.3,67.5,0,5,4.1,2,49,2,95.9,47,70.1,3,12.0,0,7,3,1.5,3.5,0.15,0,23.0,0,100.0,,0,0,0.0,0,1,0,64.7,78.1,0,23,0.0,0,1,1,100.0,1,118.8,1,4.0,0,23,0,0.0,23.0,23.0,8,-1.0,0,100.0,,0,0,0.0,0,1,0,64.7,81.3,0,8,33.3,1,3,1,66.7,2,100.0,1,4.0,0,8,9,9.0,8.0,4.0,,0,,,0,0,,0,0,0,,,0,0,41.7,5,12,0,41.7,5,0.0,0,0.0,0,0,0,,,0.0,,0,,,0,0,,0,0,0,,,0,0,27.3,3,11,0,72.7,8,0.0,0,0.0,0,0,0,,,0.0,2.4,1,71.4,,0,0,0.0,0,3,0,73.4,81.6,0,16,17.4,4,23,5,78.3,18,124.4,7,28.0,1,39,31,6.2,7.8,2.17,,0,,,0,0,,0,0,0,,,0,0,,0,0,0,,0,0.0,0,0.0,0,0,0,,,,0,-4.0,1,100.0,,0,0,0.0,0,0,0,68.3,69.3,0,2,20.0,1,5,1,60.0,3,79.2,1,4.0,0,2,6,6.0,2.0,0.67,64.7,78.1,23.0,0,100.0,,0,0,0.0,0,1,0,0,23,44.4,4,9,1,55.6,5,118.8,1,4.0,0,23,0,0.0,23.0,4.6,,0,,,0,0,,0,0,0,,,0,0,58.3,7,12,0,41.7,5,0.0,0,0.0,0,0,0,,,0.0,6.5,0,0.0,0.0,0,1,,0,0,0,,58.1,0,0,12.5,3,24,0,83.3,20,39.6,2,8.0,0,0,0,,,0.0,3.1,1,58.3,50.0,1,2,0.0,0,3,0,75.6,78.2,0,16,0.0,0,12,7,100.0,12,94.4,12,48.0,1,46,34,4.9,6.6,3.83
Logan Thomas,8755,TE,WAS,6,25,-2.0,0,100.0,,0,0,0.0,0,0,0,64.7,61.8,0,3,0.0,0,1,1,100.0,1,79.2,1,4.0,0,3,5,5.0,3.0,3.0,-2.0,0,100.0,,0,0,0.0,0,0,0,64.7,61.8,0,3,20.0,3,15,1,73.3,11,79.2,1,4.0,0,3,5,5.0,3.0,0.27,24.0,0,50.0,100.0,1,1,0.0,0,1,0,64.7,91.5,1,24,0.0,0,5,1,60.0,3,54.2,2,8.0,0,24,2,2.0,24.0,8.0,15.5,0,50.0,,0,0,0.0,0,1,0,64.7,90.4,0,7,0.0,0,13,1,100.0,13,97.9,2,8.0,1,7,0,0.0,7.0,0.54,4.2,2,77.8,66.7,2,3,0.0,0,3,1,75.6,88.2,0,15,5.8,3,52,7,88.5,46,94.9,9,36.0,0,61,30,4.3,8.7,1.33,0,23.7,0,33.3,100.0,1,1,0.0,0,1,0,64.7,92.4,1,24,0.0,0,3,1,100.0,3,23.6,3,12.0,0,24,2,2.0,24.0,8.0,32,,0,,,0,0,,0,0,0,,,0,0,0.0,0,4,0,100.0,4,0.0,0,0.0,0,0,0,,,0.0,,0,,,0,0,,0,0,0,,,0,0,0.0,0,3,0,66.7,2,0.0,0,0.0,0,0,0,,,0.0,17.3,0,66.7,,0,0,33.3,1,2,0,30.0,93.5,0,35,25.0,2,8,2,75.0,6,149.3,3,12.0,1,46,18,9.0,23.0,7.67,6.3,0,100.0,100.0,1,1,0.0,0,2,0,72.1,90.7,0,12,0.0,0,8,4,100.0,8,139.6,4,16.0,1,32,14,3.5,8.0,4.0,16.4,0,57.1,,0,0,20.0,1,4,0,42.1,95.3,0,35,0.0,0,8,4,87.5,7,129.2,7,28.0,2,67,18,4.5,16.8,9.57,0,,0,,,0,0,,0,0,0,,,0,0,0.0,0,7,0,100.0,7,0.0,0,0.0,0,0,0,,,0.0,,59.9,23.0,0,0.0,,0,0,,0,0,0,0,0,0.0,0,6,0,100.0,6,39.6,1,4.0,0,0,0,,,0.0,16.0,0,50.0,,0,0,0.0,0,1,0,64.7,79.8,0,14,33.3,4,12,1,58.3,7,72.9,2,8.0,0,14,0,0.0,14.0,2.0,9.0,0,100.0,100.0,1,1,0.0,0,0,0,64.7,61.0,0,9,0.0,0,16,1,93.8,15,104.2,1,4.0,0,9,0,0.0,9.0,0.6,5.1,2,85.7,80.0,4,5,0.0,0,5,1,79.4,91.8,0,15,0.0,0,15,12,93.3,14,120.8,14,56.0,1,102,44,3.7,8.5,7.29
D'Ernest Johnson,45734,HB,CLV,12,24,-3.5,7,81.8,,0,0,18.2,2,3,1,38.4,32.7,0,18,0.0,0,11,9,100.0,11,83.7,11,45.8,0,45,77,8.6,5.0,4.09,-3.6,7,77.8,,0,0,22.2,2,2,1,31.8,28.5,0,18,0.0,0,15,7,100.0,15,81.9,9,37.5,0,33,58,8.3,4.7,2.2,,0,,,0,0,,0,0,0,,,0,0,40.0,2,5,0,60.0,3,0.0,0,0.0,0,0,0,,,0.0,,0,,,0,0,,0,0,0,,,0,0,34.6,9,26,0,57.7,15,0.0,0,0.0,0,0,0,,,0.0,3.3,0,75.0,100.0,1,1,25.0,2,2,0,29.7,45.8,0,18,12.8,5,39,6,87.2,34,92.2,8,33.3,0,53,34,5.7,8.8,1.56,0,,0,,,0,0,,0,0,0,,,0,0,,0,0,0,,0,0.0,0,0.0,0,0,0,,,,8,-2.0,0,100.0,,0,0,0.0,0,1,0,64.7,81.6,0,10,0.0,0,4,1,100.0,4,108.3,1,4.2,0,10,12,12.0,10.0,2.5,,0,,,0,0,,0,0,0,,,0,0,0.0,0,4,0,100.0,4,0.0,0,0.0,0,0,0,,,0.0,,0,,,0,0,,0,0,0,,,0,0,18.2,2,11,0,81.8,9,0.0,0,0.0,0,0,0,,,0.0,2.0,0,100.0,,0,0,0.0,0,0,0,64.7,65.2,0,4,45.0,9,20,1,50.0,10,83.3,1,4.2,0,4,2,2.0,4.0,0.4,,0,,,0,0,,0,0,0,,,0,0,,0,0,0,,0,0.0,0,0.0,0,0,0,,,,0,-5.0,0,100.0,,0,0,0.0,0,0,0,64.7,65.4,0,2,0.0,0,1,1,100.0,1,79.2,1,4.2,0,2,7,7.0,2.0,2.0,,,,0,,,0,0,,0,0,0,0,0,40.0,2,5,0,40.0,2,0.0,0,0.0,0,0,0,,,0.0,,0,,,0,0,,0,0,0,,,0,0,25.0,3,12,0,58.3,7,0.0,0,0.0,0,0,0,,,0.0,3.3,1,75.0,,0,0,0.0,0,2,0,70.5,91.3,0,18,22.7,5,22,3,77.3,17,101.0,4,16.7,0,35,25,8.3,11.7,2.06,3.2,1,76.9,100.0,1,1,16.7,2,4,0,41.1,71.0,0,18,0.0,0,13,10,100.0,13,95.7,13,54.2,0,92,61,6.1,9.2,7.08
Noah Brown,11993,WR,DAL,14,24,,0,,,0,0,,0,0,0,,,0,0,,0,0,0,,0,0.0,0,0.0,0,0,0,,,,,0,,,0,0,,0,0,0,,,0,0,0.0,0,14,0,92.9,13,0.0,0,0.0,0,0,0,,,0.0,21.0,0,100.0,,0,0,0.0,0,1,0,64.7,90.9,0,22,0.0,0,4,1,100.0,4,118.8,1,4.2,0,22,1,1.0,22.0,5.5,13.3,0,0.0,0.0,0,2,100.0,1,0,0,27.9,39.6,0,0,0.0,0,18,0,83.3,15,39.6,3,12.5,0,0,0,,,0.0,6.0,2,87.5,100.0,1,1,0.0,0,1,0,77.3,76.1,0,15,0.0,0,41,7,90.2,37,95.8,8,33.3,0,56,17,2.4,8.0,1.51,0,23.3,0,33.3,,0,0,50.0,1,1,0,28.8,71.1,0,22,0.0,0,3,1,100.0,3,60.4,3,12.5,0,22,1,1.0,22.0,7.33,9,,0,,,0,0,,0,0,0,,,0,0,10.0,1,10,0,80.0,8,0.0,0,0.0,0,0,0,,,0.0,,0,,,0,0,,0,0,0,,,0,0,0.0,0,8,0,87.5,7,0.0,0,0.0,0,0,0,,,0.0,,0,,,0,0,,0,0,0,64.7,90.8,0,0,11.1,1,9,0,77.8,7,0.0,0,0.0,0,0,0,,,0.0,4.0,0,100.0,,0,0,0.0,0,1,0,64.7,78.5,0,18,0.0,0,16,1,100.0,16,118.8,1,4.2,0,18,14,14.0,18.0,1.13,14.4,0,20.0,33.3,1,3,50.0,1,1,0,29.9,76.1,0,20,0.0,0,6,1,83.3,5,43.8,5,20.8,0,20,3,3.0,20.0,4.0,0,,0,,,0,0,,0,0,0,,,0,0,0.0,0,2,0,100.0,2,0.0,0,0.0,0,0,0,,,0.0,27.9,39.5,24.5,0,0.0,,0,0,100.0,1,0,0,0,0,0.0,0,9,0,88.9,8,39.6,2,8.3,0,0,0,,,0.0,16.0,0,50.0,100.0,1,1,0.0,0,1,0,64.7,75.4,0,20,10.0,1,10,1,80.0,8,85.4,2,8.3,0,20,3,3.0,20.0,2.5,6.0,1,85.7,100.0,1,1,14.3,1,2,0,49.7,69.1,0,27,4.5,1,22,6,86.4,19,107.1,7,29.2,0,68,34,5.7,11.3,3.58,5.9,3,87.5,100.0,2,2,6.7,1,4,0,67.0,79.8,0,27,0.0,0,18,14,88.9,16,103.6,16,66.7,0,142,65,4.6,10.1,8.88
Cam Sims,47908,WR,WAS,14,24,-1.0,0,100.0,,0,0,0.0,0,1,0,68.3,76.3,0,20,0.0,0,2,2,100.0,2,116.7,2,8.3,0,24,26,13.0,12.0,12.0,,0,,,0,0,,0,0,0,,,0,0,0.0,0,14,0,92.9,13,0.0,0,0.0,0,0,0,,,0.0,20.0,0,0.0,,0,0,,0,0,0,,58.4,0,0,0.0,0,6,0,83.3,5,39.6,1,4.2,0,0,0,,,0.0,14.2,0,83.3,100.0,4,4,16.7,1,5,0,46.3,92.8,0,18,0.0,0,15,5,93.3,14,118.8,6,25.0,0,77,6,1.2,15.4,5.5,4.5,0,75.0,,0,0,25.0,1,1,0,36.2,60.7,0,7,0.0,0,45,3,97.8,44,119.8,4,16.7,1,15,4,1.3,5.0,0.34,0,36.0,0,25.0,50.0,1,2,0.0,0,1,0,64.7,82.5,2,43,0.0,0,5,1,80.0,4,71.9,4,16.7,1,43,0,0.0,43.0,10.75,32,,0,,,0,0,,0,0,0,,,0,0,0.0,0,4,0,100.0,4,0.0,0,0.0,0,0,0,,,0.0,47.0,0,100.0,100.0,1,1,0.0,0,1,0,64.7,90.9,0,43,0.0,0,6,1,100.0,6,158.3,1,4.2,1,43,0,0.0,43.0,7.17,19.0,0,100.0,,0,0,0.0,0,1,0,64.7,78.8,0,19,0.0,0,8,1,100.0,8,118.8,1,4.2,0,19,0,0.0,19.0,2.38,6.0,0,50.0,,0,0,0.0,0,0,0,64.7,60.4,0,6,0.0,0,9,1,88.9,8,56.3,2,8.3,0,6,0,0.0,6.0,0.75,15.2,0,60.0,66.7,4,6,14.3,1,6,0,49.7,92.6,0,19,0.0,0,10,6,100.0,10,92.1,10,41.7,0,96,6,1.0,16.0,9.6,0,-1.0,0,100.0,,0,0,0.0,0,1,0,68.3,76.3,0,20,0.0,0,8,2,100.0,8,116.7,2,8.3,0,24,26,13.0,12.0,3.0,,57.8,38.5,0,0.0,0.0,0,1,,0,0,0,2,0,0.0,0,11,0,90.9,10,0.0,2,8.3,0,0,0,,,0.0,16.0,0,0.0,0.0,0,2,,0,0,0,,57.8,0,0,0.0,0,9,0,77.8,7,39.6,3,12.5,0,0,0,,,0.0,7.0,0,100.0,,0,0,0.0,0,2,0,68.3,90.2,0,15,0.0,0,11,2,90.9,10,118.8,2,8.3,0,27,13,6.5,13.5,2.7,5.5,0,75.0,,0,0,14.3,1,3,0,49.2,76.4,0,15,0.0,0,8,6,100.0,8,129.2,8,33.3,1,48,17,2.8,8.0,6.0
Elijah Mitchell,57272,HB,SF,13,24,-5.0,3,100.0,100.0,1,1,0.0,0,3,0,78.0,92.7,0,14,0.0,0,10,10,100.0,10,85.0,10,41.7,0,44,94,9.4,4.4,4.4,-5.6,3,100.0,,0,0,0.0,0,3,0,75.6,92.2,0,14,12.5,3,24,7,87.5,21,88.1,7,29.2,0,36,75,10.7,5.1,1.71,,0,,,0,0,,0,0,0,,,0,0,0.0,0,5,0,80.0,4,0.0,0,0.0,0,0,0,,,0.0,,0,,,0,0,,0,0,0,,,0,0,12.1,4,33,0,81.8,27,0.0,0,0.0,0,0,0,,,0.0,2.1,2,88.9,,0,0,0.0,0,2,0,76.5,90.7,0,16,9.3,5,54,8,90.7,49,99.1,9,37.5,0,70,53,6.6,8.8,1.43,0,,0,,,0,0,,0,0,0,,,0,0,,0,0,0,,0,0.0,0,0.0,0,0,0,,,,28,-5.0,0,100.0,,0,0,0.0,0,0,0,68.3,82.8,0,7,0.0,0,8,2,100.0,8,85.4,2,8.3,0,9,19,9.5,4.5,1.13,,0,,,0,0,,0,0,0,,,0,0,25.0,1,4,0,75.0,3,0.0,0,0.0,0,0,0,,,0.0,,0,,,0,0,,0,0,0,,,0,0,33.3,3,9,0,66.7,6,0.0,0,0.0,0,0,0,,,0.0,,0,,,0,0,,0,0,0,,,0,0,16.7,2,12,0,75.0,9,0.0,0,0.0,0,0,0,,,0.0,,0,,,0,0,,0,0,0,,,0,0,,0,0,0,,0,0.0,0,0.0,0,0,0,,,,0,-1.0,0,100.0,100.0,1,1,0.0,0,0,0,64.7,65.7,0,-1,0.0,0,4,1,75.0,3,79.2,1,4.2,0,-1,0,0.0,-1.0,-0.33,,,,0,,,0,0,,0,0,0,0,0,20.0,1,5,0,80.0,4,0.0,0,0.0,0,0,0,,,0.0,,0,,,0,0,,0,0,0,,,0,0,25.0,3,12,0,66.7,8,0.0,0,0.0,0,0,0,,,0.0,1.6,0,100.0,100.0,1,1,0.0,0,2,0,73.4,73.6,0,13,13.3,2,15,5,80.0,12,131.3,5,20.8,1,30,22,4.4,6.0,2.5,1.9,2,92.9,100.0,1,1,0.0,0,4,0,80.0,90.3,0,16,0.0,0,14,13,100.0,14,120.2,14,58.3,1,100,75,5.8,7.7,7.14
Clyde Edwards-Helaire,57279,HB,KC,11,24,-3.6,3,77.8,,0,0,0.0,0,6,0,80.6,92.1,1,29,0.0,0,18,14,100.0,18,84.7,18,75.0,1,98,151,10.8,7.0,5.44,-4.3,2,77.8,,0,0,0.0,0,5,0,75.6,93.4,0,29,0.0,0,28,7,96.4,27,135.2,9,37.5,1,68,99,14.1,9.7,2.52,,0,,,0,0,,0,0,0,,,0,0,0.0,0,5,0,80.0,4,0.0,0,0.0,0,0,0,,,0.0,,0,,,0,0,,0,0,0,,,0,0,11.8,2,17,0,88.2,15,0.0,0,0.0,0,0,0,,,0.0,1.3,1,100.0,,0,0,0.0,0,3,0,72.1,94.5,0,12,6.0,3,50,3,90.0,45,139.6,3,12.5,1,24,20,6.7,8.0,0.53,0,,0,,,0,0,,0,0,0,,,0,0,,0,0,0,,0,0.0,0,0.0,0,0,0,,,,16,-3.0,1,83.3,,0,0,0.0,0,0,0,73.4,68.4,0,6,9.1,1,11,5,81.8,9,79.2,6,25.0,0,17,33,6.6,3.4,1.89,,0,,,0,0,,0,0,0,,,0,0,20.0,1,5,0,80.0,4,0.0,0,0.0,0,0,0,,,0.0,,0,,,0,0,,0,0,0,,,0,0,25.0,2,8,0,75.0,6,0.0,0,0.0,0,0,0,,,0.0,2.0,0,100.0,,0,0,0.0,0,0,0,68.3,63.3,0,6,0.0,0,19,2,100.0,19,81.3,2,8.3,0,7,3,1.5,3.5,0.37,,0,,,0,0,,0,0,0,,,0,0,,0,0,0,,0,0.0,0,0.0,0,0,0,,,,0,-2.7,0,66.7,,0,0,0.0,0,1,0,68.3,80.1,1,11,0.0,0,7,2,85.7,6,36.1,3,12.5,0,13,19,9.5,6.5,2.17,,,,0,,,0,0,,0,0,0,0,0,16.7,1,6,0,66.7,4,0.0,0,0.0,0,0,0,,,0.0,,0,,,0,0,,0,0,0,,,0,0,9.1,1,11,0,90.9,10,0.0,0,0.0,0,0,0,,,0.0,5.0,2,100.0,,0,0,0.0,0,0,0,64.7,83.1,0,9,20.0,3,15,1,66.7,10,104.2,1,4.2,0,9,4,4.0,9.0,0.9,2.2,3,100.0,,0,0,0.0,0,3,0,75.6,93.9,0,12,0.0,0,8,6,75.0,6,134.0,6,25.0,1,40,27,4.5,6.7,6.67
Brandon Zylstra,66438,WR,CAR,13,24,-2.8,0,100.0,,0,0,0.0,0,1,0,72.1,83.8,0,15,0.0,0,4,4,100.0,4,101.0,4,16.7,0,33,44,11.0,8.3,8.25,-3.5,0,100.0,,0,0,0.0,0,1,0,68.3,77.1,0,15,0.0,0,14,2,85.7,12,112.5,2,8.3,0,22,29,14.5,11.0,1.83,30.3,0,33.3,,0,0,0.0,0,1,0,64.7,74.2,0,24,0.0,0,6,1,100.0,6,63.2,3,12.5,0,24,1,1.0,24.0,4.0,13.8,0,100.0,100.0,2,2,0.0,0,5,0,73.4,95.3,0,55,0.0,0,17,5,88.2,15,158.3,5,20.8,1,126,57,11.4,25.2,8.4,5.5,0,83.3,80.0,4,5,0.0,0,2,0,73.4,88.0,0,10,0.0,0,45,5,100.0,45,93.1,6,25.0,0,38,8,1.6,7.6,0.84,0,28.5,0,25.0,0.0,0,1,0.0,0,1,0,64.7,73.0,0,24,0.0,0,4,1,100.0,4,52.1,4,16.7,0,24,1,1.0,24.0,6.0,5,-2.0,0,100.0,,0,0,0.0,0,0,0,64.7,60.4,0,3,0.0,0,6,1,83.3,5,79.2,1,4.2,0,3,5,5.0,3.0,0.6,,0,,,0,0,,0,0,0,,,0,0,0.0,0,4,0,100.0,4,0.0,0,0.0,0,0,0,,,0.0,10.0,0,0.0,0.0,0,1,,0,0,0,,60.0,0,0,0.0,0,9,0,100.0,9,39.6,1,4.2,0,0,0,,,0.0,4.0,0,100.0,,0,0,0.0,0,0,0,64.7,60.8,0,8,0.0,0,12,1,91.7,11,100.0,1,4.2,0,8,4,4.0,8.0,0.73,13.9,0,71.4,66.7,2,3,0.0,0,5,0,73.4,94.5,0,55,0.0,0,7,5,100.0,7,153.3,7,29.2,1,126,57,11.4,25.2,18.0,0,-2.0,0,100.0,,0,0,0.0,0,0,0,64.7,79.1,0,8,0.0,0,8,1,87.5,7,100.0,1,4.2,0,8,10,10.0,8.0,1.14,,60.0,23.0,0,0.0,0.0,0,1,,0,0,0,0,0,0.0,0,8,0,87.5,7,39.6,1,4.2,0,0,0,,,0.0,18.0,0,0.0,,0,0,,0,0,0,,59.9,0,0,0.0,0,16,0,87.5,14,39.6,1,4.2,0,0,0,,,0.0,4.5,1,100.0,,0,0,0.0,0,1,0,68.3,76.3,0,13,0.0,0,13,2,100.0,13,110.4,2,8.3,0,21,12,6.0,10.5,1.62,5.1,1,88.9,80.0,4,5,0.0,0,3,0,76.5,88.8,0,13,0.0,0,9,8,100.0,9,97.7,9,37.5,0,67,24,3.0,8.4,7.44
Dyami Brown,77986,WR,WAS,15,24,-1.5,1,100.0,,0,0,0.0,0,0,0,70.5,74.5,0,6,0.0,0,3,2,66.7,2,79.2,2,8.3,0,4,7,3.5,2.0,2.0,,0,,,0,0,,0,0,0,64.7,60.5,0,0,0.0,0,19,0,94.7,18,0.0,0,0.0,0,0,0,,,0.0,34.0,0,50.0,100.0,1,1,0.0,0,1,0,64.7,92.6,0,48,0.0,0,11,1,81.8,9,95.8,2,8.3,0,48,3,3.0,48.0,5.33,16.0,0,80.0,0.0,0,1,0.0,0,4,0,72.1,95.1,0,25,0.0,0,12,4,91.7,11,118.8,5,20.8,0,78,15,3.8,19.5,7.09,4.0,0,80.0,100.0,1,1,20.0,1,1,0,41.6,60.8,0,13,0.0,0,61,4,93.4,57,91.7,5,20.8,0,30,12,3.0,7.5,0.53,0,32.4,0,14.3,50.0,1,2,0.0,0,1,0,64.7,78.9,0,48,0.0,0,8,1,87.5,7,55.7,7,29.2,0,48,3,3.0,48.0,6.86,32,,0,,,0,0,,0,0,0,,,0,0,0.0,0,7,0,100.0,7,0.0,0,0.0,0,0,0,,,0.0,36.0,0,0.0,,0,0,,0,0,0,,59.3,0,0,0.0,0,7,0,85.7,6,39.6,1,4.2,0,0,0,,,0.0,,0,,,0,0,,0,0,0,,,0,0,0.0,0,4,0,100.0,4,0.0,0,0.0,0,0,0,,,0.0,5.5,0,50.0,50.0,1,2,0.0,0,0,0,64.7,59.2,0,5,0.0,0,11,1,90.9,10,56.3,2,8.3,0,5,0,0.0,5.0,0.5,15.6,0,57.1,0.0,0,2,0.0,0,4,0,72.1,94.2,0,25,0.0,0,7,4,100.0,7,96.1,7,29.2,0,78,15,3.8,19.5,11.14,0,-1.5,1,100.0,,0,0,0.0,0,0,0,68.3,77.0,0,6,0.0,0,14,2,100.0,14,79.2,2,8.3,0,4,7,3.5,2.0,0.29,,45.6,30.8,0,0.0,0.0,0,1,,0,0,0,0,0,0.0,0,10,0,100.0,10,39.6,4,16.7,0,0,0,,,0.0,14.5,0,0.0,0.0,0,1,,0,0,0,,58.7,0,0,0.0,0,14,0,100.0,14,39.6,2,8.3,0,0,0,,,0.0,7.0,0,0.0,0.0,0,1,,0,0,0,,59.8,0,0,0.0,0,14,0,92.9,13,39.6,1,4.2,0,0,0,,,0.0,4.8,0,62.5,50.0,2,4,16.7,1,1,0,45.8,59.8,0,13,0.0,0,8,5,100.0,8,72.4,8,33.3,0,35,12,2.4,7.0,4.38
Justin Jackson,29539,HB,LAC,13,24,-3.6,3,100.0,,0,0,0.0,0,2,0,76.5,90.6,0,25,0.0,0,8,8,100.0,8,91.7,8,33.3,0,48,77,9.6,6.0,6.0,-2.5,0,100.0,,0,0,0.0,0,0,0,68.3,82.5,0,9,0.0,0,3,2,100.0,3,83.3,2,8.3,0,8,13,6.5,4.0,2.67,,0,,,0,0,,0,0,0,,,0,0,0.0,0,1,0,100.0,1,0.0,0,0.0,0,0,0,,,0.0,,0,,,0,0,,0,0,0,,,0,0,27.3,3,11,0,72.7,8,0.0,0,0.0,0,0,0,,,0.0,2.7,2,81.8,,0,0,18.2,2,4,0,41.1,64.1,0,17,8.3,3,36,9,83.3,30,99.2,11,45.8,0,86,63,7.0,9.6,2.87,0,,0,,,0,0,,0,0,0,,,0,0,,0,0,0,,0,0.0,0,0.0,0,0,0,,,,27,-3.8,3,100.0,,0,0,0.0,0,2,0,73.4,89.4,0,25,0.0,0,8,5,100.0,8,100.0,5,20.8,0,40,59,11.8,8.0,5.0,,0,,,0,0,,0,0,0,,,0,0,0.0,0,7,0,85.7,6,0.0,0,0.0,0,0,0,,,0.0,,0,,,0,0,,0,0,0,,,0,0,40.0,4,10,0,60.0,6,0.0,0,0.0,0,0,0,,,0.0,3.3,0,100.0,,0,0,0.0,0,1,0,70.5,90.2,0,9,20.0,2,10,3,80.0,8,100.0,3,12.5,0,24,14,4.7,8.0,3.0,,0,,,0,0,,0,0,0,,,0,0,,0,0,0,,0,0.0,0,0.0,0,0,0,,,,0,-5.0,0,100.0,,0,0,0.0,0,0,0,64.7,65.2,0,0,0.0,0,3,1,100.0,3,79.2,1,4.2,0,0,5,5.0,0.0,0.0,,,,0,,,0,0,,0,0,0,0,0,16.7,1,6,0,83.3,5,0.0,0,0.0,0,0,0,,,0.0,,0,,,0,0,,0,0,0,,,0,0,25.0,3,12,0,58.3,7,0.0,0,0.0,0,0,0,,,0.0,2.5,0,100.0,,0,0,0.0,0,1,0,68.3,82.8,0,13,9.5,2,21,2,90.5,19,108.3,2,8.3,0,20,15,7.5,10.0,1.05,2.8,2,87.5,,0,0,12.5,2,6,0,51.2,82.9,0,17,0.0,0,17,14,94.1,16,100.5,16,66.7,0,130,92,6.6,9.3,8.13
DeeJay Dallas,55632,HB,SEA,13,23,-3.9,1,88.9,100.0,1,1,0.0,0,0,0,76.5,79.9,0,7,0.0,0,9,8,100.0,9,79.2,9,39.1,0,20,51,6.4,2.5,2.22,-4.3,0,100.0,100.0,1,1,0.0,0,0,0,70.5,71.5,0,7,0.0,0,4,3,100.0,4,79.2,3,13.0,0,5,18,6.0,1.7,1.25,,0,,,0,0,,0,0,0,,,0,0,14.3,1,7,0,71.4,5,0.0,0,0.0,0,0,0,,,0.0,,0,,,0,0,,0,0,0,,,0,0,20.0,1,5,0,60.0,3,0.0,0,0.0,0,0,0,,,0.0,2.4,0,100.0,,0,0,0.0,0,2,1,78.0,52.8,0,13,0.0,0,18,10,94.4,17,95.0,10,43.5,0,68,44,4.4,6.8,4.0,0,22.0,0,100.0,,0,0,0.0,0,1,0,64.7,90.4,0,29,0.0,0,1,1,100.0,1,118.8,1,4.3,0,29,7,7.0,29.0,29.0,29,,0,,,0,0,,0,0,0,,,0,0,0.0,0,3,0,100.0,3,0.0,0,0.0,0,0,0,,,0.0,22.0,0,100.0,,0,0,0.0,0,1,0,64.7,90.4,0,29,23.1,3,13,1,76.9,10,118.8,1,4.3,0,29,7,7.0,29.0,2.9,19.0,0,0.0,0.0,0,1,,0,0,0,,60.0,0,0,0.0,0,7,0,100.0,7,39.6,1,4.3,0,0,0,,,0.0,,0,,,0,0,,0,0,0,,,0,0,0.0,0,6,0,100.0,6,0.0,0,0.0,0,0,0,,,0.0,19.0,0,0.0,0.0,0,1,,0,0,0,,60.0,0,0,0.0,0,1,0,100.0,1,39.6,1,4.3,0,0,0,,,0.0,0,-3.7,1,83.3,,0,0,0.0,0,0,0,73.4,77.3,0,5,0.0,0,6,5,100.0,6,79.2,6,26.1,0,15,33,6.6,3.0,2.5,,,,0,,,0,0,,0,0,0,0,0,0.0,0,9,0,88.9,8,0.0,0,0.0,0,0,0,,,0.0,,0,,,0,0,,0,0,0,,,0,0,28.6,2,7,0,71.4,5,0.0,0,0.0,0,0,0,,,0.0,1.0,0,100.0,,0,0,0.0,0,1,0,68.3,71.2,0,13,7.7,1,13,2,92.3,12,100.0,2,8.7,0,16,14,7.0,8.0,1.33,2.2,0,100.0,,0,0,0.0,0,3,1,79.4,61.4,0,13,0.0,0,12,12,100.0,12,95.8,12,52.2,0,84,58,4.8,7.0,7.0
John Bates,42275,TE,WAS,16,23,-6.0,0,100.0,,0,0,0.0,0,1,0,70.5,84.1,0,19,0.0,0,3,2,66.7,2,108.3,2,8.7,0,20,32,16.0,10.0,10.0,-6.0,0,100.0,,0,0,0.0,0,0,0,68.3,63.7,0,1,27.3,6,22,1,63.6,14,79.2,1,4.3,0,1,7,7.0,1.0,0.07,,0,,,0,0,,0,0,0,,,0,0,37.5,3,8,0,50.0,4,0.0,0,0.0,0,0,0,,,0.0,15.3,1,75.0,,0,0,0.0,0,3,0,70.5,95.3,1,29,5.3,1,19,3,78.9,15,77.1,4,17.4,0,70,26,8.7,23.3,4.67,3.9,0,75.0,0.0,0,1,14.3,1,4,1,49.7,79.2,0,15,7.3,4,55,6,90.9,50,135.4,8,34.8,1,60,35,5.8,10.0,1.2,0,20.0,0,100.0,,0,0,0.0,0,1,0,64.7,94.7,0,24,0.0,0,1,1,100.0,1,118.8,1,4.3,0,24,4,4.0,24.0,24.0,32,-6.0,0,100.0,,0,0,0.0,0,1,0,64.7,90.4,0,19,11.1,1,9,1,77.8,7,118.8,1,4.3,0,19,25,25.0,19.0,2.71,,0,,,0,0,,0,0,0,,,0,0,0.0,0,9,0,77.8,7,0.0,0,0.0,0,0,0,,,0.0,,0,,,0,0,,0,0,0,,,0,0,50.0,4,8,0,37.5,3,0.0,0,0.0,0,0,0,,,0.0,4.5,1,100.0,100.0,1,1,0.0,0,1,0,68.3,82.7,0,6,23.5,4,17,2,70.6,12,87.5,2,8.7,0,10,1,0.5,5.0,0.83,15.3,1,75.0,,0,0,0.0,0,3,0,70.5,95.3,1,29,0.0,0,5,3,80.0,4,77.1,4,17.4,0,70,26,8.7,23.3,17.5,0,,0,,,0,0,,0,0,0,,,0,0,13.3,2,15,0,86.7,13,0.0,0,0.0,0,0,0,,,0.0,64.7,94.7,20.0,0,100.0,,0,0,0.0,0,1,0,0,24,18.2,2,11,1,81.8,9,118.8,1,4.3,0,24,4,4.0,24.0,2.67,,0,,,0,0,,0,0,0,,,0,0,25.0,5,20,0,70.0,14,0.0,0,0.0,0,0,0,,,0.0,3.5,1,100.0,100.0,1,1,0.0,0,1,0,75.6,89.5,0,32,17.4,4,23,6,78.3,18,111.8,6,26.1,0,65,44,7.3,10.8,3.61,3.8,2,87.5,66.7,2,3,6.7,1,6,1,65.9,90.9,0,32,0.0,0,17,14,94.1,16,122.7,16,69.6,1,135,80,5.7,9.6,8.44
Ty Montgomery,9527,WR,NO,14,23,-4.1,0,87.5,,0,0,12.5,1,1,0,52.1,64.6,0,13,0.0,0,8,7,100.0,8,79.2,8,34.8,0,23,55,7.9,3.3,2.88,-4.7,0,100.0,,0,0,0.0,0,0,0,70.5,82.8,0,13,11.1,2,18,3,83.3,15,79.2,3,13.0,0,4,18,6.0,1.3,0.27,27.0,0,0.0,0.0,0,1,100.0,1,0,0,28.0,41.1,0,0,0.0,0,5,0,100.0,5,39.6,1,4.3,0,0,0,,,0.0,,0,,,0,0,,0,0,0,,,0,0,10.0,1,10,0,90.0,9,0.0,0,0.0,0,0,0,,,0.0,4.0,0,75.0,100.0,1,1,0.0,0,2,0,36.2,47.1,0,13,2.7,1,37,3,91.9,34,87.5,4,17.4,0,22,9,3.0,7.3,0.65,0,24.5,0,0.0,0.0,0,1,100.0,1,0,0,28.0,39.6,0,0,0.0,0,2,0,100.0,2,39.6,2,8.7,0,0,0,,,0.0,20,,0,,,0,0,,0,0,0,,,0,0,0.0,0,6,0,100.0,6,0.0,0,0.0,0,0,0,,,0.0,,0,,,0,0,,0,0,0,,,0,0,0.0,0,6,0,100.0,6,0.0,0,0.0,0,0,0,,,0.0,,0,,,0,0,,0,0,0,,,0,0,0.0,0,5,0,100.0,5,0.0,0,0.0,0,0,0,,,0.0,2.0,0,0.0,0.0,0,1,100.0,1,0,0,28.0,27.5,0,0,0.0,0,15,0,100.0,15,39.6,3,13.0,0,0,0,,,0.0,14.0,0,100.0,100.0,1,1,0.0,0,2,0,68.3,92.9,0,21,0.0,0,2,2,100.0,2,118.8,2,8.7,0,40,12,6.0,20.0,20.0,0,-3.8,0,80.0,,0,0,20.0,1,1,0,41.6,48.0,0,8,10.0,1,10,4,90.0,9,82.5,5,21.7,0,19,37,9.3,4.8,2.11,,59.9,22.0,0,0.0,,0,0,,0,0,0,0,0,0.0,0,8,0,100.0,8,39.6,1,4.3,0,0,0,,,0.0,14.0,0,100.0,100.0,1,1,0.0,0,2,0,68.3,92.9,0,21,10.0,1,10,2,90.0,9,118.8,2,8.7,0,40,12,6.0,20.0,4.44,0.8,0,100.0,,0,0,0.0,0,0,0,72.1,62.9,0,5,10.0,2,20,4,90.0,18,79.2,4,17.4,0,10,7,1.8,2.5,0.56,2.3,0,63.6,50.0,1,2,12.5,1,2,0,32.2,44.0,0,13,0.0,0,12,7,91.7,11,67.6,11,47.8,0,32,16,2.3,4.6,2.91
Mohamed Sanu,7084,WR,SF,8,23,,0,,,0,0,,0,0,0,,,0,0,,0,0,0,,0,0.0,0,0.0,0,0,0,,,,,0,,,0,0,,0,0,0,,,0,0,0.0,0,14,0,100.0,14,0.0,0,0.0,0,0,0,,,0.0,20.0,0,0.0,,0,0,100.0,1,0,0,27.9,39.9,0,0,0.0,0,6,0,83.3,5,39.6,2,8.7,0,0,0,,,0.0,13.7,0,100.0,100.0,1,1,0.0,0,5,0,74.6,95.7,0,21,0.0,0,28,6,89.3,25,118.8,6,26.1,0,102,20,3.3,17.0,4.08,6.1,0,57.1,0.0,0,3,20.0,1,2,0,42.1,77.2,0,12,0.0,0,44,4,97.7,43,70.5,7,30.4,0,35,17,4.3,8.8,0.81,0,22.3,0,0.0,,0,0,100.0,1,0,0,27.9,40.3,0,0,0.0,0,3,0,100.0,3,39.6,3,13.0,0,0,0,,,0.0,28,,0,,,0,0,,0,0,0,,,0,0,0.0,0,5,0,100.0,5,0.0,0,0.0,0,0,0,,,0.0,,0,,,0,0,,0,0,0,,,0,0,0.0,0,4,0,100.0,4,0.0,0,0.0,0,0,0,,,0.0,13.0,0,0.0,,0,0,,0,0,0,,57.5,0,0,0.0,0,8,0,87.5,7,39.6,1,4.3,0,0,0,,,0.0,5.5,0,100.0,,0,0,0.0,0,4,0,72.1,93.1,0,13,0.0,0,12,4,100.0,12,99.0,4,17.4,0,31,9,2.3,7.8,2.58,13.6,0,85.7,100.0,1,1,0.0,0,5,0,74.6,94.4,0,21,0.0,0,10,6,70.0,7,118.8,7,30.4,0,102,20,3.3,17.0,14.57,0,,0,,,0,0,,0,0,0,,,0,0,0.0,0,2,0,100.0,2,0.0,0,0.0,0,0,0,,,0.0,,60.0,27.0,0,0.0,,0,0,,0,0,0,0,0,0.0,0,5,0,100.0,5,39.6,1,4.3,0,0,0,,,0.0,,0,,,0,0,,0,0,0,,59.3,0,0,0.0,0,7,0,85.7,6,0.0,0,0.0,0,0,0,,,0.0,5.5,0,50.0,,0,0,0.0,0,1,0,64.7,76.3,0,9,0.0,0,12,1,75.0,9,62.5,2,8.7,0,9,3,3.0,9.0,1.0,5.8,0,69.2,0.0,0,3,10.0,1,7,0,57.0,92.2,0,13,0.0,0,14,9,92.9,13,83.8,13,56.5,0,75,29,3.2,8.3,5.77
Chris Moore,10741,WR,HST,10,22,-4.2,2,100.0,,0,0,0.0,0,2,0,78.0,81.2,0,14,0.0,0,10,10,100.0,10,79.2,10,45.5,0,28,70,7.0,2.8,2.8,-4.3,1,100.0,,0,0,0.0,0,1,0,77.3,75.7,0,10,0.0,0,20,9,100.0,20,79.2,9,40.9,0,14,53,5.9,1.6,0.7,20.0,0,100.0,100.0,1,1,0.0,0,1,0,64.7,90.9,0,23,0.0,0,5,1,100.0,5,118.8,1,4.5,0,23,3,3.0,23.0,4.6,10.0,0,100.0,,0,0,0.0,0,1,0,64.7,78.1,0,27,0.0,0,11,1,100.0,11,118.8,1,4.5,0,27,17,17.0,27.0,2.45,4.3,0,100.0,100.0,1,1,0.0,0,0,0,70.5,75.4,0,13,0.0,0,22,3,100.0,22,102.8,3,13.6,0,26,13,4.3,8.7,1.18,0,24.0,0,100.0,100.0,2,2,0.0,0,3,0,70.5,95.7,0,67,0.0,0,3,3,100.0,3,158.3,3,13.6,2,118,46,15.3,39.3,39.33,13,,0,,,0,0,,0,0,0,,,0,0,0.0,0,3,0,100.0,3,0.0,0,0.0,0,0,0,,,0.0,,0,,,0,0,,0,0,0,,,0,0,0.0,0,1,0,100.0,1,0.0,0,0.0,0,0,0,,,0.0,13.0,0,0.0,0.0,0,1,,0,0,0,,59.4,0,0,25.0,1,4,0,75.0,3,39.6,1,4.5,0,0,0,,,0.0,8.0,0,100.0,,0,0,0.0,0,0,0,64.7,79.4,0,8,0.0,0,8,1,100.0,8,100.0,1,4.5,0,8,0,0.0,8.0,1.0,11.3,0,66.7,0.0,0,1,0.0,0,1,0,29.9,70.3,0,27,0.0,0,4,2,75.0,3,109.7,3,13.6,0,38,17,8.5,19.0,12.67,0,-3.0,1,100.0,,0,0,0.0,0,1,0,64.7,79.1,0,14,0.0,0,3,1,100.0,3,118.8,1,4.5,0,14,17,17.0,14.0,4.67,68.3,92.7,26.0,0,100.0,100.0,1,1,0.0,0,2,0,0,67,0.0,0,8,2,100.0,8,158.3,2,9.1,2,95,43,21.5,47.5,11.88,11.0,0,100.0,,0,0,0.0,0,0,0,28.8,59.0,0,11,0.0,0,9,1,77.8,7,112.5,1,4.5,0,11,0,0.0,11.0,1.57,1.5,0,100.0,,0,0,0.0,0,0,0,68.3,61.5,0,5,0.0,0,17,2,94.1,16,85.4,2,9.1,0,9,6,3.0,4.5,0.56,4.0,0,100.0,100.0,1,1,0.0,0,0,0,74.6,80.5,0,13,0.0,0,6,6,100.0,6,96.5,6,27.3,0,43,19,3.2,7.2,7.17
Jimmy Graham,5619,TE,CHI,15,22,-4.0,1,100.0,,0,0,0.0,0,0,0,68.3,62.1,0,6,0.0,0,2,2,100.0,2,83.3,2,9.1,0,8,16,8.0,4.0,4.0,-5.0,1,100.0,,0,0,0.0,0,0,0,64.7,61.5,0,2,0.0,0,2,1,100.0,2,79.2,1,4.5,0,2,7,7.0,2.0,1.0,25.0,0,100.0,100.0,1,1,0.0,0,1,0,64.7,94.9,0,28,0.0,0,4,1,75.0,3,118.8,1,4.5,0,28,3,3.0,28.0,9.33,13.0,0,100.0,,0,0,0.0,0,2,0,68.3,80.3,0,17,7.1,1,14,2,85.7,12,158.3,2,9.1,1,30,4,2.0,15.0,2.5,5.5,0,100.0,,0,0,0.0,0,1,0,68.3,76.2,0,10,0.0,0,19,2,100.0,19,93.8,2,9.1,0,13,2,1.0,6.5,0.68,0,25.5,0,50.0,100.0,1,1,0.0,0,1,0,64.7,94.1,0,28,0.0,0,2,1,100.0,2,95.8,2,9.1,0,28,3,3.0,28.0,14.0,6,,0,,,0,0,,0,0,0,,,0,0,0.0,0,3,0,100.0,3,0.0,0,0.0,0,0,0,,,0.0,,0,,,0,0,,0,0,0,,,0,0,0.0,0,6,0,83.3,5,0.0,0,0.0,0,0,0,,,0.0,15.2,0,60.0,75.0,3,4,25.0,1,3,0,36.2,91.0,0,17,6.7,1,15,3,80.0,12,127.5,5,22.7,1,43,0,0.0,14.3,3.58,5.2,0,66.7,,0,0,0.0,0,3,0,73.4,93.9,0,23,0.0,0,13,4,92.3,12,128.5,6,27.3,1,45,25,6.3,11.3,3.75,14.9,0,62.5,75.0,3,4,16.7,1,5,0,49.2,92.7,0,17,0.0,0,9,5,88.9,8,131.8,8,36.4,2,73,4,0.8,14.6,9.13,0,-3.0,0,100.0,,0,0,0.0,0,0,0,64.7,61.0,0,6,0.0,0,2,1,100.0,2,91.7,1,4.5,0,6,9,9.0,6.0,3.0,,58.8,26.0,0,0.0,,0,0,,0,0,0,0,0,12.5,1,8,0,87.5,7,39.6,1,4.5,0,0,0,,,0.0,17.0,0,0.0,,0,0,,0,0,0,64.7,85.0,0,0,22.2,2,9,0,44.4,4,39.6,1,4.5,0,0,0,,,0.0,5.0,0,0.0,0.0,0,1,,0,0,0,,57.7,0,0,12.5,2,16,0,87.5,14,39.6,2,9.1,0,0,0,,,0.0,5.2,0,60.0,0.0,0,1,0.0,0,4,0,75.6,92.8,0,23,0.0,0,11,6,90.9,10,109.6,10,45.5,1,58,27,4.5,9.7,5.8
Quintez Cephus,29614,WR,DET,5,22,,0,,,0,0,,0,0,0,,,0,0,,0,0,0,,0,0.0,0,0.0,0,0,0,,,,,0,,,0,0,,0,0,0,,,0,0,0.0,0,11,0,90.9,10,0.0,0,0.0,0,0,0,,,0.0,,0,,,0,0,,0,0,0,,,0,0,0.0,0,2,0,100.0,2,0.0,0,0.0,0,0,0,,,0.0,13.0,1,100.0,,0,0,0.0,0,2,0,68.3,93.3,0,33,0.0,0,10,2,80.0,8,118.8,2,9.1,0,53,27,13.5,26.5,6.63,3.3,1,100.0,,0,0,0.0,0,1,0,72.1,83.2,0,21,0.0,0,26,4,100.0,26,109.4,4,18.2,0,41,28,7.0,10.3,1.58,0,27.8,0,20.0,0.0,0,2,0.0,0,1,0,64.7,78.2,0,46,0.0,0,6,1,83.3,5,65.4,5,22.7,0,46,20,20.0,46.0,9.2,11,,0,,,0,0,,0,0,0,,,0,0,0.0,0,8,0,100.0,8,0.0,0,0.0,0,0,0,,,0.0,24.3,0,25.0,0.0,0,2,0.0,0,1,0,64.7,81.0,0,46,0.0,0,12,1,75.0,9,75.0,4,18.2,0,46,20,20.0,46.0,5.11,16.0,0,0.0,,0,0,,0,0,0,,59.7,0,0,0.0,0,7,0,85.7,6,39.6,1,4.5,0,0,0,,,0.0,4.5,0,75.0,50.0,1,2,0.0,0,2,0,70.5,82.6,0,5,0.0,0,19,3,100.0,19,116.7,4,18.2,2,10,0,0.0,3.3,0.53,13.6,1,60.0,0.0,0,1,0.0,0,3,0,70.5,92.9,0,33,0.0,0,5,3,100.0,5,104.2,5,22.7,0,74,33,11.0,24.7,14.8,0,,0,,,0,0,,0,0,0,,,0,0,0.0,0,4,0,100.0,4,0.0,0,0.0,0,0,0,,,0.0,,59.0,42.0,0,0.0,,0,0,,0,0,0,0,0,0.0,0,1,0,100.0,1,39.6,1,4.5,0,0,0,,,0.0,13.0,0,50.0,0.0,0,1,0.0,0,1,0,64.7,77.0,0,21,0.0,0,6,1,83.3,5,87.5,2,9.1,0,21,6,6.0,21.0,4.2,4.0,1,100.0,100.0,1,1,0.0,0,2,0,73.4,92.0,0,13,0.0,0,14,4,85.7,12,101.0,4,18.2,0,33,17,4.3,8.3,2.75,3.9,2,91.7,66.7,2,3,0.0,0,5,0,79.4,92.9,0,21,0.0,0,13,11,92.3,12,135.4,12,54.5,2,84,45,4.1,7.6,7.0
Ashton Dulin,91479,WR,IND,17,22,-3.5,1,100.0,100.0,1,1,0.0,0,1,0,72.1,72.9,0,10,0.0,0,4,4,100.0,4,79.2,4,18.2,0,8,22,5.5,2.0,2.0,-3.3,1,100.0,100.0,1,1,0.0,0,1,0,70.5,74.9,0,10,0.0,0,23,3,95.7,22,79.2,3,13.6,0,6,16,5.3,2.0,0.27,37.8,0,25.0,0.0,0,1,0.0,0,1,0,64.7,84.7,0,62,0.0,0,8,1,87.5,7,118.8,4,18.2,1,62,10,10.0,62.0,8.86,12.7,0,33.3,100.0,1,1,50.0,1,1,0,28.9,59.0,0,17,0.0,0,9,1,88.9,8,53.5,3,13.6,0,17,1,1.0,17.0,2.13,4.5,0,75.0,,0,0,25.0,1,2,0,36.8,61.1,0,16,0.0,0,25,3,92.0,23,94.8,4,18.2,0,29,15,5.0,9.7,1.26,0,37.5,0,33.3,0.0,0,1,0.0,0,2,0,68.3,88.2,0,62,0.0,0,8,2,75.0,6,121.5,6,27.3,1,85,13,6.5,42.5,14.17,14,,0,,,0,0,,0,0,0,,,0,0,0.0,0,4,0,100.0,4,0.0,0,0.0,0,0,0,,,0.0,37.0,0,50.0,,0,0,0.0,0,1,0,64.7,77.7,0,23,0.0,0,7,1,85.7,6,91.7,2,9.1,0,23,3,3.0,23.0,3.83,16.0,0,100.0,,0,0,0.0,0,2,0,68.3,90.4,0,17,0.0,0,4,2,100.0,4,118.8,2,9.1,0,32,0,0.0,16.0,8.0,,0,,,0,0,,0,0,0,,,0,0,0.0,0,9,0,88.9,8,0.0,0,0.0,0,0,0,,,0.0,13.0,0,50.0,50.0,1,2,20.0,1,4,0,42.1,90.8,0,17,0.0,0,8,4,100.0,8,109.9,8,36.4,1,51,1,0.3,12.8,6.38,0,-4.0,0,100.0,,0,0,0.0,0,0,0,64.7,60.4,0,2,0.0,0,1,1,100.0,1,79.2,1,4.5,0,2,6,6.0,2.0,2.0,,59.7,,0,,,0,0,,0,0,0,0,0,0.0,0,6,0,66.7,4,0.0,0,0.0,0,0,0,,,0.0,11.3,0,33.3,0.0,0,1,0.0,0,1,0,64.7,89.9,0,2,0.0,0,8,1,87.5,7,81.9,3,13.6,1,2,0,0.0,2.0,0.29,,0,,,0,0,,0,0,0,,,0,0,0.0,0,4,0,100.0,4,0.0,0,0.0,0,0,0,,,0.0,4.5,0,75.0,,0,0,25.0,1,2,0,36.8,61.1,0,16,0.0,0,4,3,100.0,4,94.8,4,18.2,0,29,15,5.0,9.7,7.25
Kendall Hinton,34045,WR,DEN,15,22,,0,,,0,0,,0,0,0,,,0,0,,0,0,0,,0,0.0,0,0.0,0,0,0,,,,,0,,,0,0,,0,0,0,,,0,0,0.0,0,7,0,85.7,6,0.0,0,0.0,0,0,0,,,0.0,,0,,,0,0,,0,0,0,,,0,0,0.0,0,3,0,100.0,3,0.0,0,0.0,0,0,0,,,0.0,16.3,0,33.3,,0,0,0.0,0,1,0,64.7,88.9,0,40,0.0,0,13,1,84.6,11,81.9,3,13.6,0,40,25,25.0,40.0,3.64,5.2,2,72.7,33.3,1,3,0.0,0,3,0,76.5,80.6,0,13,0.0,0,52,8,98.1,51,86.9,11,50.0,0,64,22,2.8,8.0,1.25,0,23.0,0,100.0,,0,0,0.0,0,1,0,68.3,92.4,0,23,0.0,0,3,1,33.3,1,118.8,1,4.5,0,23,0,0.0,23.0,23.0,10,,0,,,0,0,,0,0,0,,,0,0,0.0,0,7,0,71.4,5,0.0,0,0.0,0,0,0,,,0.0,23.0,0,100.0,,0,0,0.0,0,1,0,64.7,90.0,0,23,7.7,1,13,1,69.2,9,118.8,1,4.5,0,23,0,0.0,23.0,2.56,13.5,0,100.0,100.0,1,1,0.0,0,2,0,68.3,90.3,0,15,0.0,0,6,2,100.0,6,118.8,2,9.1,0,27,0,0.0,13.5,4.5,8.0,0,100.0,,0,0,0.0,0,1,0,64.7,78.8,0,15,0.0,0,7,1,100.0,7,118.8,1,4.5,0,15,7,7.0,15.0,2.14,14.8,0,50.0,100.0,1,1,0.0,0,3,0,70.5,92.3,0,40,0.0,0,6,3,100.0,6,90.3,6,27.3,0,67,25,8.3,22.3,11.17,0,,0,,,0,0,,0,0,0,,,0,0,0.0,0,3,0,100.0,3,0.0,0,0.0,0,0,0,,,0.0,64.7,79.6,,0,,,0,0,,0,0,0,0,0,0.0,0,6,0,83.3,5,0.0,0,0.0,0,0,0,,,0.0,13.0,0,0.0,,0,0,,0,0,0,,59.0,0,0,0.0,0,8,0,87.5,7,39.6,1,4.5,0,0,0,,,0.0,2.0,0,66.7,0.0,0,1,0.0,0,2,0,68.3,88.8,1,4,0.0,0,17,2,94.1,16,70.1,3,13.6,1,6,3,1.5,3.0,0.38,4.7,2,73.3,25.0,1,4,0.0,0,6,0,78.7,90.6,1,15,0.0,0,15,11,100.0,15,81.2,15,68.2,1,85,32,2.9,7.7,5.67
Anthony Schwartz,84135,WR,CLV,14,22,,0,,,0,0,,0,0,0,,,0,0,,0,0,0,,0,0.0,0,0.0,0,0,0,,,,,0,,,0,0,,0,0,0,,,0,0,0.0,0,19,0,100.0,19,0.0,0,0.0,0,0,0,,,0.0,40.0,0,0.0,0.0,0,1,,0,0,0,,58.6,0,0,0.0,0,5,0,80.0,4,39.6,2,9.1,0,0,0,,,0.0,14.2,0,80.0,,0,0,0.0,0,4,0,72.1,92.3,1,16,0.0,0,18,4,100.0,18,110.0,5,22.7,1,52,4,1.0,13.0,2.89,6.8,0,25.0,0.0,0,1,50.0,1,0,0,28.8,44.4,0,5,0.0,0,25,1,100.0,25,39.6,4,18.2,0,5,1,1.0,5.0,0.2,0,35.0,0,14.3,0.0,0,3,0.0,0,1,0,64.7,78.8,0,44,0.0,0,7,1,100.0,7,53.3,7,31.8,0,44,3,3.0,44.0,6.29,8,,0,,,0,0,,0,0,0,,,0,0,0.0,0,6,0,100.0,6,0.0,0,0.0,0,0,0,,,0.0,29.0,0,0.0,0.0,0,1,,0,0,0,,57.4,0,0,0.0,0,10,0,100.0,10,39.6,3,13.6,0,0,0,,,0.0,12.0,0,50.0,,0,0,0.0,0,1,0,64.7,76.5,0,13,0.0,0,6,1,100.0,6,70.8,2,9.1,0,13,0,0.0,13.0,2.17,6.0,0,100.0,,0,0,0.0,0,0,0,64.7,60.8,0,6,0.0,0,14,1,92.9,13,91.7,1,4.5,0,6,0,0.0,6.0,0.46,13.6,0,71.4,,0,0,0.0,0,5,0,73.4,92.8,1,16,0.0,0,7,5,100.0,7,100.3,7,31.8,1,65,4,0.8,13.0,9.29,0,,0,,,0,0,,0,0,0,,,0,0,0.0,0,3,0,100.0,3,0.0,0,0.0,0,0,0,,,0.0,64.7,90.0,39.0,0,50.0,0.0,0,1,0.0,0,1,0,0,44,0.0,0,10,1,80.0,8,95.8,2,9.1,0,44,3,3.0,44.0,5.5,,0,,,0,0,,0,0,0,,,0,0,0.0,0,8,0,87.5,7,0.0,0,0.0,0,0,0,,,0.0,6.0,0,66.7,0.0,0,1,0.0,0,0,0,68.3,74.6,0,9,0.0,0,16,2,100.0,16,78.5,3,13.6,0,15,4,2.0,7.5,0.94,6.4,0,50.0,0.0,0,2,20.0,1,0,0,41.6,59.4,0,9,0.0,0,8,4,100.0,8,57.3,8,36.4,0,26,5,1.3,6.5,3.25
Damien Williams,9205,HB,CHI,12,22,-4.2,4,81.8,,0,0,0.0,0,0,0,77.3,87.1,0,8,0.0,0,11,9,100.0,11,80.3,11,50.0,0,36,72,8.0,4.0,3.27,-4.7,4,85.7,,0,0,0.0,0,0,0,74.6,89.8,0,8,10.0,1,10,6,90.0,9,79.2,7,31.8,0,18,45,7.5,3.0,2.0,,0,,,0,0,,0,0,0,,,0,0,,0,0,0,,0,0.0,0,0.0,0,0,0,,,,,0,,,0,0,,0,0,0,,,0,0,36.4,4,11,0,63.6,7,0.0,0,0.0,0,0,0,,,0.0,4.2,2,60.0,,0,0,25.0,1,2,0,36.8,53.6,0,18,4.3,1,23,3,95.7,22,80.4,5,22.7,0,34,21,7.0,11.3,1.55,0,24.5,0,0.0,,0,0,,0,0,0,,58.4,0,0,0.0,0,2,0,100.0,2,39.6,2,9.1,0,0,0,,,0.0,6,-4.0,0,0.0,,0,0,,0,0,0,,59.9,0,0,0.0,0,2,0,100.0,2,39.6,1,4.5,0,0,0,,,0.0,25.0,0,0.0,,0,0,,0,0,0,,59.9,0,0,33.3,2,6,0,66.7,4,39.6,1,4.5,0,0,0,,,0.0,,0,,,0,0,,0,0,0,,,0,0,40.0,2,5,0,60.0,3,0.0,0,0.0,0,0,0,,,0.0,2.0,0,100.0,,0,0,0.0,0,0,0,64.7,63.4,0,3,12.5,1,8,1,75.0,6,79.2,1,4.5,0,3,1,1.0,3.0,0.5,13.0,0,100.0,,0,0,0.0,0,1,0,64.7,81.7,0,23,0.0,0,1,1,100.0,1,158.3,1,4.5,1,23,10,10.0,23.0,23.0,0,-3.0,0,100.0,,0,0,0.0,0,0,0,70.5,71.6,0,8,0.0,0,3,3,100.0,3,91.7,3,13.6,0,18,27,9.0,6.0,6.0,,60.0,24.0,0,0.0,,0,0,,0,0,0,0,0,0.0,0,5,0,80.0,4,39.6,1,4.5,0,0,0,,,0.0,13.0,0,100.0,,0,0,0.0,0,1,0,64.7,81.7,0,23,28.6,2,7,1,71.4,5,158.3,1,4.5,1,23,10,10.0,23.0,4.6,1.0,1,100.0,,0,0,0.0,0,0,0,68.3,63.6,0,4,23.1,3,13,2,76.9,10,81.3,2,9.1,0,7,5,2.5,3.5,0.7,3.1,3,75.0,,0,0,14.3,1,2,0,49.7,60.5,0,18,0.0,0,9,6,88.9,8,87.5,8,36.4,0,44,27,4.5,7.3,5.5
Trinity Benson,94356,WR,DET,8,22,-2.0,0,66.7,,0,0,33.3,1,1,0,29.9,58.9,0,9,0.0,0,3,2,100.0,3,75.7,3,13.6,0,13,16,8.0,6.5,4.33,-2.5,0,50.0,,0,0,50.0,1,0,0,28.8,43.0,0,4,0.0,0,23,1,82.6,19,56.3,2,9.1,0,4,6,6.0,4.0,0.21,,0,,,0,0,,0,0,0,,,0,0,0.0,0,2,0,100.0,2,0.0,0,0.0,0,0,0,,,0.0,18.0,0,0.0,,0,0,,0,0,0,,59.7,0,8,0.0,0,17,0,88.2,15,60.4,1,4.5,0,8,8,,,0.53,3.8,0,40.0,,0,0,33.3,1,1,0,29.9,58.7,0,24,0.0,0,49,2,98.0,48,62.1,5,22.7,0,32,26,13.0,16.0,0.67,0,28.0,0,0.0,0.0,0,2,,0,0,0,,56.0,0,0,0.0,0,4,0,75.0,3,39.6,3,13.6,0,0,0,,,0.0,11,,0,,,0,0,,0,0,0,,,0,0,0.0,0,6,0,100.0,6,0.0,0,0.0,0,0,0,,,0.0,31.0,0,0.0,0.0,0,2,,0,0,0,,56.9,0,0,0.0,0,8,0,87.5,7,39.6,2,9.1,0,0,0,,,0.0,16.0,0,100.0,,0,0,0.0,0,1,0,64.7,78.5,0,23,0.0,0,8,1,87.5,7,118.8,1,4.5,0,23,7,7.0,23.0,3.29,4.7,0,50.0,0.0,0,1,25.0,1,0,0,36.2,49.2,0,5,0.0,0,17,3,94.1,16,56.3,6,27.3,0,13,2,0.7,4.3,0.81,14.8,0,50.0,,0,0,0.0,0,2,0,68.3,83.2,1,23,0.0,0,5,2,80.0,4,39.6,4,18.2,0,34,7,3.5,17.0,8.5,0,-1.0,0,100.0,,0,0,0.0,0,1,0,64.7,78.2,0,9,0.0,0,7,1,100.0,7,104.2,1,4.5,0,9,10,10.0,9.0,1.29,,59.3,22.0,0,0.0,,0,0,,0,0,0,0,0,0.0,0,6,0,100.0,6,39.6,1,4.5,0,0,0,,,0.0,12.5,0,50.0,,0,0,0.0,0,1,0,64.7,74.9,1,11,0.0,0,8,1,75.0,6,27.1,2,9.1,0,11,0,0.0,11.0,1.83,3.0,0,100.0,,0,0,0.0,0,0,0,64.7,60.8,0,3,0.0,0,7,1,100.0,7,79.2,1,4.5,0,3,0,0.0,3.0,0.43,4.2,0,50.0,0.0,0,1,25.0,2,1,0,29.7,52.5,0,24,0.0,0,12,6,100.0,12,60.4,12,54.5,0,48,28,4.7,8.0,4.0
O.J. Howard,11774,TE,TB,19,22,-5.0,2,100.0,,0,0,0.0,0,2,0,70.5,91.5,0,10,0.0,0,3,3,100.0,3,104.2,3,13.6,0,27,42,14.0,9.0,9.0,-5.0,2,100.0,,0,0,0.0,0,2,0,70.5,91.5,0,10,25.0,6,24,3,75.0,18,104.2,3,13.6,0,27,42,14.0,9.0,1.5,,0,,,0,0,,0,0,0,,,0,0,100.0,2,2,0,0.0,0,0.0,0,0.0,0,0,0,,,,13.8,0,50.0,,0,0,0.0,0,2,0,68.3,91.7,0,21,20.7,6,29,2,79.3,23,81.3,4,18.2,0,36,6,3.0,18.0,1.57,4.4,1,87.5,100.0,1,1,0.0,0,4,0,76.5,93.2,0,12,5.4,2,37,7,91.9,34,97.4,8,36.4,0,59,33,4.7,8.4,1.74,0,,0,,,0,0,,0,0,0,,,0,0,,0,0,0,,0,0.0,0,0.0,0,0,0,,,,30,,0,,,0,0,,0,0,0,,,0,0,0.0,0,12,0,100.0,12,0.0,0,0.0,0,0,0,,,0.0,,0,,,0,0,,0,0,0,,,0,0,0.0,0,8,0,87.5,7,0.0,0,0.0,0,0,0,,,0.0,,0,,,0,0,,0,0,0,,58.2,0,0,16.7,1,6,0,66.7,4,0.0,0,0.0,0,0,0,,,0.0,5.0,0,100.0,,0,0,0.0,0,3,0,72.1,94.3,0,10,0.0,0,19,4,94.7,18,130.2,4,18.2,1,23,9,2.3,5.8,1.28,14.9,0,28.6,,0,0,0.0,0,2,0,68.3,75.9,0,21,0.0,0,8,2,87.5,7,48.5,7,31.8,0,36,6,3.0,18.0,5.14,0,,0,,,0,0,,0,0,0,,,0,0,14.3,1,7,0,57.1,4,0.0,0,0.0,0,0,0,,,0.0,,,,0,,,0,0,,0,0,0,0,0,20.0,2,10,0,70.0,7,0.0,0,0.0,0,0,0,,,0.0,16.3,0,0.0,,0,0,,0,0,0,,53.3,0,0,20.0,2,10,0,80.0,8,39.6,3,13.6,0,0,0,,,0.0,,0,,,0,0,,0,0,0,,,0,0,9.1,1,11,0,81.8,9,0.0,0,0.0,0,0,0,,,0.0,4.6,1,91.7,100.0,1,1,0.0,0,7,0,79.4,95.4,0,12,0.0,0,13,11,92.3,12,122.9,12,54.5,1,82,42,3.8,7.5,6.83
Kenny Stills,7926,WR,NO,13,21,,0,,,0,0,,0,0,0,,,0,0,,0,0,0,,0,0.0,0,0.0,0,0,0,,,,,0,,,0,0,,0,0,0,,,0,0,0.0,0,11,0,100.0,11,0.0,0,0.0,0,0,0,,,0.0,46.0,0,0.0,0.0,0,1,,0,0,0,64.7,89.4,0,0,0.0,0,9,0,88.9,8,39.6,1,4.8,0,0,0,,,0.0,14.0,0,50.0,,0,0,0.0,0,1,0,64.7,76.9,0,17,0.0,0,13,1,100.0,13,79.2,2,9.5,0,17,2,2.0,17.0,1.31,4.7,0,66.7,,0,0,0.0,0,1,0,68.3,75.8,0,11,0.0,0,22,2,90.9,20,81.3,3,14.3,0,17,7,3.5,8.5,0.85,0,35.9,0,0.0,0.0,0,5,100.0,1,0,0,28.9,64.4,1,0,0.0,0,9,0,88.9,8,0.0,8,38.1,0,0,0,,,0.0,20,,0,,,0,0,,0,0,0,,,0,0,0.0,0,5,0,100.0,5,0.0,0,0.0,0,0,0,,,0.0,32.2,0,0.0,0.0,0,3,,0,0,0,,57.1,1,0,0.0,0,7,0,100.0,7,0.0,5,23.8,0,0,0,,,0.0,16.0,0,0.0,0.0,0,1,,0,0,0,,57.5,0,0,8.3,1,12,0,83.3,10,39.6,3,14.3,0,0,0,,,0.0,7.0,0,100.0,,0,0,0.0,0,1,0,64.7,78.1,0,8,0.0,0,8,1,75.0,6,139.6,1,4.8,1,8,1,1.0,8.0,1.33,15.1,0,25.0,50.0,1,2,33.3,1,2,0,30.0,76.3,0,22,0.0,0,8,2,100.0,8,47.4,8,38.1,0,39,5,2.5,19.5,4.88,0,,0,,,0,0,,0,0,0,,,0,0,0.0,0,5,0,100.0,5,0.0,0,0.0,0,0,0,,,0.0,28.0,39.8,40.0,0,0.0,0.0,0,1,100.0,1,0,0,0,0,0.0,0,7,0,85.7,6,39.6,2,9.5,0,0,0,,,0.0,15.0,0,33.3,100.0,1,1,50.0,1,1,0,28.9,71.7,0,22,0.0,0,16,1,75.0,12,60.4,3,14.3,0,22,3,3.0,22.0,1.83,4.0,0,100.0,,0,0,0.0,0,0,0,64.7,60.8,0,4,0.0,0,16,1,93.8,15,83.3,1,4.8,0,4,0,0.0,4.0,0.27,5.0,0,80.0,,0,0,0.0,0,2,0,72.1,82.0,0,11,0.0,0,5,4,100.0,5,130.4,5,23.8,1,29,8,2.0,7.3,5.8
Rhamondre Stevenson,98689,HB,NE,13,21,-3.3,7,100.0,,0,0,0.0,0,4,1,81.1,89.7,0,41,0.0,0,15,15,100.0,15,101.7,15,71.4,0,126,175,11.7,8.4,8.4,-3.2,4,100.0,,0,0,0.0,0,3,1,74.6,76.6,0,15,0.0,0,14,6,92.9,13,106.9,6,28.6,0,58,77,12.8,9.7,4.46,20.0,0,100.0,,0,0,0.0,0,1,0,64.7,90.4,0,22,25.0,1,4,1,75.0,3,118.8,1,4.8,0,22,2,2.0,22.0,7.33,,0,,,0,0,,0,0,0,,,0,0,10.0,1,10,0,90.0,9,0.0,0,0.0,0,0,0,,,0.0,3.5,0,50.0,100.0,1,1,0.0,0,0,0,64.7,64.4,0,4,0.0,0,15,1,100.0,15,56.3,2,9.5,0,4,0,0.0,4.0,0.27,0,20.0,0,100.0,,0,0,0.0,0,1,0,64.7,90.4,0,22,0.0,0,1,1,100.0,1,118.8,1,4.8,0,22,2,2.0,22.0,22.0,19,-2.8,1,100.0,,0,0,0.0,0,0,0,72.1,72.9,0,6,0.0,0,5,4,100.0,5,79.2,4,19.0,0,12,23,5.8,3.0,2.4,,0,,,0,0,,0,0,0,,,0,0,25.0,1,4,0,50.0,2,0.0,0,0.0,0,0,0,,,0.0,12.0,0,0.0,0.0,0,1,,0,0,0,,60.0,0,0,33.3,2,6,0,66.7,4,39.6,1,4.8,0,0,0,,,0.0,0.0,0,50.0,,0,0,50.0,1,0,0,28.8,27.4,0,4,0.0,0,11,1,100.0,11,56.3,2,9.5,0,4,4,4.0,4.0,0.36,12.0,0,0.0,0.0,0,1,,0,0,0,,60.0,0,0,0.0,0,1,0,100.0,1,39.6,1,4.8,0,0,0,,,0.0,0,-3.8,2,100.0,,0,0,0.0,0,1,0,73.4,89.3,0,41,0.0,0,5,5,100.0,5,113.3,5,23.8,0,56,75,15.0,11.2,11.2,,,,0,,,0,0,,0,0,0,0,0,33.3,1,3,0,66.7,2,0.0,0,0.0,0,0,0,,,0.0,,0,,,0,0,,0,0,0,,,0,0,33.3,3,9,0,55.6,5,0.0,0,0.0,0,0,0,,,0.0,,0,,,0,0,,0,0,0,,,0,0,38.5,5,13,0,61.5,8,0.0,0,0.0,0,0,0,,,0.0,1.8,0,50.0,100.0,1,1,33.3,1,0,0,29.9,29.7,0,4,0.0,0,4,2,100.0,4,56.3,4,19.0,0,8,4,2.0,4.0,2.0
N'Keal Harry,48297,WR,NE,12,21,,0,,,0,0,,0,0,0,,,0,0,,0,0,0,,0,0.0,0,0.0,0,0,0,,,,,0,,,0,0,,0,0,0,,,0,0,0.0,0,9,0,88.9,8,0.0,0,0.0,0,0,0,,,0.0,29.5,0,25.0,50.0,1,2,0.0,0,1,0,64.7,82.1,0,43,0.0,0,9,1,88.9,8,71.9,4,19.0,0,43,0,0.0,43.0,5.38,14.8,0,25.0,,0,0,0.0,0,1,0,64.7,71.8,1,15,0.0,0,20,1,95.0,19,3.1,4,19.0,0,15,-1,-1.0,15.0,0.79,4.6,0,80.0,50.0,1,2,0.0,0,1,0,72.1,70.6,0,10,0.0,0,30,4,100.0,30,94.2,5,23.8,0,33,18,4.5,8.3,1.1,0,28.0,0,50.0,66.7,2,3,0.0,0,3,0,70.5,96.5,0,43,0.0,0,7,3,85.7,6,95.8,6,28.6,0,97,4,1.3,32.3,16.17,19,,0,,,0,0,,0,0,0,,,0,0,0.0,0,4,0,100.0,4,0.0,0,0.0,0,0,0,,,0.0,26.0,0,100.0,100.0,1,1,0.0,0,1,0,64.7,94.6,0,28,0.0,0,6,1,100.0,6,118.8,1,4.8,0,28,2,2.0,28.0,4.67,12.5,0,50.0,50.0,1,2,33.3,1,2,0,29.9,70.5,0,15,0.0,0,12,2,83.3,10,69.8,4,19.0,0,25,0,0.0,12.5,2.5,6.0,0,100.0,,0,0,0.0,0,0,0,64.7,78.5,0,9,0.0,0,16,1,93.8,15,104.2,1,4.8,0,9,3,3.0,9.0,0.6,13.6,0,37.5,50.0,1,2,25.0,1,3,0,36.2,73.6,1,15,0.0,0,9,3,88.9,8,14.6,8,38.1,0,40,-1,-0.3,13.3,5.0,0,,0,,,0,0,,0,0,0,,,0,0,0.0,0,3,0,100.0,3,0.0,0,0.0,0,0,0,,,0.0,64.7,90.8,24.0,0,100.0,,0,0,0.0,0,1,0,0,26,0.0,0,2,1,100.0,2,118.8,1,4.8,0,26,2,2.0,26.0,13.0,,0,,,0,0,,0,0,0,,59.1,0,0,0.0,0,6,0,66.7,4,0.0,0,0.0,0,0,0,,,0.0,5.0,0,100.0,100.0,1,1,0.0,0,0,0,64.7,61.1,0,5,0.0,0,15,1,86.7,13,87.5,1,4.8,0,5,0,0.0,5.0,0.38,4.9,0,85.7,66.7,2,3,0.0,0,1,0,74.6,77.1,0,10,0.0,0,7,6,100.0,7,94.6,7,33.3,0,47,21,3.5,7.8,6.71
Demetric Felton,40568,WR,CLV,15,21,-3.6,4,100.0,,0,0,0.0,0,5,0,79.4,94.3,0,33,0.0,0,12,12,100.0,12,143.1,12,57.1,2,106,149,12.4,8.8,8.83,-3.5,3,100.0,,0,0,0.0,0,4,0,74.6,96.5,0,33,0.0,0,19,6,94.7,18,156.9,6,28.6,1,73,94,15.7,12.2,4.06,,0,,,0,0,,0,0,0,,,0,0,0.0,0,1,0,0.0,0,0.0,0,0.0,0,0,0,,,,,0,,,0,0,,0,0,0,,,0,0,0.0,0,9,0,66.7,6,0.0,0,0.0,0,0,0,,,0.0,6.5,1,100.0,,0,0,0.0,0,2,0,68.3,92.7,0,22,0.0,0,12,2,100.0,12,118.8,2,9.5,0,31,18,9.0,15.5,2.58,0,20.0,0,0.0,,0,0,,0,0,0,,59.5,0,0,0.0,0,1,0,100.0,1,39.6,1,4.8,0,0,0,,,0.0,8,-1.0,1,100.0,,0,0,0.0,0,0,0,64.7,65.2,0,8,0.0,0,1,1,100.0,1,100.0,1,4.8,0,8,9,9.0,8.0,8.0,20.0,0,0.0,,0,0,,0,0,0,,59.5,0,0,0.0,0,3,0,100.0,3,39.6,1,4.8,0,0,0,,,0.0,,0,,,0,0,,0,0,0,,,0,0,0.0,0,1,0,100.0,1,0.0,0,0.0,0,0,0,,,0.0,3.5,0,50.0,,0,0,50.0,2,1,0,27.3,46.8,0,9,0.0,0,12,2,91.7,11,57.3,4,19.0,0,13,7,3.5,6.5,1.18,,0,,,0,0,,0,0,0,,,0,0,,0,0,0,,0,0.0,0,0.0,0,0,0,,,,0,-4.2,0,100.0,,0,0,0.0,0,1,0,73.4,71.0,0,10,0.0,0,7,5,100.0,7,127.1,5,23.8,1,25,46,9.2,5.0,3.57,,,,0,,,0,0,,0,0,0,0,0,0.0,0,2,0,100.0,2,0.0,0,0.0,0,0,0,,,0.0,,0,,,0,0,,0,0,0,,,0,0,0.0,0,6,0,83.3,5,0.0,0,0.0,0,0,0,,,0.0,0.5,1,100.0,,0,0,0.0,0,2,0,68.3,90.5,0,18,0.0,0,6,2,100.0,6,118.8,2,9.5,0,31,30,15.0,15.5,5.17,3.5,2,75.0,,0,0,25.0,2,5,0,29.7,87.6,0,22,0.0,0,8,6,100.0,8,103.6,8,38.1,0,75,55,9.2,12.5,9.38
Juwan Johnson,28305,TE,NO,14,21,-6.0,0,100.0,,0,0,0.0,0,1,0,64.7,90.0,0,12,0.0,0,1,1,100.0,1,116.7,1,4.8,0,12,18,18.0,12.0,12.0,-6.0,0,100.0,,0,0,0.0,0,1,0,64.7,90.0,0,12,0.0,0,7,1,100.0,7,116.7,1,4.8,0,12,18,18.0,12.0,1.71,23.5,0,100.0,100.0,1,1,0.0,0,2,0,68.3,94.1,0,27,0.0,0,8,2,87.5,7,118.8,2,9.5,0,50,3,1.5,25.0,7.14,15.0,0,75.0,100.0,1,1,0.0,0,3,0,70.5,95.2,1,26,0.0,0,11,3,100.0,11,116.7,4,19.0,1,51,10,3.3,17.0,4.64,6.0,0,62.5,33.3,1,3,16.7,1,4,0,45.8,78.8,0,15,0.0,0,48,5,100.0,48,110.9,8,38.1,2,33,13,2.6,6.6,0.69,0,24.3,0,50.0,50.0,1,2,0.0,0,2,0,68.3,92.0,0,27,0.0,0,5,2,80.0,4,95.8,4,19.0,0,50,3,1.5,25.0,12.5,20,,0,,,0,0,,0,0,0,,,0,0,,0,0,0,,0,0.0,0,0.0,0,0,0,,,,,0,,,0,0,,0,0,0,,,0,0,0.0,0,5,0,100.0,5,0.0,0,0.0,0,0,0,,,0.0,13.0,0,100.0,,0,0,0.0,0,1,0,64.7,79.5,0,8,0.0,0,7,1,100.0,7,139.6,1,4.8,1,8,0,0.0,8.0,1.14,,0,,,0,0,,0,0,0,,,0,0,0.0,0,11,0,100.0,11,0.0,0,0.0,0,0,0,,,0.0,14.1,0,57.1,50.0,1,2,0.0,0,4,0,72.1,94.7,1,26,0.0,0,7,4,100.0,7,84.8,7,33.3,2,59,10,2.5,14.8,8.43,0,,0,,,0,0,,0,0,0,,,0,0,12.5,1,8,0,87.5,7,0.0,0,0.0,0,0,0,,,0.0,,57.7,25.0,0,0.0,0.0,0,1,,0,0,0,0,0,0.0,0,10,0,100.0,10,39.6,2,9.5,0,0,0,,,0.0,13.0,0,0.0,0.0,0,1,,0,0,0,,57.4,0,0,0.0,0,7,0,100.0,7,39.6,2,9.5,0,0,0,,,0.0,3.0,0,100.0,,0,0,0.0,0,1,0,64.7,78.0,0,5,0.0,0,9,1,100.0,9,87.5,1,4.8,0,5,2,2.0,5.0,0.56,5.7,0,66.7,33.3,1,3,14.3,1,5,0,49.2,84.7,0,15,0.0,0,9,6,100.0,9,114.8,9,42.9,2,38,15,2.5,6.3,4.22
Damien Harris,35134,HB,NE,15,21,-3.8,1,100.0,,0,0,0.0,0,1,0,76.5,84.1,0,12,0.0,0,8,8,100.0,8,89.6,8,38.1,0,44,74,9.3,5.5,5.5,-3.5,1,100.0,,0,0,0.0,0,0,0,68.3,69.1,0,5,28.6,2,7,2,71.4,5,83.3,2,9.5,0,8,15,7.5,4.0,1.6,,0,,,0,0,,0,0,0,,,0,0,50.0,2,4,0,50.0,2,0.0,0,0.0,0,0,0,,,0.0,,0,,,0,0,,0,0,0,,,0,0,47.1,8,17,0,52.9,9,0.0,0,0.0,0,0,0,,,0.0,3.8,0,83.3,0.0,0,1,0.0,0,1,0,73.4,91.1,0,13,13.0,6,46,5,82.6,38,95.8,6,28.6,0,42,23,4.6,8.4,1.11,0,,0,,,0,0,,0,0,0,,,0,0,,0,0,0,,0,0.0,0,0.0,0,0,0,,,,19,-3.3,0,100.0,,0,0,0.0,0,1,0,70.5,82.7,0,12,0.0,0,4,3,100.0,4,86.1,3,14.3,0,14,24,8.0,4.7,3.5,,0,,,0,0,,0,0,0,,,0,0,14.3,1,7,0,85.7,6,0.0,0,0.0,0,0,0,,,0.0,,0,,,0,0,,0,0,0,,,0,0,30.0,3,10,0,60.0,6,0.0,0,0.0,0,0,0,,,0.0,2.0,1,66.7,100.0,1,1,0.0,0,1,0,68.3,80.1,0,11,33.3,7,21,2,61.9,13,75.7,3,14.3,0,13,7,3.5,6.5,1.0,,0,,,0,0,,0,0,0,,,0,0,,0,0,0,,0,0.0,0,0.0,0,0,0,,,,0,-4.3,0,100.0,,0,0,0.0,0,0,0,70.5,71.1,0,12,0.0,0,5,3,80.0,4,97.2,3,14.3,0,22,35,11.7,7.3,5.5,,,,0,,,0,0,,0,0,0,0,0,50.0,3,6,0,50.0,3,0.0,0,0.0,0,0,0,,,0.0,,0,,,0,0,,0,0,0,,,0,0,28.6,2,7,0,71.4,5,0.0,0,0.0,0,0,0,,,0.0,1.5,3,100.0,,0,0,0.0,0,1,0,72.1,91.6,0,21,35.0,7,20,4,65.0,13,108.3,4,19.0,0,40,34,8.5,10.0,3.08,2.7,4,84.6,50.0,1,2,0.0,0,3,0,78.7,93.6,0,21,0.0,0,13,11,100.0,13,97.1,13,61.9,0,95,64,5.8,8.6,7.31
Collin Johnson,47808,WR,NYG,12,21,,0,,,0,0,,0,0,0,64.7,61.3,0,0,0.0,0,1,0,0.0,0,0.0,0,0.0,0,0,0,,,,,0,,,0,0,,0,0,0,64.7,61.3,0,0,0.0,0,13,0,69.2,9,0.0,0,0.0,0,0,0,,,0.0,,0,,,0,0,,0,0,0,,,0,0,0.0,0,2,0,100.0,2,0.0,0,0.0,0,0,0,,,0.0,14.5,0,50.0,,0,0,0.0,0,1,0,64.7,77.2,0,16,0.0,0,4,1,100.0,4,77.1,2,9.5,0,16,2,2.0,16.0,4.0,5.8,0,50.0,100.0,1,1,0.0,0,2,0,68.3,85.2,0,10,0.0,0,34,2,94.1,32,59.4,4,19.0,0,15,5,2.5,7.5,0.47,0,24.0,0,0.0,,0,0,,0,0,0,,59.1,0,0,0.0,0,1,0,100.0,1,39.6,1,4.8,0,0,0,,,0.0,21,,0,,,0,0,,0,0,0,,,0,0,0.0,0,1,0,100.0,1,0.0,0,0.0,0,0,0,,,0.0,,0,,,0,0,,0,0,0,,,0,0,,0,0,0,,0,0.0,0,0.0,0,0,0,,,,,0,,,0,0,,0,0,0,,,0,0,0.0,0,4,0,100.0,4,0.0,0,0.0,0,0,0,,,0.0,5.5,0,50.0,0.0,0,1,0.0,0,0,0,68.3,72.5,0,10,0.0,0,11,2,100.0,11,58.3,4,19.0,0,14,4,2.0,7.0,1.27,13.4,1,57.1,100.0,1,1,0.0,0,3,0,72.1,91.5,0,16,0.0,0,7,4,100.0,7,83.0,7,33.3,0,56,7,1.8,14.0,8.0,0,,0,,,0,0,,0,0,0,,,0,0,0.0,0,5,0,100.0,5,0.0,0,0.0,0,0,0,,,0.0,,59.1,24.0,0,0.0,,0,0,,0,0,0,0,0,0.0,0,6,0,83.3,5,39.6,1,4.8,0,0,0,,,0.0,13.0,1,60.0,100.0,1,1,0.0,0,2,0,70.5,90.6,0,16,0.0,0,14,3,85.7,12,85.4,5,23.8,0,40,5,1.7,13.3,3.33,6.0,1,60.0,50.0,1,2,0.0,0,1,0,72.1,70.1,1,7,0.0,0,26,3,96.2,25,29.2,5,23.8,0,20,2,0.7,6.7,0.8,5.8,1,53.8,50.0,2,4,0.0,0,3,0,76.5,83.4,1,10,0.0,0,14,7,92.9,13,30.6,13,61.9,0,49,11,1.6,7.0,3.77
Derrick Henry,10679,HB,TEN,9,20,-4.2,2,81.8,,0,0,0.0,0,4,0,79.4,93.1,0,15,0.0,0,14,9,78.6,11,99.2,11,55.0,0,86,124,13.8,9.6,7.82,-4.9,1,87.5,,0,0,0.0,0,3,0,78.0,93.4,0,15,0.0,0,16,7,75.0,12,101.0,8,40.0,0,66,98,14.0,9.4,5.5,,0,,,0,0,,0,0,0,,,0,0,0.0,0,4,0,100.0,4,0.0,0,0.0,0,0,0,,,0.0,,0,,,0,0,,0,0,0,,,0,0,33.3,7,21,0,66.7,14,0.0,0,0.0,0,0,0,,,0.0,3.1,0,100.0,100.0,2,2,0.0,0,1,0,76.5,84.9,0,12,18.8,9,48,7,75.0,36,91.1,7,35.0,0,41,19,2.7,5.9,1.14,0,,0,,,0,0,,0,0,0,,,0,0,,0,0,0,,0,0.0,0,0.0,0,0,0,,,,31,-3.0,1,100.0,,0,0,0.0,0,1,0,68.3,82.5,0,14,0.0,0,4,2,100.0,4,108.3,2,10.0,0,20,26,13.0,10.0,5.0,,0,,,0,0,,0,0,0,,,0,0,42.9,3,7,0,57.1,4,0.0,0,0.0,0,0,0,,,0.0,,0,,,0,0,,0,0,0,,,0,0,0.0,0,7,0,85.7,6,0.0,0,0.0,0,0,0,,,0.0,2.0,1,100.0,,0,0,0.0,0,1,0,28.8,60.1,0,11,10.0,1,10,1,80.0,8,112.5,1,5.0,0,11,9,9.0,11.0,1.38,,0,,,0,0,,0,0,0,,,0,0,,0,0,0,,0,0.0,0,0.0,0,0,0,,,,0,-1.0,0,0.0,,0,0,,0,0,0,,56.1,0,0,0.0,0,2,0,100.0,2,39.6,1,5.0,0,0,0,,,0.0,,,,0,,,0,0,,0,0,0,0,0,50.0,2,4,0,50.0,2,0.0,0,0.0,0,0,0,,,0.0,,0,,,0,0,,0,0,0,,,0,0,25.0,2,8,0,62.5,5,0.0,0,0.0,0,0,0,,,0.0,2.0,0,100.0,,0,0,0.0,0,1,0,64.7,81.7,0,16,36.8,7,19,1,63.2,12,118.8,1,5.0,0,16,14,14.0,16.0,1.33,2.9,1,100.0,100.0,2,2,0.0,0,3,0,58.5,82.1,0,16,0.0,0,11,9,81.8,9,98.1,9,45.0,0,68,42,4.7,7.6,7.56
Trent Sherfield,48021,WR,SF,18,20,,0,,,0,0,,0,0,0,,,0,0,,0,0,0,,0,0.0,0,0.0,0,0,0,,,,,0,,,0,0,,0,0,0,,,0,0,0.0,0,12,0,100.0,12,0.0,0,0.0,0,0,0,,,0.0,20.0,0,0.0,0.0,0,1,,0,0,0,,59.3,0,0,16.7,1,6,0,83.3,5,39.6,1,5.0,0,0,0,,,0.0,12.7,0,16.7,0.0,0,3,0.0,0,1,0,64.7,68.6,1,18,0.0,0,22,1,100.0,22,0.0,6,30.0,0,18,3,3.0,18.0,0.82,5.2,0,83.3,100.0,2,2,16.7,1,3,0,46.3,87.0,0,13,0.0,0,31,5,100.0,31,96.5,6,30.0,0,43,17,3.4,8.6,1.39,0,21.0,0,0.0,0.0,0,1,,0,0,0,,57.4,0,0,0.0,0,2,0,100.0,2,39.6,2,10.0,0,0,0,,,0.0,28,,0,,,0,0,,0,0,0,,,0,0,0.0,0,1,0,100.0,1,0.0,0,0.0,0,0,0,,,0.0,,0,,,0,0,,0,0,0,,,0,0,0.0,0,1,0,100.0,1,0.0,0,0.0,0,0,0,,,0.0,11.0,0,100.0,,0,0,0.0,0,1,0,64.7,79.2,0,12,0.0,0,8,1,100.0,8,116.7,1,5.0,0,12,1,1.0,12.0,1.5,6.0,0,100.0,100.0,1,1,0.0,0,2,0,68.3,89.9,0,9,0.0,0,6,2,100.0,6,135.4,2,10.0,1,14,2,1.0,7.0,2.33,12.3,0,22.2,0.0,0,3,0.0,0,2,0,68.3,75.4,1,18,0.0,0,9,2,100.0,9,1.4,9,45.0,0,30,4,2.0,15.0,3.33,0,,0,,,0,0,,0,0,0,,,0,0,0.0,0,4,0,100.0,4,0.0,0,0.0,0,0,0,,,0.0,,59.3,22.0,0,0.0,,0,0,,0,0,0,0,0,0.0,0,5,0,100.0,5,39.6,1,5.0,0,0,0,,,0.0,12.0,0,0.0,,0,0,,0,0,0,,57.3,0,0,0.0,0,6,0,100.0,6,39.6,2,10.0,0,0,0,,,0.0,4.0,0,0.0,,0,0,,0,0,0,,60.0,1,0,0.0,0,5,0,100.0,5,0.0,1,5.0,0,0,0,,,0.0,5.2,0,77.8,100.0,3,3,12.5,1,5,0,52.5,91.3,1,13,0.0,0,9,7,100.0,9,90.5,9,45.0,1,57,19,2.7,8.1,6.33
Travis Homer,45859,HB,SEA,14,20,-4.3,1,100.0,,0,0,0.0,0,1,0,70.5,72.7,0,31,0.0,0,3,3,100.0,3,118.1,3,15.0,0,37,50,16.7,12.3,12.33,-4.3,1,100.0,,0,0,0.0,0,1,0,70.5,72.7,0,31,0.0,0,8,3,100.0,8,118.1,3,15.0,0,37,50,16.7,12.3,4.63,,0,,,0,0,,0,0,0,,,0,0,40.0,2,5,0,60.0,3,0.0,0,0.0,0,0,0,,,0.0,,0,,,0,0,,0,0,0,,,0,0,33.3,3,9,0,44.4,4,0.0,0,0.0,0,0,0,,,0.0,2.8,4,87.5,100.0,1,1,0.0,0,5,0,75.6,91.8,0,27,24.0,6,25,7,72.0,18,107.3,8,40.0,0,78,59,8.4,11.1,4.33,0,,0,,,0,0,,0,0,0,,,0,0,,0,0,0,,0,0.0,0,0.0,0,0,0,,,,29,,0,,,0,0,,0,0,0,,,0,0,0.0,0,4,0,100.0,4,0.0,0,0.0,0,0,0,,,0.0,,0,,,0,0,,0,0,0,,,0,0,20.0,2,10,0,80.0,8,0.0,0,0.0,0,0,0,,,0.0,,0,,,0,0,,0,0,0,,,0,0,100.0,4,4,0,0.0,0,0.0,0,0.0,0,0,0,,,,3.4,0,80.0,,0,0,20.0,1,1,0,41.6,50.1,0,8,33.3,6,18,4,66.7,12,83.3,5,25.0,0,20,5,1.3,5.0,1.67,,0,,,0,0,,0,0,0,,,0,0,,0,0,0,,0,0.0,0,0.0,0,0,0,,,,0,,0,,,0,0,,0,0,0,,,0,0,,0,0,0,,0,0.0,0,0.0,0,0,0,,,,,,,0,,,0,0,,0,0,0,0,0,41.7,5,12,0,50.0,6,0.0,0,0.0,0,0,0,,,0.0,,0,,,0,0,,0,0,0,,,0,0,33.3,2,6,0,50.0,3,0.0,0,0.0,0,0,0,,,0.0,4.0,0,50.0,,0,0,0.0,0,1,0,68.3,78.9,1,23,26.3,5,19,2,73.7,14,31.3,4,20.0,0,26,19,9.5,13.0,1.86,3.2,4,76.5,100.0,1,1,7.1,1,7,0,63.2,86.3,1,27,0.0,0,17,13,100.0,17,71.7,17,85.0,0,124,83,6.4,9.5,7.29
James Proche,48037,WR,BLT,14,20,,0,,,0,0,,0,0,0,,,0,0,,0,0,0,,0,0.0,0,0.0,0,0,0,,,,,0,,,0,0,,0,0,0,,,0,0,0.0,0,3,0,100.0,3,0.0,0,0.0,0,0,0,,,0.0,24.0,0,0.0,,0,0,,0,0,0,,59.9,0,0,0.0,0,4,0,100.0,4,39.6,1,5.0,0,0,0,,,0.0,14.0,0,66.7,,0,0,0.0,0,2,0,68.3,88.2,1,17,0.0,0,12,2,100.0,12,63.9,3,15.0,0,33,2,1.0,16.5,2.75,6.4,0,88.9,66.7,2,3,0.0,0,5,0,76.5,94.0,0,14,0.0,0,55,8,98.2,54,101.9,9,45.0,0,76,23,2.9,9.5,1.41,0,26.5,0,50.0,,0,0,0.0,0,1,0,64.7,90.5,0,29,0.0,0,2,1,100.0,2,95.8,2,10.0,0,29,0,0.0,29.0,14.5,3,,0,,,0,0,,0,0,0,,,0,0,0.0,0,3,0,100.0,3,0.0,0,0.0,0,0,0,,,0.0,,0,,,0,0,,0,0,0,,,0,0,0.0,0,8,0,100.0,8,0.0,0,0.0,0,0,0,,,0.0,,0,,,0,0,,0,0,0,,,0,0,0.0,0,2,0,100.0,2,0.0,0,0.0,0,0,0,,,0.0,7.5,0,100.0,,0,0,0.0,0,1,0,68.3,90.5,0,32,0.0,0,6,2,100.0,6,118.8,2,10.0,0,46,31,15.5,23.0,7.67,13.5,0,50.0,,0,0,33.3,1,2,0,29.9,71.2,1,17,0.0,0,4,2,100.0,4,38.5,4,20.0,0,33,2,1.0,16.5,8.25,0,,0,,,0,0,,0,0,0,,,0,0,0.0,0,5,0,80.0,4,0.0,0,0.0,0,0,0,,,0.0,64.7,91.0,29.0,0,100.0,,0,0,0.0,0,1,0,0,29,0.0,0,7,1,85.7,6,118.8,1,5.0,0,29,0,0.0,29.0,4.83,12.0,0,0.0,,0,0,100.0,1,0,0,27.9,40.8,0,0,0.0,0,7,0,71.4,5,39.6,1,5.0,0,0,0,,,0.0,5.3,0,100.0,100.0,1,1,0.0,0,1,0,70.5,74.2,0,8,0.0,0,25,3,96.0,24,91.7,3,15.0,0,18,2,0.7,6.0,0.75,6.4,0,92.9,75.0,3,4,0.0,0,7,0,80.0,94.6,0,32,0.0,0,14,13,100.0,14,108.3,14,70.0,0,140,56,4.3,10.8,10.0
Breshad Perriman,9459,WR,TB,7,20,-1.8,2,100.0,,0,0,0.0,0,1,0,73.4,89.6,0,9,0.0,0,5,5,100.0,5,91.7,5,25.0,0,30,39,7.8,6.0,6.0,,0,,,0,0,,0,0,0,,,0,0,0.0,0,12,0,100.0,12,0.0,0,0.0,0,0,0,,,0.0,,0,,,0,0,,0,0,0,,,0,0,0.0,0,1,0,100.0,1,0.0,0,0.0,0,0,0,,,0.0,14.5,0,50.0,,0,0,0.0,0,1,0,64.7,76.9,0,14,0.0,0,22,1,100.0,22,72.9,2,10.0,0,14,0,0.0,14.0,0.64,4.3,1,75.0,,0,0,25.0,1,1,0,36.2,68.6,0,58,0.0,0,38,3,97.4,37,156.3,4,20.0,1,68,54,18.0,22.7,1.84,0,27.8,0,50.0,,0,0,33.3,1,2,0,30.0,90.2,0,32,0.0,0,4,2,100.0,4,95.8,4,20.0,0,56,5,2.5,28.0,14.0,30,-1.0,0,100.0,,0,0,0.0,0,0,0,64.7,78.5,0,9,0.0,0,5,1,100.0,5,104.2,1,5.0,0,9,10,10.0,9.0,1.8,20.0,0,0.0,,0,0,,0,0,0,,59.3,0,0,0.0,0,6,0,100.0,6,39.6,1,5.0,0,0,0,,,0.0,,0,,,0,0,,0,0,0,,,0,0,0.0,0,4,0,100.0,4,0.0,0,0.0,0,0,0,,,0.0,4.0,0,50.0,0.0,0,1,0.0,0,0,0,64.7,59.2,0,4,0.0,0,17,1,100.0,17,56.3,2,10.0,0,4,4,4.0,4.0,0.24,14.5,0,50.0,,0,0,0.0,0,1,0,64.7,74.8,0,14,0.0,0,3,1,66.7,2,72.9,2,10.0,0,14,0,0.0,14.0,7.0,0,-2.0,2,100.0,,0,0,0.0,0,1,0,72.1,82.9,0,9,0.0,0,8,4,100.0,8,88.5,4,20.0,0,21,29,7.3,5.3,2.63,30.0,91.0,30.3,0,66.7,,0,0,33.3,1,2,0,0,32,0.0,0,5,2,100.0,5,109.7,3,15.0,0,56,5,2.5,28.0,11.2,,0,,,0,0,,0,0,0,,59.7,0,0,0.0,0,7,0,71.4,5,0.0,0,0.0,0,0,0,,,0.0,6.7,0,0.0,0.0,0,1,100.0,1,0,0,27.9,39.6,0,0,0.0,0,12,0,100.0,12,39.6,3,15.0,0,0,0,,,0.0,5.0,1,44.4,0.0,0,2,33.3,2,1,0,28.6,56.1,0,58,0.0,0,9,4,100.0,9,109.5,9,45.0,1,72,58,14.5,18.0,8.0
Bennett Skowronek,27948,WR,LA,12,19,-4.0,1,100.0,,0,0,0.0,0,1,0,68.3,77.2,0,5,0.0,0,2,2,100.0,2,87.5,2,10.5,0,10,18,9.0,5.0,5.0,-5.0,1,100.0,,0,0,0.0,0,1,0,64.7,79.1,0,5,0.0,0,11,1,90.9,10,87.5,1,5.3,0,5,10,10.0,5.0,0.5,24.0,0,50.0,,0,0,0.0,0,1,0,64.7,76.7,0,35,0.0,0,3,1,100.0,3,95.8,2,10.5,0,35,8,8.0,35.0,11.67,13.5,0,33.3,50.0,1,2,50.0,2,2,0,27.3,58.5,0,15,0.0,0,17,2,94.1,16,47.9,6,31.6,0,26,4,2.0,13.0,1.63,5.3,0,75.0,,0,0,25.0,1,1,0,36.2,60.5,0,14,0.0,0,23,3,91.3,21,96.9,4,21.1,0,31,16,5.3,10.3,1.48,0,32.0,0,33.3,,0,0,0.0,0,1,0,64.7,74.7,1,35,0.0,0,3,1,100.0,3,38.9,3,15.8,0,35,8,8.0,35.0,11.67,26,,0,,,0,0,,0,0,0,,,0,0,0.0,0,4,0,75.0,3,0.0,0,0.0,0,0,0,,,0.0,48.0,0,0.0,,0,0,,0,0,0,,59.8,1,0,0.0,0,3,0,100.0,3,0.0,1,5.3,0,0,0,,,0.0,19.0,0,100.0,,0,0,0.0,0,1,0,64.7,61.0,0,20,0.0,0,3,1,100.0,3,118.8,1,5.3,0,20,1,1.0,20.0,6.67,,0,,,0,0,,0,0,0,68.3,75.9,0,0,0.0,0,7,0,71.4,5,0.0,0,0.0,0,0,0,,,0.0,14.3,0,42.9,50.0,1,2,40.0,2,3,0,28.0,59.2,0,20,0.0,0,7,3,100.0,7,65.2,7,36.8,0,46,5,1.7,15.3,6.57,0,-3.0,0,100.0,,0,0,0.0,0,0,0,64.7,61.1,0,5,0.0,0,4,1,100.0,4,87.5,1,5.3,0,5,8,8.0,5.0,1.25,,,,0,,,0,0,,0,0,0,0,0,0.0,0,2,0,100.0,2,0.0,0,0.0,0,0,0,,,0.0,,0,,,0,0,,0,0,0,,,0,0,0.0,0,1,0,100.0,1,0.0,0,0.0,0,0,0,,,0.0,2.0,0,66.7,0.0,0,1,0.0,0,1,0,68.3,74.1,0,8,0.0,0,15,2,100.0,15,72.9,3,15.8,0,11,6,3.0,5.5,0.73,3.9,0,71.4,0.0,0,1,16.7,1,2,0,52.1,74.6,0,14,0.0,0,9,5,77.8,7,86.6,7,36.8,0,42,22,4.4,8.4,6.0
Dare Ogunbowale,12329,HB,JAX,12,19,-3.0,1,100.0,,0,0,0.0,0,1,0,72.1,89.6,0,28,0.0,0,4,4,100.0,4,149.0,4,21.1,1,41,53,13.3,10.3,10.25,-3.0,1,100.0,,0,0,0.0,0,1,0,70.5,89.8,0,28,0.0,0,5,3,100.0,5,157.6,3,15.8,1,37,46,15.3,12.3,7.4,,0,,,0,0,,0,0,0,,,0,0,0.0,0,4,0,100.0,4,0.0,0,0.0,0,0,0,,,0.0,,0,,,0,0,,0,0,0,,,0,0,0.0,0,6,0,83.3,5,0.0,0,0.0,0,0,0,,,0.0,2.0,0,77.8,,0,0,12.5,1,2,0,52.1,61.3,0,19,7.1,2,28,7,92.9,26,91.2,9,47.4,0,53,36,5.1,7.6,2.04,0,,0,,,0,0,,0,0,0,,,0,0,,0,0,0,,0,0.0,0,0.0,0,0,0,,,,15,-3.0,0,100.0,,0,0,0.0,0,0,0,64.7,65.5,0,4,0.0,0,2,1,100.0,2,83.3,1,5.3,0,4,7,7.0,4.0,2.0,,0,,,0,0,,0,0,0,,,0,0,25.0,1,4,0,50.0,2,0.0,0,0.0,0,0,0,,,0.0,,0,,,0,0,,0,0,0,,,0,0,25.0,2,8,0,62.5,5,0.0,0,0.0,0,0,0,,,0.0,2.8,0,25.0,,0,0,66.7,2,0,0,26.5,27.6,0,11,25.0,5,20,1,75.0,15,39.6,4,21.1,0,11,5,5.0,11.0,0.73,,0,,,0,0,,0,0,0,,,0,0,,0,0,0,,0,0.0,0,0.0,0,0,0,,,,0,,0,,,0,0,,0,0,0,,,0,0,0.0,0,1,0,100.0,1,0.0,0,0.0,0,0,0,,,0.0,,,,0,,,0,0,,0,0,0,0,0,33.3,2,6,0,66.7,4,0.0,0,0.0,0,0,0,,,0.0,,0,,,0,0,,0,0,0,,,0,0,50.0,4,8,0,50.0,4,0.0,0,0.0,0,0,0,,,0.0,5.0,0,50.0,,0,0,0.0,0,0,0,64.7,73.0,0,9,28.6,6,21,1,71.4,15,62.5,2,10.5,0,9,6,6.0,9.0,0.6,2.6,0,60.0,,0,0,25.0,3,2,0,29.1,40.6,0,19,0.0,0,15,9,100.0,15,72.4,15,78.9,0,73,47,5.2,8.1,4.87
D.J. Chark Jr.,47702,WR,JAX,4,19,,0,,,0,0,,0,0,0,,,0,0,,0,0,0,,0,0.0,0,0.0,0,0,0,,,,,0,,,0,0,,0,0,0,,,0,0,0.0,0,10,0,90.0,9,0.0,0,0.0,0,0,0,,,0.0,20.0,0,100.0,,0,0,0.0,0,1,0,64.7,91.0,0,27,0.0,0,2,1,100.0,2,118.8,1,5.3,0,27,7,7.0,27.0,13.5,16.5,0,50.0,,0,0,0.0,0,1,0,64.7,76.9,0,19,0.0,0,11,1,100.0,11,83.3,2,10.5,0,19,3,3.0,19.0,1.73,8.5,0,0.0,0.0,0,1,100.0,1,0,0,27.9,39.7,0,0,0.0,0,22,0,90.9,20,39.6,2,10.5,0,0,0,,,0.0,0,26.8,0,60.0,100.0,1,1,0.0,0,3,0,70.5,94.8,0,41,0.0,0,7,3,71.4,5,143.8,5,26.3,2,80,11,3.7,26.7,16.0,15,,0,,,0,0,,0,0,0,,,0,0,0.0,0,2,0,100.0,2,0.0,0,0.0,0,0,0,,,0.0,28.5,0,50.0,100.0,1,1,0.0,0,2,0,68.3,92.0,0,41,0.0,0,9,2,66.7,6,135.4,4,21.1,2,53,4,2.0,26.5,8.83,14.7,0,66.7,,0,0,0.0,0,2,0,68.3,88.2,1,25,0.0,0,7,2,100.0,7,69.4,3,15.8,0,37,11,5.5,18.5,5.29,,0,,,0,0,,0,0,0,,60.0,0,0,0.0,0,8,0,87.5,7,0.0,0,0.0,0,0,0,,,0.0,15.3,0,36.4,0.0,0,1,20.0,1,4,0,41.6,76.4,1,25,0.0,0,11,4,100.0,11,22.5,11,57.9,0,74,14,3.5,18.5,6.73,0,,0,,,0,0,,0,0,0,,,0,0,0.0,0,4,0,100.0,4,0.0,0,0.0,0,0,0,,,0.0,,,,0,,,0,0,,0,0,0,0,0,0.0,0,3,0,100.0,3,0.0,0,0.0,0,0,0,,,0.0,15.2,0,16.7,0.0,0,1,50.0,1,1,0,28.8,49.4,0,18,0.0,0,12,1,91.7,11,39.6,6,31.6,0,18,0,0.0,18.0,1.64,6.0,0,0.0,,0,0,,0,0,0,,59.7,0,0,0.0,0,13,0,100.0,13,39.6,1,5.3,0,0,0,,,0.0,7.7,0,0.0,0.0,0,1,100.0,1,0,0,27.9,41.0,0,0,0.0,0,4,0,75.0,3,39.6,3,15.8,0,0,0,,,0.0
Stephen Anderson,11160,TE,LAC,17,19,-3.2,0,100.0,,0,0,0.0,0,2,0,73.4,93.9,0,23,0.0,0,5,5,100.0,5,95.0,5,26.3,0,34,50,10.0,6.8,6.8,-4.5,0,100.0,,0,0,0.0,0,1,0,68.3,93.3,0,23,10.0,1,10,2,90.0,9,112.5,2,10.5,0,22,31,15.5,11.0,2.44,20.0,0,100.0,,0,0,0.0,0,1,0,64.7,78.6,0,27,66.7,2,3,1,33.3,1,118.8,1,5.3,0,27,7,7.0,27.0,27.0,11.0,0,100.0,,0,0,0.0,0,1,0,64.7,79.2,0,12,14.3,1,7,1,71.4,5,116.7,1,5.3,0,12,1,1.0,12.0,2.4,1.8,0,75.0,,0,0,0.0,0,2,0,70.5,81.8,0,11,11.1,4,36,3,83.3,30,125.0,4,21.1,1,20,14,4.7,6.7,0.67,0,20.0,0,100.0,,0,0,0.0,0,1,0,64.7,78.6,0,27,0.0,0,1,1,100.0,1,118.8,1,5.3,0,27,7,7.0,27.0,27.0,27,-2.3,0,100.0,,0,0,0.0,0,1,0,70.5,89.4,0,8,12.5,1,8,3,75.0,6,83.3,3,15.8,0,12,19,6.3,4.0,2.0,,0,,,0,0,,0,0,0,,,0,0,50.0,3,6,0,50.0,3,0.0,0,0.0,0,0,0,,,0.0,13.0,0,100.0,,0,0,0.0,0,1,0,64.7,79.1,0,34,20.0,2,10,1,60.0,6,118.8,1,5.3,0,34,21,21.0,34.0,5.67,4.5,0,50.0,,0,0,0.0,0,1,0,64.7,77.1,0,13,6.7,1,15,1,80.0,12,70.8,2,10.5,0,13,4,4.0,13.0,1.08,13.0,0,66.7,,0,0,0.0,0,2,0,68.3,91.3,1,34,0.0,0,4,2,75.0,3,70.1,3,15.8,0,46,22,11.0,23.0,15.33,0,,0,,,0,0,,0,0,0,,,0,0,50.0,1,2,0,50.0,1,0.0,0,0.0,0,0,0,,,0.0,,,,0,,,0,0,,0,0,0,0,0,0.0,0,1,0,0.0,0,0.0,0,0.0,0,0,0,,,,15.0,0,0.0,,0,0,,0,0,0,,59.9,1,0,14.3,2,14,0,71.4,10,0.0,1,5.3,0,0,0,,,0.0,1.3,0,100.0,,0,0,0.0,0,1,0,73.4,89.5,0,11,5.6,1,18,4,88.9,16,92.7,4,21.1,0,25,20,5.0,6.3,1.56,2.1,0,80.0,,0,0,0.0,0,4,0,77.3,91.1,0,13,0.0,0,11,8,90.9,10,124.2,10,52.6,1,58,38,4.8,7.3,5.8
D'Wayne Eskridge,29573,WR,SEA,10,19,-3.8,0,100.0,,0,0,0.0,0,1,0,72.1,74.0,0,13,0.0,0,4,4,100.0,4,79.2,4,21.1,0,7,22,5.5,1.8,1.75,-4.3,0,100.0,,0,0,0.0,0,1,0,70.5,75.0,0,13,0.0,0,9,3,88.9,8,79.2,3,15.8,0,6,19,6.3,2.0,0.75,31.5,0,0.0,0.0,0,1,,0,0,0,,58.4,0,0,0.0,0,4,0,100.0,4,39.6,2,10.5,0,0,0,,,0.0,,0,,,0,0,,0,0,0,,,0,0,0.0,0,4,0,75.0,3,0.0,0,0.0,0,0,0,,,0.0,5.5,0,50.0,0.0,0,1,0.0,0,1,0,68.3,73.7,0,7,0.0,0,19,1,94.7,18,97.9,2,10.5,1,7,3,3.0,7.0,0.39,0,34.3,0,0.0,0.0,0,3,,0,0,0,,55.6,0,0,0.0,0,6,0,100.0,6,39.6,6,31.6,0,0,0,,,0.0,29,,0,,,0,0,,0,0,0,,,0,0,0.0,0,3,0,100.0,3,0.0,0,0.0,0,0,0,,,0.0,31.3,0,0.0,0.0,0,2,,0,0,0,,57.0,0,0,0.0,0,11,0,100.0,11,39.6,3,15.8,0,0,0,,,0.0,17.5,0,50.0,0.0,0,1,0.0,0,1,0,64.7,77.7,0,17,0.0,0,7,1,100.0,7,79.2,2,10.5,0,17,0,0.0,17.0,2.43,6.5,1,100.0,,0,0,0.0,0,1,0,72.1,71.9,0,11,0.0,0,10,4,100.0,10,101.0,4,21.1,0,33,7,1.8,8.3,3.3,17.5,0,50.0,0.0,0,1,0.0,0,1,0,64.7,77.7,0,17,0.0,0,2,1,100.0,2,79.2,2,10.5,0,17,0,0.0,17.0,8.5,0,-2.0,0,100.0,,0,0,0.0,0,0,0,64.7,61.6,0,1,0.0,0,4,1,100.0,4,79.2,1,5.3,0,1,3,3.0,1.0,0.25,,60.0,49.0,0,0.0,,0,0,,0,0,0,0,0,0.0,0,8,0,87.5,7,39.6,1,5.3,0,0,0,,,0.0,,0,,,0,0,,0,0,0,,,0,0,0.0,0,3,0,100.0,3,0.0,0,0.0,0,0,0,,,0.0,3.0,0,0.0,,0,0,,0,0,0,,59.7,0,0,0.0,0,15,0,100.0,15,39.6,1,5.3,0,0,0,,,0.0,5.7,1,71.4,0.0,0,1,0.0,0,2,0,74.6,76.0,0,11,0.0,0,8,5,87.5,7,125.0,7,36.8,1,40,10,2.0,8.0,5.71
John Ross,11764,WR,NYG,10,19,,0,,,0,0,,0,0,0,,,0,0,,0,0,0,,0,0.0,0,0.0,0,0,0,,,,,0,,,0,0,,0,0,0,,,0,0,0.0,0,11,0,90.9,10,0.0,0,0.0,0,0,0,,,0.0,47.5,0,100.0,100.0,2,2,0.0,0,2,0,68.3,95.8,0,52,0.0,0,2,2,100.0,2,158.3,2,10.5,1,102,7,3.5,51.0,51.0,15.0,1,100.0,,0,0,0.0,0,2,0,68.3,90.0,0,22,0.0,0,13,2,100.0,13,118.8,2,10.5,0,37,7,3.5,18.5,2.85,8.0,0,50.0,,0,0,0.0,0,1,0,64.7,76.6,0,19,0.0,0,27,1,96.3,26,83.3,2,10.5,0,19,12,12.0,19.0,0.73,0,38.5,0,50.0,100.0,2,2,0.0,0,2,0,68.3,94.0,0,52,0.0,0,4,2,100.0,4,135.4,4,21.1,1,102,7,3.5,51.0,25.5,21,,0,,,0,0,,0,0,0,,,0,0,0.0,0,2,0,100.0,2,0.0,0,0.0,0,0,0,,,0.0,,0,,,0,0,,0,0,0,,,0,0,0.0,0,4,0,100.0,4,0.0,0,0.0,0,0,0,,,0.0,14.0,0,0.0,,0,0,,0,0,0,,34.7,0,0,0.0,0,8,0,100.0,8,39.6,2,10.5,0,0,0,,,0.0,5.5,0,100.0,,0,0,0.0,0,1,0,68.3,90.0,0,12,0.0,0,9,2,100.0,9,110.4,2,10.5,0,21,10,5.0,10.5,2.33,14.4,1,50.0,,0,0,0.0,0,3,0,72.1,82.3,0,22,0.0,0,8,4,100.0,8,78.6,8,42.1,0,67,8,2.0,16.8,8.38,0,,0,,,0,0,,0,0,0,,,0,0,0.0,0,9,0,88.9,8,0.0,0,0.0,0,0,0,,,0.0,,57.3,29.5,0,0.0,,0,0,,0,0,0,0,0,0.0,0,5,0,100.0,5,39.6,2,10.5,0,0,0,,,0.0,14.3,0,50.0,,0,0,0.0,0,1,0,68.3,85.0,0,17,0.0,0,12,2,83.3,10,75.0,4,21.1,0,30,1,0.5,15.0,3.0,5.7,1,66.7,,0,0,0.0,0,1,0,68.3,87.5,0,8,0.0,0,28,2,100.0,28,78.5,3,15.8,0,15,5,2.5,7.5,0.54,6.3,1,71.4,,0,0,0.0,0,3,0,73.4,92.8,0,19,0.0,0,7,5,100.0,7,94.3,7,36.8,0,55,27,5.4,11.0,7.86
Denzel Mims,47800,WR,NYJ,11,19,,0,,,0,0,,0,0,0,,,0,0,,0,0,0,,0,0.0,0,0.0,0,0,0,,,,,0,,,0,0,,0,0,0,,,0,0,0.0,0,24,0,100.0,24,0.0,0,0.0,0,0,0,,,0.0,,0,,,0,0,,0,0,0,,,0,0,0.0,0,3,0,66.7,2,0.0,0,0.0,0,0,0,,,0.0,13.5,0,33.3,100.0,1,1,50.0,2,2,0,27.3,66.1,0,27,0.0,0,21,2,95.2,20,57.6,6,31.6,0,40,11,5.5,20.0,2.0,4.7,1,66.7,0.0,0,1,0.0,0,1,0,72.1,70.7,0,17,0.0,0,44,4,97.7,43,80.6,6,31.6,0,33,16,4.0,8.3,0.77,0,24.4,0,40.0,0.0,0,1,0.0,0,2,0,68.3,83.3,0,40,0.0,0,5,2,100.0,5,85.4,5,26.3,0,60,11,5.5,30.0,12.0,22,,0,,,0,0,,0,0,0,,,0,0,0.0,0,5,0,100.0,5,0.0,0,0.0,0,0,0,,,0.0,25.3,0,33.3,0.0,0,1,0.0,0,1,0,64.7,75.1,0,40,0.0,0,9,1,100.0,9,81.9,3,15.8,0,40,11,11.0,40.0,4.44,,0,,,0,0,,0,0,0,,,0,0,0.0,0,9,0,100.0,9,0.0,0,0.0,0,0,0,,,0.0,,0,,,0,0,,0,0,0,,,0,0,4.3,1,23,0,91.3,21,0.0,0,0.0,0,0,0,,,0.0,13.5,0,25.0,50.0,1,2,50.0,2,2,0,27.3,64.5,0,27,0.0,0,8,2,100.0,8,47.9,8,42.1,0,40,11,5.5,20.0,5.0,0,,0,,,0,0,,0,0,0,,,0,0,0.0,0,3,0,100.0,3,0.0,0,0.0,0,0,0,,,0.0,64.7,76.5,23.0,0,50.0,,0,0,0.0,0,1,0,0,20,0.0,0,7,1,71.4,5,85.4,2,10.5,0,20,0,0.0,20.0,4.0,13.5,0,0.0,0.0,0,1,,0,0,0,,58.0,0,0,0.0,0,5,0,100.0,5,39.6,2,10.5,0,0,0,,,0.0,,0,,,0,0,,0,0,0,,,0,0,0.0,0,8,0,87.5,7,0.0,0,0.0,0,0,0,,,0.0,4.7,1,66.7,0.0,0,1,0.0,0,1,0,72.1,70.7,0,17,0.0,0,6,4,100.0,6,80.6,6,31.6,0,33,16,4.0,8.3,5.5
Lil'Jordan Humphrey,42247,WR,NO,10,18,,0,,,0,0,,0,0,0,,,0,0,,0,0,0,,0,0.0,0,0.0,0,0,0,,,,,0,,,0,0,,0,0,0,,,0,0,0.0,0,7,0,100.0,7,0.0,0,0.0,0,0,0,,,0.0,,0,,,0,0,,0,0,0,,,0,0,0.0,0,6,0,100.0,6,0.0,0,0.0,0,0,0,,,0.0,16.0,1,100.0,,0,0,0.0,0,4,0,72.1,95.0,0,27,0.0,0,9,4,100.0,9,118.8,4,22.2,0,83,19,4.8,20.8,9.22,4.5,0,100.0,,0,0,0.0,0,0,0,68.3,62.1,0,8,0.0,0,31,2,90.3,28,95.8,2,11.1,0,14,5,2.5,7.0,0.5,0,20.0,0,100.0,100.0,1,1,0.0,0,1,0,64.7,94.6,0,56,0.0,0,1,1,100.0,1,118.8,1,5.6,0,56,36,36.0,56.0,56.0,20,,0,,,0,0,,0,0,0,,,0,0,0.0,0,2,0,100.0,2,0.0,0,0.0,0,0,0,,,0.0,20.0,0,100.0,100.0,1,1,0.0,0,1,0,64.7,94.6,0,56,0.0,0,5,1,100.0,5,118.8,1,5.6,0,56,36,36.0,56.0,11.2,15.6,0,80.0,100.0,1,1,0.0,0,4,0,72.1,92.1,0,26,0.0,0,8,4,100.0,8,158.3,5,27.8,2,79,25,6.3,19.8,9.88,5.0,0,50.0,,0,0,0.0,0,0,0,64.7,75.8,0,9,0.0,0,13,1,100.0,13,62.5,2,11.1,0,9,8,8.0,9.0,0.69,15.8,1,88.9,100.0,1,1,0.0,0,8,0,77.3,96.1,0,27,0.0,0,11,8,81.8,9,158.3,9,50.0,2,162,44,5.5,20.3,18.0,0,,0,,,0,0,,0,0,0,,,0,0,0.0,0,5,0,100.0,5,0.0,0,0.0,0,0,0,,,0.0,,,,0,,,0,0,,0,0,0,0,0,0.0,0,3,0,100.0,3,0.0,0,0.0,0,0,0,,,0.0,,0,,,0,0,,0,0,0,64.7,76.6,0,0,0.0,0,8,0,75.0,6,0.0,0,0.0,0,0,0,,,0.0,4.8,0,25.0,,0,0,0.0,0,0,0,64.7,57.9,1,8,7.7,1,13,1,92.3,12,0.0,4,22.2,0,8,6,6.0,8.0,0.67,4.8,0,50.0,,0,0,0.0,0,0,0,72.1,68.4,1,9,0.0,0,8,4,100.0,8,20.3,8,44.4,0,31,19,4.8,7.8,3.88
C.J. Ham,11347,FB,MIN,17,18,-3.5,0,100.0,100.0,1,1,0.0,0,0,0,70.5,66.3,0,-2,0.0,0,3,2,66.7,2,79.2,2,11.1,0,-6,1,0.5,-3.0,-3.0,-3.5,0,100.0,100.0,1,1,0.0,0,0,0,70.5,66.3,0,-2,0.0,0,12,2,91.7,11,79.2,2,11.1,0,-6,1,0.5,-3.0,-0.55,,0,,,0,0,,0,0,0,,,0,0,100.0,3,3,0,0.0,0,0.0,0,0.0,0,0,0,,,,14.0,0,100.0,,0,0,0.0,0,1,0,64.7,81.3,0,19,30.8,4,13,1,69.2,9,118.8,1,5.6,0,19,5,5.0,19.0,2.11,2.2,2,100.0,,0,0,0.0,0,3,0,74.6,93.1,0,16,12.0,3,25,6,88.0,22,97.9,6,33.3,0,45,32,5.3,7.5,2.05,0,26.0,0,100.0,,0,0,0.0,0,1,0,64.7,90.6,0,27,0.0,0,1,1,100.0,1,118.8,1,5.6,0,27,1,1.0,27.0,27.0,18,,0,,,0,0,,0,0,0,,,0,0,50.0,2,4,0,50.0,2,0.0,0,0.0,0,0,0,,,0.0,26.0,0,100.0,,0,0,0.0,0,1,0,64.7,90.6,0,27,50.0,4,8,1,50.0,4,118.8,1,5.6,0,27,1,1.0,27.0,6.75,,0,,,0,0,,0,0,0,,,0,0,80.0,4,5,0,20.0,1,0.0,0,0.0,0,0,0,,,0.0,2.8,0,100.0,,0,0,0.0,0,1,0,74.6,90.6,0,14,7.1,1,14,4,78.6,11,96.9,4,22.2,0,29,18,4.5,7.3,2.64,14.0,0,100.0,,0,0,0.0,0,1,0,64.7,81.3,0,19,0.0,0,1,1,100.0,1,118.8,1,5.6,0,19,5,5.0,19.0,19.0,0,,0,,,0,0,,0,0,0,,,0,0,0.0,0,5,0,100.0,5,0.0,0,0.0,0,0,0,,,0.0,,,,0,,,0,0,,0,0,0,0,0,60.0,6,10,0,30.0,3,0.0,0,0.0,0,0,0,,,0.0,,0,,,0,0,,0,0,0,,,0,0,25.0,2,8,0,75.0,6,0.0,0,0.0,0,0,0,,,0.0,2.0,0,75.0,0.0,0,1,0.0,0,0,0,70.5,60.2,0,7,20.0,2,10,3,70.0,7,77.1,4,22.2,0,11,6,2.0,3.7,1.57,2.3,2,92.9,0.0,0,1,0.0,0,4,0,81.1,92.6,0,16,0.0,0,16,13,87.5,14,92.0,14,77.8,0,85,56,4.3,6.5,6.07
Salvon Ahmed,57472,HB,MIA,12,18,-3.5,1,100.0,,0,0,0.0,0,3,0,74.6,95.2,0,18,0.0,0,6,6,100.0,6,117.4,6,33.3,0,73,94,15.7,12.2,12.17,-2.3,0,100.0,,0,0,0.0,0,1,0,70.5,93.2,0,17,0.0,0,8,3,100.0,8,118.8,3,16.7,0,41,48,16.0,13.7,5.13,,0,,,0,0,,0,0,0,,,0,0,50.0,1,2,0,50.0,1,0.0,0,0.0,0,0,0,,,0.0,,0,,,0,0,,0,0,0,,,0,0,15.4,2,13,0,84.6,11,0.0,0,0.0,0,0,0,,,0.0,2.7,1,66.7,0.0,0,1,0.0,0,1,0,68.3,80.9,0,11,8.7,2,23,2,87.0,20,85.4,3,16.7,0,20,14,7.0,10.0,1.0,0,32.0,0,0.0,,0,0,,0,0,0,,59.7,0,0,0.0,0,1,0,100.0,1,39.6,1,5.6,0,0,0,,,0.0,17,-3.5,1,100.0,,0,0,0.0,0,1,0,68.3,88.5,0,18,0.0,0,5,2,100.0,5,114.6,2,11.1,0,23,30,15.0,11.5,4.6,,0,,,0,0,,0,0,0,,,0,0,66.7,2,3,0,33.3,1,0.0,0,0.0,0,0,0,,,0.0,,0,,,0,0,,0,0,0,,,0,0,0.0,0,1,0,100.0,1,0.0,0,0.0,0,0,0,,,0.0,2.3,0,25.0,0.0,0,1,66.7,2,0,0,26.4,25.7,0,6,35.7,5,14,1,64.3,9,39.6,4,22.2,0,6,6,6.0,6.0,0.67,,0,,,0,0,,0,0,0,,,0,0,,0,0,0,,0,0.0,0,0.0,0,0,0,,,,0,-7.0,0,100.0,,0,0,0.0,0,1,0,64.7,81.2,0,9,0.0,0,3,1,100.0,3,104.2,1,5.6,0,9,16,16.0,9.0,3.0,,59.7,32.0,0,0.0,,0,0,,0,0,0,0,0,25.0,1,4,0,75.0,3,39.6,1,5.6,0,0,0,,,0.0,,0,,,0,0,,0,0,0,,,0,0,20.0,1,5,0,80.0,4,0.0,0,0.0,0,0,0,,,0.0,0.8,1,75.0,,0,0,0.0,0,0,0,70.5,81.0,0,8,15.4,2,13,3,76.9,10,83.3,4,22.2,0,18,15,5.0,6.0,1.8,1.8,2,54.5,0.0,0,2,25.0,2,1,0,29.7,40.0,0,11,0.0,0,11,6,100.0,11,64.2,11,61.1,0,44,35,5.8,7.3,4.0
MyCole Pruitt,9576,TE,TEN,16,18,-5.0,1,100.0,,0,0,0.0,0,1,0,68.3,89.7,0,14,0.0,0,2,1,50.0,1,118.8,1,5.6,0,14,19,19.0,14.0,14.0,-5.0,1,100.0,,0,0,0.0,0,1,0,68.3,89.7,0,14,11.1,2,18,1,72.2,13,118.8,1,5.6,0,14,19,19.0,14.0,1.08,21.0,0,100.0,,0,0,0.0,0,1,0,64.7,94.9,0,22,33.3,1,3,1,66.7,2,118.8,1,5.6,0,22,1,1.0,22.0,11.0,18.0,0,100.0,,0,0,0.0,0,1,0,64.7,94.8,0,22,50.0,12,24,1,50.0,12,118.8,1,5.6,0,22,4,4.0,22.0,1.83,6.2,0,83.3,100.0,2,2,0.0,0,4,0,74.6,94.4,1,15,15.6,7,45,5,80.0,36,102.8,6,33.3,1,52,19,3.8,10.4,1.44,0,21.0,0,50.0,,0,0,0.0,0,1,0,64.7,93.4,0,22,0.0,0,2,1,100.0,2,89.6,2,11.1,0,22,1,1.0,22.0,11.0,31,,0,,,0,0,,0,0,0,,,0,0,66.7,2,3,0,33.3,1,0.0,0,0.0,0,0,0,,,0.0,21.0,0,0.0,,0,0,,0,0,0,,60.0,0,0,44.4,4,9,0,55.6,5,39.6,1,5.6,0,0,0,,,0.0,,0,,,0,0,,0,0,0,,,0,0,20.0,1,5,0,80.0,4,0.0,0,0.0,0,0,0,,,0.0,3.0,0,100.0,,0,0,0.0,0,0,0,68.3,89.9,0,8,25.0,3,12,1,66.7,8,100.0,1,5.6,0,8,5,5.0,8.0,1.0,14.0,0,50.0,0.0,0,1,0.0,0,2,0,68.3,92.3,0,22,0.0,0,4,2,100.0,4,111.5,4,22.2,1,27,4,2.0,13.5,6.75,0,,0,,,0,0,,0,0,0,,,0,0,20.0,1,5,0,80.0,4,0.0,0,0.0,0,0,0,,,0.0,,,,0,,,0,0,,0,0,0,0,0,25.0,2,8,0,75.0,6,0.0,0,0.0,0,0,0,,,0.0,12.7,0,33.3,0.0,0,1,0.0,0,1,0,64.7,65.1,0,5,36.4,4,11,1,54.5,6,81.9,3,16.7,1,5,0,0.0,5.0,0.83,3.8,0,100.0,,0,0,0.0,0,2,0,72.1,91.7,0,14,14.3,3,21,4,85.7,18,129.2,4,22.2,1,22,9,2.3,5.5,1.22,5.0,0,90.9,100.0,2,2,0.0,0,6,0,79.4,95.9,1,15,0.0,0,14,10,78.6,11,99.4,11,61.1,2,82,33,3.3,8.2,7.45
Parris Campbell,47940,WR,IND,6,18,,0,,,0,0,,0,0,0,,,0,0,,0,0,0,,0,0.0,0,0.0,0,0,0,,,,,0,,,0,0,,0,0,0,,,0,0,0.0,0,14,0,100.0,14,0.0,0,0.0,0,0,0,,,0.0,44.0,0,0.0,0.0,0,1,,0,0,0,,57.7,0,0,0.0,0,3,0,100.0,3,39.6,2,11.1,0,0,0,,,0.0,,0,,,0,0,,0,0,0,,,0,0,0.0,0,9,0,100.0,9,0.0,0,0.0,0,0,0,,,0.0,5.0,0,75.0,50.0,1,2,25.0,1,1,0,36.2,60.5,0,10,0.0,0,26,3,100.0,26,86.5,4,22.2,0,21,5,1.7,7.0,0.81,0,35.7,0,50.0,33.3,1,3,25.0,1,3,0,36.2,92.3,0,51,0.0,0,7,3,85.7,6,135.4,6,33.3,1,98,8,2.7,32.7,16.33,14,,0,,,0,0,,0,0,0,,,0,0,0.0,0,1,0,100.0,1,0.0,0,0.0,0,0,0,,,0.0,33.5,0,100.0,,0,0,0.0,0,2,0,68.3,95.0,0,51,0.0,0,7,2,100.0,7,158.3,2,11.1,1,74,7,3.5,37.0,10.57,11.3,0,75.0,0.0,0,1,0.0,0,3,0,70.5,91.3,0,16,0.0,0,8,3,100.0,8,105.2,4,22.2,0,39,5,1.7,13.0,4.88,,0,,,0,0,,0,0,0,,60.0,0,0,0.0,0,9,0,66.7,6,0.0,0,0.0,0,0,0,,,0.0,12.5,0,50.0,0.0,0,1,0.0,0,3,0,70.5,90.1,0,16,0.0,0,6,3,100.0,6,70.8,6,33.3,0,39,5,1.7,13.0,6.5,0,,0,,,0,0,,0,0,0,,,0,0,0.0,0,1,0,100.0,1,0.0,0,0.0,0,0,0,,,0.0,28.8,70.9,29.5,0,50.0,50.0,1,2,50.0,1,1,0,0,24,0.0,0,5,1,80.0,4,93.8,2,11.1,0,24,1,1.0,24.0,6.0,15.0,0,0.0,,0,0,,0,0,0,,58.0,0,0,0.0,0,7,0,100.0,7,39.6,2,11.1,0,0,0,,,0.0,4.0,0,50.0,,0,0,0.0,0,0,0,64.7,58.4,0,4,0.0,0,12,1,91.7,11,56.3,2,11.1,0,4,2,2.0,4.0,0.36,4.7,0,66.7,50.0,1,2,20.0,1,1,0,41.6,59.3,0,10,0.0,0,8,4,75.0,6,75.0,6,33.3,0,25,7,1.8,6.3,4.17
Blake Jarwin,12320,TE,DAL,9,17,,0,,,0,0,,0,0,0,,,0,0,,0,0,0,,0,0.0,0,0.0,0,0,0,,,,,0,,,0,0,,0,0,0,,,0,0,0.0,0,2,0,100.0,2,0.0,0,0.0,0,0,0,,,0.0,20.0,0,0.0,,0,0,,0,0,0,,59.4,1,0,10.0,1,10,0,80.0,8,0.0,1,5.9,0,0,0,,,0.0,12.3,0,50.0,100.0,1,1,33.3,1,1,0,29.9,56.9,0,20,20.0,3,15,2,66.7,10,75.0,4,23.5,0,30,9,4.5,15.0,3.0,5.0,1,100.0,,0,0,0.0,0,3,0,73.4,94.4,0,18,0.0,0,27,5,96.3,26,144.6,5,29.4,1,46,21,4.2,9.2,1.77,0,20.0,0,0.0,,0,0,,0,0,0,,59.4,1,0,0.0,0,1,0,100.0,1,0.0,1,5.9,0,0,0,,,0.0,9,,0,,,0,0,,0,0,0,,,0,0,0.0,0,10,0,90.0,9,0.0,0,0.0,0,0,0,,,0.0,,0,,,0,0,,0,0,0,,,0,0,33.3,3,9,0,55.6,5,0.0,0,0.0,0,0,0,,,0.0,17.0,0,0.0,0.0,0,1,,0,0,0,,58.3,0,0,25.0,2,8,0,50.0,4,39.6,1,5.9,0,0,0,,,0.0,6.0,0,50.0,,0,0,0.0,0,0,0,64.7,60.0,0,6,8.7,2,23,1,78.3,18,56.3,2,11.8,0,6,0,0.0,6.0,0.33,13.7,0,33.3,50.0,1,2,33.3,1,1,0,29.9,47.7,0,20,0.0,0,8,2,75.0,6,50.7,6,35.3,0,30,9,4.5,15.0,5.0,0,,0,,,0,0,,0,0,0,,,0,0,0.0,0,5,0,100.0,5,0.0,0,0.0,0,0,0,,,0.0,,,,0,,,0,0,,0,0,0,0,0,14.3,1,7,0,85.7,6,0.0,0,0.0,0,0,0,,,0.0,16.0,0,0.0,,0,0,,0,0,0,,59.9,0,0,25.0,2,8,0,75.0,6,39.6,1,5.9,0,0,0,,,0.0,4.7,0,100.0,100.0,1,1,0.0,0,1,0,70.5,87.2,0,7,0.0,0,15,3,100.0,15,125.7,3,17.6,1,14,6,2.0,4.7,0.93,5.1,1,90.0,100.0,1,1,0.0,0,4,0,77.3,93.1,0,18,0.0,0,10,9,100.0,10,133.8,10,58.8,2,66,27,3.0,7.3,6.6
Eric Ebron,8645,TE,PIT,8,17,-1.5,0,100.0,,0,0,0.0,0,1,0,68.3,82.6,0,5,0.0,0,2,2,100.0,2,118.8,2,11.8,1,6,9,4.5,3.0,3.0,-1.0,0,100.0,,0,0,0.0,0,1,0,64.7,78.6,0,5,0.0,0,14,1,100.0,14,127.1,1,5.9,1,5,6,6.0,5.0,0.36,,0,,,0,0,,0,0,0,,,0,0,0.0,0,3,0,100.0,3,0.0,0,0.0,0,0,0,,,0.0,15.7,0,66.7,,0,0,33.3,1,2,0,29.9,82.5,0,19,0.0,0,9,2,100.0,9,109.0,3,17.6,0,37,3,1.5,18.5,4.11,4.0,0,87.5,100.0,3,3,0.0,0,2,0,75.6,85.7,0,9,0.0,0,57,7,98.2,56,85.4,8,47.1,0,36,11,1.6,5.1,0.64,0,,0,,,0,0,,0,0,0,,,0,0,,0,0,0,,0,0.0,0,0.0,0,0,0,,,,25,,0,,,0,0,,0,0,0,,,0,0,0.0,0,6,0,100.0,6,0.0,0,0.0,0,0,0,,,0.0,,0,,,0,0,,0,0,0,,,0,0,18.2,2,11,0,72.7,8,0.0,0,0.0,0,0,0,,,0.0,13.0,0,0.0,,0,0,100.0,1,0,0,28.0,28.7,0,0,8.3,1,12,0,91.7,11,39.6,2,11.8,0,0,0,,,0.0,6.0,0,50.0,0.0,0,1,0.0,0,1,0,64.7,75.6,0,5,5.0,1,20,1,90.0,18,56.3,2,11.8,0,5,0,0.0,5.0,0.28,14.6,0,40.0,,0,0,50.0,2,2,0,27.3,53.2,0,19,0.0,0,5,2,100.0,5,66.3,5,29.4,0,37,3,1.5,18.5,7.4,0,-2.0,0,100.0,,0,0,0.0,0,0,0,64.7,61.8,0,1,9.1,1,11,1,90.9,10,79.2,1,5.9,0,1,3,3.0,1.0,0.1,,,,0,,,0,0,,0,0,0,0,0,0.0,0,7,0,85.7,6,0.0,0,0.0,0,0,0,,,0.0,,0,,,0,0,,0,0,0,,,0,0,11.1,1,9,0,77.8,7,0.0,0,0.0,0,0,0,,,0.0,,0,,,0,0,,0,0,0,,,0,0,0.0,0,12,0,91.7,11,0.0,0,0.0,0,0,0,,,0.0,4.4,0,80.0,75.0,3,4,0.0,0,3,0,76.5,89.7,0,9,0.0,0,10,8,100.0,10,83.8,10,58.8,0,41,11,1.4,5.1,4.1
Brock Wright,60994,TE,DET,10,17,-3.7,0,100.0,,0,0,0.0,0,1,0,70.5,88.5,0,11,0.0,0,3,3,100.0,3,80.6,3,17.6,0,10,21,7.0,3.3,3.33,-3.7,0,100.0,,0,0,0.0,0,1,0,70.5,88.5,0,11,23.5,4,17,3,70.6,12,80.6,3,17.6,0,10,21,7.0,3.3,0.83,,0,,,0,0,,0,0,0,,,0,0,40.0,2,5,0,40.0,2,0.0,0,0.0,0,0,0,,,0.0,13.0,0,100.0,,0,0,0.0,0,1,0,64.7,79.1,0,15,50.0,4,8,1,50.0,4,118.8,1,5.9,0,15,2,2.0,15.0,3.75,3.2,0,60.0,0.0,0,2,0.0,0,1,0,70.5,73.1,0,7,0.0,0,26,3,100.0,26,66.3,5,29.4,0,17,4,1.3,5.7,0.65,0,21.0,0,100.0,100.0,1,1,0.0,0,1,0,64.7,94.7,0,23,0.0,0,1,1,100.0,1,158.3,1,5.9,1,23,2,2.0,23.0,23.0,11,,0,,,0,0,,0,0,0,,,0,0,100.0,1,1,0,0.0,0,0.0,0,0.0,0,0,0,,,,,0,,,0,0,,0,0,0,,,0,0,50.0,1,2,0,50.0,1,0.0,0,0.0,0,0,0,,,0.0,10.0,0,0.0,,0,0,,0,0,0,,58.6,0,0,44.4,4,9,0,44.4,4,39.6,1,5.9,0,0,0,,,0.0,1.5,0,50.0,,0,0,50.0,1,0,0,28.8,29.7,0,2,25.0,3,12,1,75.0,9,56.3,2,11.8,0,2,1,1.0,2.0,0.22,10.8,0,50.0,,0,0,0.0,0,2,0,68.3,93.7,1,36,0.0,0,4,2,100.0,4,95.8,4,23.5,1,51,28,14.0,25.5,12.75,0,,0,,,0,0,,0,0,0,,,0,0,25.0,1,4,0,75.0,3,0.0,0,0.0,0,0,0,,,0.0,64.7,94.7,21.0,0,100.0,100.0,1,1,0.0,0,1,0,0,23,20.0,1,5,1,60.0,3,158.3,1,5.9,1,23,2,2.0,23.0,7.67,10.0,0,50.0,,0,0,0.0,0,1,0,64.7,93.7,1,36,12.5,1,8,1,87.5,7,95.8,2,11.8,1,36,26,26.0,36.0,5.14,1.0,0,100.0,,0,0,0.0,0,1,0,68.3,89.5,0,12,30.8,4,13,2,69.2,9,95.8,2,11.8,0,14,12,6.0,7.0,1.56,2.3,0,66.7,0.0,0,2,14.3,1,2,0,49.2,69.8,0,12,0.0,0,9,6,100.0,9,72.9,9,52.9,0,33,17,2.8,5.5,3.67
Chris Evans,27303,HB,CIN,14,17,-2.6,2,80.0,,0,0,0.0,0,1,0,72.1,92.7,0,12,0.0,0,5,4,100.0,5,87.5,5,29.4,0,25,37,9.3,6.3,5.0,-3.5,1,100.0,,0,0,0.0,0,0,0,68.3,83.2,0,9,0.0,0,4,2,100.0,4,83.3,2,11.8,0,8,15,7.5,4.0,2.0,,0,,,0,0,,0,0,0,,,0,0,100.0,2,2,0,0.0,0,0.0,0,0.0,0,0,0,,,,,0,,,0,0,,0,0,0,,,0,0,0.0,0,3,0,100.0,3,0.0,0,0.0,0,0,0,,,0.0,2.8,3,100.0,100.0,1,1,0.0,0,3,0,77.3,91.7,0,14,4.0,1,25,9,92.0,23,112.0,9,52.9,0,98,73,8.1,10.9,4.26,0,22.0,0,50.0,0.0,0,1,0.0,0,1,0,64.7,89.4,0,24,0.0,0,2,1,100.0,2,133.3,2,11.8,1,24,1,1.0,24.0,12.0,7,-2.0,1,66.7,,0,0,0.0,0,1,0,68.3,91.2,0,12,0.0,0,3,2,100.0,3,81.3,3,17.6,0,17,22,11.0,8.5,5.67,23.0,0,100.0,,0,0,0.0,0,1,0,64.7,90.6,0,24,0.0,0,2,1,100.0,2,158.3,1,5.9,1,24,1,1.0,24.0,12.0,,0,,,0,0,,0,0,0,,,0,0,0.0,0,2,0,100.0,2,0.0,0,0.0,0,0,0,,,0.0,,0,,,0,0,,0,0,0,,,0,0,0.0,0,4,0,100.0,4,0.0,0,0.0,0,0,0,,,0.0,,0,,,0,0,,0,0,0,,,0,0,,0,0,0,,0,0.0,0,0.0,0,0,0,,,,0,,0,,,0,0,,0,0,0,,,0,0,0.0,0,1,0,100.0,1,0.0,0,0.0,0,0,0,,,0.0,,59.3,21.0,0,0.0,0.0,0,1,,0,0,0,0,0,33.3,1,3,0,66.7,2,39.6,1,5.9,0,0,0,,,0.0,,0,,,0,0,,0,0,0,,,0,0,0.0,0,4,0,100.0,4,0.0,0,0.0,0,0,0,,,0.0,2.0,0,100.0,,0,0,0.0,0,1,0,64.7,82.0,0,4,10.0,1,10,1,80.0,8,122.9,1,5.9,1,4,2,2.0,4.0,0.5,2.7,3,100.0,100.0,1,1,0.0,0,4,0,78.0,92.6,0,14,0.0,0,11,10,90.9,10,142.5,10,58.8,1,102,75,7.5,10.2,10.2
Jakeem Grant,10820,WR,CHI,13,17,-4.2,4,100.0,,0,0,0.0,0,3,0,74.6,91.0,0,46,0.0,0,6,5,83.3,5,158.3,5,29.4,1,67,88,17.6,13.4,13.4,-4.3,3,100.0,,0,0,0.0,0,2,0,72.1,90.6,0,46,0.0,0,8,4,100.0,8,158.3,4,23.5,1,55,72,18.0,13.8,6.88,,0,,,0,0,,0,0,0,,,0,0,,0,0,0,,0,0.0,0,0.0,0,0,0,,,,11.0,0,100.0,,0,0,0.0,0,1,0,64.7,78.6,0,11,0.0,0,10,1,80.0,8,112.5,1,5.9,0,11,0,0.0,11.0,1.38,4.7,0,33.3,,0,0,50.0,2,0,1,27.3,26.5,1,6,0.0,0,24,2,95.8,23,2.8,6,35.3,0,6,-5,-2.5,3.0,0.26,0,,0,,,0,0,,0,0,0,,,0,0,,0,0,0,,0,0.0,0,0.0,0,0,0,,,,6,,0,,,0,0,,0,0,0,64.7,61.0,0,0,0.0,0,2,0,50.0,1,0.0,0,0.0,0,0,0,,,0.0,,0,,,0,0,,0,0,0,,,0,0,,0,0,0,,0,0.0,0,0.0,0,0,0,,,,17.0,0,0.0,,0,0,,0,0,0,,46.2,0,0,0.0,0,7,0,100.0,7,39.6,2,11.8,0,0,0,,,0.0,5.0,0,100.0,,0,0,0.0,0,1,0,64.7,78.6,0,6,0.0,0,6,1,100.0,6,91.7,1,5.9,0,6,1,1.0,6.0,1.0,16.0,0,50.0,,0,0,0.0,0,2,0,68.3,88.0,0,34,0.0,0,4,2,100.0,4,90.6,4,23.5,0,45,15,7.5,22.5,11.25,0,-4.0,1,100.0,,0,0,0.0,0,1,0,64.7,78.0,0,12,0.0,0,4,1,100.0,4,116.7,1,5.9,0,12,16,16.0,12.0,3.0,,,,0,,,0,0,,0,0,0,0,0,0.0,0,2,0,100.0,2,0.0,0,0.0,0,0,0,,,0.0,19.0,0,100.0,,0,0,0.0,0,1,0,64.7,90.9,0,34,0.0,0,6,1,100.0,6,118.8,1,5.9,0,34,15,15.0,34.0,5.67,4.0,0,100.0,,0,0,0.0,0,1,0,68.3,92.1,0,8,0.0,0,6,1,66.7,4,139.6,1,5.9,1,8,4,4.0,8.0,2.0,4.6,0,50.0,,0,0,33.3,2,2,1,29.2,45.6,1,8,0.0,0,9,4,88.9,8,56.3,8,47.1,1,20,0,0.0,5.0,2.5
Carlos Hyde,8692,HB,JAX,12,17,-4.0,0,83.3,,0,0,16.7,1,0,0,45.8,51.9,0,9,0.0,0,6,5,100.0,6,79.2,6,35.3,0,18,41,8.2,3.6,3.0,-4.0,0,83.3,,0,0,16.7,1,0,0,45.8,51.9,0,9,6.7,1,15,5,93.3,14,79.2,6,35.3,0,18,41,8.2,3.6,1.29,,0,,,0,0,,0,0,0,,,0,0,0.0,0,4,0,100.0,4,0.0,0,0.0,0,0,0,,,0.0,,0,,,0,0,,0,0,0,,,0,0,0.0,0,19,0,100.0,19,0.0,0,0.0,0,0,0,,,0.0,3.0,0,66.7,,0,0,0.0,0,1,0,72.1,80.2,0,9,11.4,4,35,4,85.7,30,75.0,6,35.3,0,25,15,3.8,6.3,0.83,0,21.0,0,0.0,,0,0,100.0,1,0,0,27.9,41.2,0,0,0.0,0,1,0,100.0,1,39.6,1,5.9,0,0,0,,,0.0,15,,0,,,0,0,,0,0,0,,,0,0,0.0,0,4,0,100.0,4,0.0,0,0.0,0,0,0,,,0.0,,0,,,0,0,,0,0,0,,,0,0,53.8,7,13,0,38.5,5,0.0,0,0.0,0,0,0,,,0.0,,0,,,0,0,,0,0,0,,,0,0,30.0,3,10,0,60.0,6,0.0,0,0.0,0,0,0,,,0.0,0.0,1,100.0,,0,0,0.0,0,0,0,64.7,65.2,0,8,25.0,4,16,1,75.0,12,100.0,1,5.9,0,8,8,8.0,8.0,0.67,10.0,0,0.0,,0,0,,0,0,0,,60.0,0,0,0.0,0,1,0,100.0,1,39.6,1,5.9,0,0,0,,,0.0,0,,0,,,0,0,,0,0,0,,,0,0,0.0,0,5,0,100.0,5,0.0,0,0.0,0,0,0,,,0.0,27.9,41.2,21.0,0,0.0,,0,0,100.0,1,0,0,0,0,33.3,2,6,0,66.7,4,39.6,1,5.9,0,0,0,,,0.0,10.0,0,0.0,,0,0,,0,0,0,,60.0,0,0,30.0,3,10,0,70.0,7,39.6,1,5.9,0,0,0,,,0.0,1.5,0,100.0,,0,0,0.0,0,0,0,68.3,83.7,0,9,23.8,5,21,2,76.2,16,95.8,2,11.8,0,14,11,5.5,7.0,0.88,2.3,1,77.8,,0,0,0.0,0,1,0,75.6,89.2,0,9,0.0,0,9,7,100.0,9,88.4,9,52.9,0,47,34,4.9,6.7,5.22
Marcus Johnson,11074,WR,TEN,7,17,-2.0,0,100.0,,0,0,0.0,0,0,0,64.7,61.0,0,8,0.0,0,1,1,100.0,1,100.0,1,5.9,0,8,10,10.0,8.0,8.0,-2.0,0,100.0,,0,0,0.0,0,0,0,64.7,61.0,0,8,0.0,0,9,1,77.8,7,100.0,1,5.9,0,8,10,10.0,8.0,1.14,,0,,,0,0,,0,0,0,,,0,0,0.0,0,2,0,100.0,2,0.0,0,0.0,0,0,0,,,0.0,14.2,0,40.0,0.0,0,1,0.0,0,2,0,68.3,82.0,1,22,0.0,0,15,2,93.3,14,28.3,5,29.4,0,39,5,2.5,19.5,2.79,4.2,1,80.0,,0,0,20.0,1,4,0,41.6,93.2,0,50,0.0,0,26,4,96.2,25,118.8,5,29.4,0,96,84,21.0,24.0,3.84,0,30.5,0,0.0,,0,0,,0,0,0,,57.1,0,0,0.0,0,2,0,100.0,2,39.6,2,11.8,0,0,0,,,0.0,31,,0,,,0,0,,0,0,0,,,0,0,0.0,0,1,0,100.0,1,0.0,0,0.0,0,0,0,,,0.0,30.5,0,0.0,,0,0,,0,0,0,,57.1,0,0,0.0,0,2,0,100.0,2,39.6,2,11.8,0,0,0,,,0.0,10.0,0,100.0,,0,0,0.0,0,1,0,64.7,75.4,0,10,0.0,0,7,1,71.4,5,108.3,1,5.9,0,10,0,0.0,10.0,2.0,5.0,0,50.0,,0,0,0.0,0,0,0,64.7,60.2,0,7,0.0,0,8,1,87.5,7,58.3,2,11.8,0,7,0,0.0,7.0,1.0,13.5,0,50.0,0.0,0,1,0.0,0,3,0,70.5,86.7,1,22,0.0,0,7,3,85.7,6,38.2,6,35.3,0,49,5,1.7,16.3,8.17,0,,0,,,0,0,,0,0,0,,,0,0,0.0,0,4,0,100.0,4,0.0,0,0.0,0,0,0,,,0.0,,,,0,,,0,0,,0,0,0,0,0,0.0,0,2,0,100.0,2,0.0,0,0.0,0,0,0,,,0.0,,0,,,0,0,,0,0,0,,,0,0,0.0,0,7,0,100.0,7,0.0,0,0.0,0,0,0,,,0.0,7.0,0,0.0,0.0,0,1,,0,0,0,,59.3,0,0,0.0,0,6,0,100.0,6,39.6,1,5.9,0,0,0,,,0.0,4.8,1,62.5,0.0,0,1,16.7,1,4,0,45.8,91.4,0,50,0.0,0,8,5,100.0,8,106.3,8,47.1,0,103,84,16.8,20.6,12.88
Maxx Williams,9488,TE,ARZ,5,17,-4.0,2,100.0,,0,0,0.0,0,2,0,72.1,90.1,0,25,0.0,0,4,4,100.0,4,112.5,4,23.5,0,44,60,15.0,11.0,11.0,-5.0,1,100.0,,0,0,0.0,0,1,0,70.5,87.3,0,25,0.0,0,17,3,100.0,17,108.3,3,17.6,0,30,45,15.0,10.0,1.76,21.0,0,100.0,,0,0,0.0,0,1,0,64.7,90.3,0,25,0.0,0,2,1,100.0,2,118.8,1,5.9,0,25,4,4.0,25.0,12.5,14.5,1,100.0,100.0,1,1,0.0,0,2,0,68.3,97.6,0,34,25.0,2,8,2,75.0,6,158.3,2,11.8,1,48,23,11.5,24.0,8.0,4.8,0,100.0,,0,0,0.0,0,2,0,74.6,90.0,0,10,3.8,1,26,6,96.2,25,97.9,6,35.3,0,45,16,2.7,7.5,1.8,0,22.5,0,50.0,,0,0,0.0,0,1,0,64.7,89.3,0,25,0.0,0,2,1,100.0,2,95.8,2,11.8,0,25,4,4.0,25.0,12.5,1,,0,,,0,0,,0,0,0,,,0,0,0.0,0,5,0,100.0,5,0.0,0,0.0,0,0,0,,,0.0,,0,,,0,0,,0,0,0,,,0,0,75.0,3,4,0,25.0,1,0.0,0,0.0,0,0,0,,,0.0,,0,,,0,0,,0,0,0,,,0,0,50.0,2,4,0,25.0,1,0.0,0,0.0,0,0,0,,,0.0,2.0,0,100.0,,0,0,0.0,0,0,0,64.7,90.4,0,9,12.5,1,8,1,87.5,7,104.2,1,5.9,0,9,7,7.0,9.0,1.29,14.5,1,100.0,100.0,1,1,0.0,0,2,0,68.3,97.6,0,34,0.0,0,2,2,100.0,2,158.3,2,11.8,1,48,23,11.5,24.0,24.0,0,-1.0,1,100.0,,0,0,0.0,0,1,0,64.7,81.3,0,14,0.0,0,5,1,100.0,5,118.8,1,5.9,0,14,15,15.0,14.0,2.8,,58.8,24.0,0,0.0,,0,0,,0,0,0,0,0,16.7,1,6,0,66.7,4,39.6,1,5.9,0,0,0,,,0.0,,0,,,0,0,,0,0,0,,,0,0,50.0,4,8,0,50.0,4,0.0,0,0.0,0,0,0,,,0.0,2.0,2,100.0,,0,0,0.0,0,2,0,68.3,92.4,0,17,12.5,1,8,2,87.5,7,112.5,2,11.8,0,22,18,9.0,11.0,3.14,3.9,2,100.0,,0,0,0.0,0,4,0,77.3,94.2,0,17,0.0,0,9,9,100.0,9,101.9,9,52.9,0,76,41,4.6,8.4,8.44
Equanimeous St. Brown,47967,WR,GB,13,16,-2.5,0,50.0,,0,0,0.0,0,0,0,64.7,60.1,0,0,0.0,0,2,1,100.0,2,56.3,2,12.5,0,0,2,2.0,0.0,0.0,-3.0,0,0.0,,0,0,,0,0,0,,59.9,0,0,0.0,0,20,0,100.0,20,39.6,1,6.3,0,0,0,,,0.0,32.0,0,0.0,0.0,0,1,,0,0,0,,60.0,0,0,0.0,0,5,0,100.0,5,39.6,1,6.3,0,0,0,,,0.0,13.0,0,50.0,,0,0,0.0,0,1,0,64.7,78.1,1,18,0.0,0,13,1,100.0,13,41.7,2,12.5,0,18,3,3.0,18.0,1.38,4.5,2,75.0,,0,0,0.0,0,3,0,70.5,93.4,0,26,0.0,0,31,3,93.5,29,116.7,4,25.0,0,57,44,14.7,19.0,1.97,0,33.7,0,0.0,0.0,0,2,,0,0,0,64.7,33.3,0,0,0.0,0,4,0,75.0,3,39.6,3,18.8,0,0,0,,,0.0,12,,0,,,0,0,,0,0,0,,,0,0,0.0,0,5,0,100.0,5,0.0,0,0.0,0,0,0,,,0.0,42.0,0,0.0,0.0,0,1,,0,0,0,,59.8,0,0,0.0,0,5,0,100.0,5,39.6,1,6.3,0,0,0,,,0.0,,0,,,0,0,,0,0,0,,,0,0,0.0,0,3,0,100.0,3,0.0,0,0.0,0,0,0,,,0.0,2.5,1,100.0,,0,0,0.0,0,1,0,68.3,90.2,0,7,0.0,0,28,2,96.4,27,91.7,2,12.5,0,12,7,3.5,6.0,0.44,13.0,0,50.0,,0,0,0.0,0,1,0,64.7,78.1,1,18,0.0,0,2,1,100.0,2,41.7,2,12.5,0,18,3,3.0,18.0,9.0,0,-2.0,0,100.0,,0,0,0.0,0,0,0,64.7,60.8,0,0,0.0,0,5,1,100.0,5,79.2,1,6.3,0,0,2,2.0,0.0,0.0,64.7,30.8,27.0,0,0.0,,0,0,,0,0,0,0,0,0.0,0,6,0,66.7,4,39.6,1,6.3,0,0,0,,,0.0,,0,,,0,0,,0,0,0,,,0,0,14.3,1,7,0,71.4,5,0.0,0,0.0,0,0,0,,,0.0,5.0,0,66.7,50.0,1,2,0.0,0,1,0,68.3,73.4,0,7,5.0,1,20,2,95.0,19,72.9,3,18.8,0,11,1,0.5,5.5,0.58,4.2,3,77.8,50.0,1,2,0.0,0,5,0,75.6,93.9,0,26,0.0,0,10,7,90.0,9,103.7,9,56.3,0,80,52,7.4,11.4,8.89
Adam Shaheen,11800,TE,MIA,12,16,-5.0,0,100.0,,0,0,0.0,0,0,0,64.7,62.6,0,2,0.0,0,1,1,100.0,1,79.2,1,6.3,0,2,7,7.0,2.0,2.0,-5.0,0,100.0,,0,0,0.0,0,0,0,64.7,62.6,0,2,29.4,5,17,1,70.6,12,79.2,1,6.3,0,2,7,7.0,2.0,0.17,21.0,0,100.0,100.0,1,1,0.0,0,1,0,64.7,94.5,0,21,0.0,0,4,1,75.0,3,118.8,1,6.3,0,21,0,0.0,21.0,7.0,10.0,0,0.0,,0,0,,0,0,0,,58.6,0,0,33.3,5,15,0,66.7,10,39.6,1,6.3,0,0,0,,,0.0,4.6,0,85.7,100.0,2,2,0.0,0,2,0,75.6,80.1,0,19,11.4,5,44,6,84.1,37,98.2,7,43.8,0,53,27,4.5,8.8,1.43,0,21.0,0,100.0,100.0,1,1,0.0,0,1,0,64.7,94.5,0,21,0.0,0,1,1,100.0,1,118.8,1,6.3,0,21,0,0.0,21.0,21.0,17,,0,,,0,0,,0,0,0,,,0,0,25.0,2,8,0,75.0,6,0.0,0,0.0,0,0,0,,,0.0,,0,,,0,0,,0,0,0,,,0,0,42.9,3,7,0,57.1,4,0.0,0,0.0,0,0,0,,,0.0,,0,,,0,0,,0,0,0,64.7,90.6,0,0,6.7,1,15,0,73.3,11,0.0,0,0.0,0,0,0,,,0.0,,0,,,0,0,,0,0,0,,,0,0,39.1,9,23,0,56.5,13,0.0,0,0.0,0,0,0,,,0.0,11.7,0,33.3,100.0,1,1,50.0,1,1,0,29.9,74.3,0,11,0.0,0,4,1,75.0,3,45.1,3,18.8,0,11,0,0.0,11.0,3.67,0,,0,,,0,0,,0,0,0,,,0,0,33.3,1,3,0,66.7,2,0.0,0,0.0,0,0,0,,,0.0,,,,0,,,0,0,,0,0,0,0,0,25.0,1,4,0,75.0,3,0.0,0,0.0,0,0,0,,,0.0,12.5,0,50.0,100.0,1,1,50.0,1,1,0,28.8,59.6,0,11,10.0,1,10,1,90.0,9,66.7,2,12.5,0,11,0,0.0,11.0,1.22,4.3,1,75.0,100.0,1,1,25.0,1,1,0,36.2,75.8,0,10,13.8,4,29,3,86.2,25,88.5,4,25.0,0,23,9,3.0,7.7,0.92,4.5,1,81.8,100.0,3,3,10.0,1,3,0,58.5,83.3,0,19,0.0,0,12,9,91.7,11,95.5,11,68.8,0,76,36,4.0,8.4,6.91
Dede Westbrook,11865,WR,MIN,15,16,-1.5,0,100.0,,0,0,0.0,0,0,0,68.3,61.2,0,6,0.0,0,2,2,100.0,2,79.2,2,12.5,0,4,7,3.5,2.0,2.0,,0,,,0,0,,0,0,0,,,0,0,0.0,0,9,0,100.0,9,0.0,0,0.0,0,0,0,,,0.0,25.5,0,0.0,0.0,0,1,,0,0,0,,57.3,0,0,0.0,0,5,0,100.0,5,39.6,2,12.5,0,0,0,,,0.0,16.0,1,100.0,,0,0,0.0,0,1,0,64.7,79.6,0,17,0.0,0,25,1,88.0,22,118.8,1,6.3,0,17,1,1.0,17.0,0.77,5.3,0,75.0,0.0,0,1,0.0,0,1,0,70.5,74.2,0,11,0.0,0,42,3,97.6,41,89.6,4,25.0,0,24,7,2.3,8.0,0.59,0,26.3,0,0.0,0.0,0,1,,0,0,0,,56.3,0,0,0.0,0,3,0,100.0,3,39.6,3,18.8,0,0,0,,,0.0,18,,0,,,0,0,,0,0,0,,,0,0,0.0,0,5,0,100.0,5,0.0,0,0.0,0,0,0,,,0.0,28.0,0,0.0,,0,0,,0,0,0,,59.8,0,0,0.0,0,9,0,88.9,8,39.6,1,6.3,0,0,0,,,0.0,,0,,,0,0,,0,0,0,,,0,0,0.0,0,5,0,100.0,5,0.0,0,0.0,0,0,0,,,0.0,3.8,0,50.0,0.0,0,1,0.0,0,0,0,68.3,60.6,0,6,0.0,0,20,2,95.0,19,56.3,4,25.0,0,10,2,1.0,5.0,0.53,16.0,1,100.0,,0,0,0.0,0,1,0,64.7,79.6,0,17,0.0,0,1,1,100.0,1,118.8,1,6.3,0,17,1,1.0,17.0,17.0,0,-1.5,0,100.0,,0,0,0.0,0,0,0,68.3,61.2,0,6,0.0,0,2,2,100.0,2,79.2,2,12.5,0,4,7,3.5,2.0,2.0,,,,0,,,0,0,,0,0,0,0,0,0.0,0,5,0,100.0,5,0.0,0,0.0,0,0,0,,,0.0,,0,,,0,0,,0,0,0,,,0,0,0.0,0,8,0,100.0,8,0.0,0,0.0,0,0,0,,,0.0,5.0,0,100.0,100.0,1,1,0.0,0,1,0,70.5,75.0,0,7,0.0,0,14,2,92.9,13,93.8,2,12.5,0,13,3,1.5,6.5,1.0,4.6,0,70.0,33.3,1,3,0.0,0,2,0,76.5,76.0,0,11,0.0,0,11,7,90.9,10,80.0,10,62.5,0,47,12,1.7,6.7,4.7
Preston Williams,38855,WR,MIA,8,16,-3.0,0,100.0,,0,0,0.0,0,1,0,64.7,81.6,0,4,0.0,0,1,1,100.0,1,83.3,1,6.3,0,4,7,7.0,4.0,4.0,,0,,,0,0,,0,0,0,,,0,0,0.0,0,9,0,88.9,8,0.0,0,0.0,0,0,0,,,0.0,,0,,,0,0,,0,0,0,,,0,0,0.0,0,1,0,100.0,1,0.0,0,0.0,0,0,0,,,0.0,,0,,,0,0,,0,0,0,,,0,0,0.0,0,5,0,100.0,5,0.0,0,0.0,0,0,0,,,0.0,3.5,0,0.0,0.0,0,2,,0,0,0,,56.9,0,0,0.0,0,17,0,100.0,17,39.6,2,12.5,0,0,0,,,0.0,0,29.0,0,33.3,100.0,1,1,0.0,0,1,0,64.7,86.0,0,21,0.0,0,4,1,75.0,3,59.0,3,18.8,0,21,0,0.0,21.0,7.0,17,-3.0,0,100.0,,0,0,0.0,0,1,0,64.7,81.6,0,4,0.0,0,9,1,100.0,9,83.3,1,6.3,0,4,7,7.0,4.0,0.44,21.0,0,100.0,100.0,1,1,0.0,0,1,0,64.7,90.9,0,21,0.0,0,2,1,50.0,1,118.8,1,6.3,0,21,0,0.0,21.0,21.0,12.0,0,0.0,0.0,0,1,,0,0,0,,57.4,0,0,0.0,0,7,0,85.7,6,39.6,2,12.5,0,0,0,,,0.0,1.0,1,100.0,,0,0,0.0,0,0,0,64.7,60.4,0,2,0.0,0,15,1,100.0,15,79.2,1,6.3,0,2,1,1.0,2.0,0.13,12.7,0,0.0,0.0,0,1,,0,0,0,,56.0,0,0,0.0,0,3,0,100.0,3,39.6,3,18.8,0,0,0,,,0.0,0,,0,,,0,0,,0,0,0,,,0,0,0.0,0,3,0,100.0,3,0.0,0,0.0,0,0,0,,,0.0,,57.5,33.0,0,0.0,,0,0,,0,0,0,0,0,0.0,0,4,0,75.0,3,39.6,2,12.5,0,0,0,,,0.0,14.0,0,0.0,,0,0,,0,0,0,,59.4,0,0,0.0,0,2,0,100.0,2,39.6,1,6.3,0,0,0,,,0.0,5.3,0,50.0,0.0,0,1,25.0,1,1,0,36.2,66.8,0,34,0.0,0,20,3,100.0,20,74.3,6,37.5,0,44,31,10.3,14.7,2.2,4.4,1,44.4,0.0,0,3,20.0,1,1,0,41.6,64.3,0,34,0.0,0,9,4,100.0,9,60.4,9,56.3,0,46,32,8.0,11.5,5.11
Boston Scott,39462,HB,PHI,11,16,-4.1,0,100.0,,0,0,0.0,0,1,0,76.5,91.3,0,16,0.0,0,8,8,100.0,8,82.8,8,50.0,0,31,64,8.0,3.9,3.88,-5.0,0,100.0,,0,0,0.0,0,1,0,73.4,82.7,0,16,0.0,0,11,5,100.0,11,83.3,5,31.3,0,20,45,9.0,4.0,1.82,,0,,,0,0,,0,0,0,,,0,0,66.7,2,3,0,33.3,1,0.0,0,0.0,0,0,0,,,0.0,,0,,,0,0,,0,0,0,,,0,0,0.0,0,2,0,100.0,2,0.0,0,0.0,0,0,0,,,0.0,1.3,0,100.0,,0,0,0.0,0,1,0,70.5,82.3,0,19,10.0,1,10,3,90.0,9,102.8,3,18.8,0,26,22,7.3,8.7,2.89,0,,0,,,0,0,,0,0,0,,,0,0,,0,0,0,,0,0.0,0,0.0,0,0,0,,,,24,-1.0,0,100.0,,0,0,0.0,0,0,0,68.3,88.0,0,8,0.0,0,5,2,100.0,5,95.8,2,12.5,0,14,16,8.0,7.0,2.8,,0,,,0,0,,0,0,0,,,0,0,0.0,0,6,0,100.0,6,0.0,0,0.0,0,0,0,,,0.0,,0,,,0,0,,0,0,0,,,0,0,20.0,1,5,0,80.0,4,0.0,0,0.0,0,0,0,,,0.0,3.0,0,100.0,,0,0,0.0,0,1,0,68.3,82.5,0,18,0.0,0,4,2,100.0,4,114.6,2,12.5,0,23,17,8.5,11.5,5.75,,0,,,0,0,,0,0,0,,,0,0,,0,0,0,,0,0.0,0,0.0,0,0,0,,,,0,-6.0,0,100.0,,0,0,0.0,0,0,0,64.7,65.1,0,-3,50.0,1,2,1,50.0,1,79.2,1,6.3,0,-3,3,3.0,-3.0,-3.0,,,,0,,,0,0,,0,0,0,0,0,33.3,2,6,0,66.7,4,0.0,0,0.0,0,0,0,,,0.0,,0,,,0,0,,0,0,0,,,0,0,8.3,1,12,0,91.7,11,0.0,0,0.0,0,0,0,,,0.0,1.0,0,33.3,,0,0,50.0,1,0,0,28.9,27.9,1,4,7.7,1,13,1,84.6,11,2.8,3,18.8,0,4,2,2.0,4.0,0.36,1.6,0,75.0,,0,0,14.3,1,2,0,49.7,62.0,1,19,0.0,0,8,6,100.0,8,52.6,8,50.0,0,53,41,6.8,8.8,6.63
Khalil Herbert,41668,HB,CHI,16,16,-5.6,3,85.7,,0,0,14.3,1,2,0,52.1,82.4,0,20,0.0,0,8,6,87.5,7,86.3,7,43.8,0,33,67,11.2,5.5,4.71,-6.2,3,83.3,,0,0,16.7,1,2,0,49.2,86.8,0,20,13.3,2,15,5,80.0,12,84.7,6,37.5,0,26,58,11.6,5.2,2.17,,0,,,0,0,,0,0,0,,,0,0,28.6,2,7,0,71.4,5,0.0,0,0.0,0,0,0,,,0.0,,0,,,0,0,,0,0,0,,,0,0,21.1,4,19,0,73.7,14,0.0,0,0.0,0,0,0,,,0.0,4.0,0,100.0,,0,0,0.0,0,3,0,72.1,90.1,0,16,8.8,3,34,4,91.2,31,108.3,4,25.0,0,40,24,6.0,10.0,1.29,0,,0,,,0,0,,0,0,0,,,0,0,,0,0,0,,0,0.0,0,0.0,0,0,0,,,,6,,0,,,0,0,,0,0,0,,,0,0,0.0,0,1,0,100.0,1,0.0,0,0.0,0,0,0,,,0.0,,0,,,0,0,,0,0,0,,,0,0,66.7,2,3,0,33.3,1,0.0,0,0.0,0,0,0,,,0.0,,0,,,0,0,,0,0,0,,,0,0,9.1,1,11,0,81.8,9,0.0,0,0.0,0,0,0,,,0.0,1.0,1,100.0,,0,0,0.0,0,1,0,64.7,81.3,0,8,21.4,3,14,1,71.4,10,100.0,1,6.3,0,8,7,7.0,8.0,0.8,,0,,,0,0,,0,0,0,,,0,0,,0,0,0,,0,0.0,0,0.0,0,0,0,,,,0,-2.0,0,100.0,,0,0,0.0,0,0,0,64.7,61.5,0,7,50.0,1,2,1,50.0,1,95.8,1,6.3,0,7,9,9.0,7.0,7.0,,,,0,,,0,0,,0,0,0,0,0,33.3,2,6,0,66.7,4,0.0,0,0.0,0,0,0,,,0.0,,0,,,0,0,,0,0,0,,,0,0,22.2,2,9,0,66.7,6,0.0,0,0.0,0,0,0,,,0.0,2.8,1,75.0,,0,0,25.0,1,0,0,36.2,32.7,0,8,31.6,6,19,3,63.2,12,80.2,4,25.0,0,15,9,3.0,5.0,1.25,3.1,2,88.9,,0,0,11.1,1,4,0,54.5,72.3,0,16,0.0,0,9,8,100.0,9,95.8,9,56.3,0,63,40,5.0,7.9,7.0
Jeff Smith,48055,WR,NYJ,11,16,-6.0,0,0.0,,0,0,,0,0,0,,59.9,0,0,0.0,0,1,0,100.0,1,39.6,1,6.3,0,0,0,,,0.0,-6.0,0,0.0,,0,0,,0,0,0,,59.9,0,0,0.0,0,8,0,100.0,8,39.6,1,6.3,0,0,0,,,0.0,,0,,,0,0,,0,0,0,,,0,0,0.0,0,1,0,100.0,1,0.0,0,0.0,0,0,0,,,0.0,13.3,0,66.7,,0,0,33.3,1,2,0,29.9,70.2,0,13,0.0,0,17,2,94.1,16,92.4,3,18.8,0,25,0,0.0,12.5,1.56,6.7,0,33.3,0.0,0,1,50.0,1,0,0,28.8,43.4,0,2,0.0,0,28,1,96.4,27,42.4,3,18.8,0,2,0,0.0,2.0,0.07,0,33.5,0,50.0,,0,0,0.0,0,1,0,64.7,90.4,0,35,0.0,0,2,1,100.0,2,95.8,2,12.5,0,35,5,5.0,35.0,17.5,22,,0,,,0,0,,0,0,0,,,0,0,0.0,0,1,0,100.0,1,0.0,0,0.0,0,0,0,,,0.0,30.0,0,100.0,,0,0,0.0,0,1,0,64.7,90.9,0,35,16.7,1,6,1,83.3,5,118.8,1,6.3,0,35,5,5.0,35.0,7.0,15.0,0,50.0,,0,0,0.0,0,1,0,64.7,78.0,0,13,0.0,0,8,1,100.0,8,70.8,2,12.5,0,13,0,0.0,13.0,1.63,6.0,0,100.0,,0,0,0.0,0,0,0,64.7,61.2,0,14,0.0,0,11,1,100.0,11,118.8,1,6.3,0,14,8,8.0,14.0,1.27,13.3,0,55.6,50.0,1,2,16.7,1,5,0,49.2,90.4,0,14,0.0,0,12,5,75.0,9,77.1,9,56.3,0,62,-1,-0.2,12.4,6.89,0,,0,,,0,0,,0,0,0,,,0,0,0.0,0,6,0,83.3,5,0.0,0,0.0,0,0,0,,,0.0,,59.9,37.0,0,0.0,,0,0,,0,0,0,0,0,0.0,0,3,0,100.0,3,39.6,1,6.3,0,0,0,,,0.0,12.5,0,50.0,50.0,1,2,0.0,0,2,0,70.5,90.0,0,14,0.0,0,10,2,80.0,8,68.8,4,25.0,0,24,-1,-0.5,12.0,3.0,,0,,,0,0,,0,0,0,,,0,0,0.0,0,12,0,100.0,12,0.0,0,0.0,0,0,0,,,0.0,6.5,0,50.0,0.0,0,1,33.3,1,0,0,29.9,46.9,0,14,0.0,0,4,2,100.0,4,60.4,4,25.0,0,16,8,4.0,8.0,4.0
Malik Turner,48078,WR,DAL,12,16,,0,,,0,0,,0,0,0,,,0,0,,0,0,0,,0,0.0,0,0.0,0,0,0,,,,,0,,,0,0,,0,0,0,,,0,0,0.0,0,3,0,100.0,3,0.0,0,0.0,0,0,0,,,0.0,,0,,,0,0,,0,0,0,,,0,0,0.0,0,5,0,100.0,5,0.0,0,0.0,0,0,0,,,0.0,18.0,0,0.0,,0,0,,0,0,0,,59.8,1,0,0.0,0,6,0,83.3,5,0.0,1,6.3,0,0,0,,,0.0,5.8,2,100.0,,0,0,0.0,0,5,0,76.5,94.6,0,61,4.8,1,21,8,95.2,20,158.3,8,50.0,2,113,69,8.6,14.1,5.65,0,27.0,0,0.0,,0,0,,0,0,0,,57.6,0,0,0.0,0,3,0,66.7,2,39.6,2,12.5,0,0,0,,,0.0,9,,0,,,0,0,,0,0,0,,,0,0,0.0,0,2,0,100.0,2,0.0,0,0.0,0,0,0,,,0.0,20.0,0,0.0,,0,0,,0,0,0,,58.3,0,0,0.0,0,4,0,75.0,3,39.6,1,6.3,0,0,0,,,0.0,12.0,0,100.0,,0,0,0.0,0,2,0,68.3,90.2,0,11,0.0,0,3,2,100.0,3,139.6,2,12.5,1,16,1,0.5,8.0,5.33,6.0,1,100.0,,0,0,0.0,0,0,0,68.3,62.0,0,9,0.0,0,7,2,100.0,7,97.9,2,12.5,0,15,3,1.5,7.5,2.14,14.0,0,66.7,,0,0,0.0,0,2,0,68.3,88.3,1,11,0.0,0,3,2,100.0,3,79.9,3,18.8,1,16,1,0.5,8.0,5.33,0,,0,,,0,0,,0,0,0,,,0,0,0.0,0,1,0,100.0,1,0.0,0,0.0,0,0,0,,,0.0,,60.0,34.0,0,0.0,,0,0,,0,0,0,0,0,0.0,0,5,0,80.0,4,39.6,1,6.3,0,0,0,,,0.0,,0,,,0,0,,0,0,0,,,0,0,0.0,0,2,0,50.0,1,0.0,0,0.0,0,0,0,,,0.0,7.0,0,100.0,,0,0,0.0,0,1,0,64.7,78.6,0,11,0.0,0,7,1,85.7,6,112.5,1,6.3,0,11,4,4.0,11.0,1.83,5.9,3,100.0,,0,0,0.0,0,6,0,78.7,94.0,0,61,0.0,0,11,11,100.0,11,158.3,11,68.8,2,139,76,6.9,12.6,12.64
Isaiah Ford,11991,WR,MIA,12,15,-3.0,0,100.0,,0,0,0.0,0,0,0,64.7,61.1,0,0,0.0,0,1,1,100.0,1,79.2,1,6.7,0,0,3,3.0,0.0,0.0,,0,,,0,0,,0,0,0,,,0,0,0.0,0,8,0,100.0,8,0.0,0,0.0,0,0,0,,,0.0,,0,,,0,0,,0,0,0,,,0,0,,0,0,0,,0,0.0,0,0.0,0,0,0,,,,13.0,0,0.0,,0,0,,0,0,0,,58.8,0,0,0.0,0,15,0,86.7,13,39.6,1,6.7,0,0,0,,,0.0,6.0,0,80.0,50.0,1,2,0.0,0,2,0,72.1,90.3,0,17,0.0,0,16,4,93.8,15,142.9,5,33.3,1,44,19,4.8,11.0,2.93,0,25.5,1,100.0,100.0,1,1,0.0,0,2,0,68.3,95.7,0,52,0.0,0,2,2,100.0,2,118.8,2,13.3,0,79,28,14.0,39.5,39.5,17,-3.0,0,100.0,,0,0,0.0,0,0,0,64.7,61.1,0,0,0.0,0,2,1,100.0,2,79.2,1,6.7,0,0,3,3.0,0.0,0.0,26.0,0,100.0,100.0,1,1,0.0,0,1,0,64.7,91.0,0,27,0.0,0,1,1,100.0,1,118.8,1,6.7,0,27,1,1.0,27.0,27.0,18.0,0,0.0,0.0,0,1,,0,0,0,,59.9,0,0,0.0,0,4,0,100.0,4,39.6,1,6.7,0,0,0,,,0.0,3.0,0,100.0,,0,0,0.0,0,2,0,68.3,91.1,0,7,0.0,0,12,2,83.3,10,125.0,2,13.3,1,9,4,2.0,4.5,0.9,15.3,0,33.3,0.0,0,1,0.0,0,1,0,64.7,74.4,0,19,0.0,0,4,1,75.0,3,56.3,3,20.0,0,19,4,4.0,19.0,6.33,0,,0,,,0,0,,0,0,0,,,0,0,0.0,0,1,0,100.0,1,0.0,0,0.0,0,0,0,,,0.0,64.7,90.9,25.0,1,100.0,,0,0,0.0,0,1,0,0,52,0.0,0,6,1,83.3,5,118.8,1,6.7,0,52,27,27.0,52.0,10.4,15.0,0,100.0,,0,0,0.0,0,1,0,64.7,79.4,0,19,0.0,0,4,1,100.0,4,118.8,1,6.7,0,19,4,4.0,19.0,4.75,3.0,0,100.0,,0,0,0.0,0,0,0,68.3,61.5,0,7,0.0,0,11,2,100.0,11,87.5,2,13.3,0,10,4,2.0,5.0,0.91,4.7,0,88.9,50.0,1,2,0.0,0,4,0,76.5,91.3,0,17,0.0,0,9,8,100.0,9,135.4,9,60.0,2,63,27,3.4,7.9,7.0
Josh Oliver,47083,TE,BLT,13,15,-1.0,0,0.0,0.0,0,1,,0,0,0,,60.0,0,0,0.0,0,1,0,100.0,1,39.6,1,6.7,0,0,0,,,0.0,,0,,,0,0,,0,0,0,,,0,0,,0,0,0,,0,0.0,0,0.0,0,0,0,,,,20.0,0,0.0,,0,0,,0,0,0,,58.8,0,0,0.0,0,4,0,100.0,4,39.6,1,6.7,0,0,0,,,0.0,14.5,0,50.0,,0,0,0.0,0,1,0,64.7,84.6,0,19,0.0,0,8,1,100.0,8,83.3,2,13.3,0,19,1,1.0,19.0,2.38,2.6,0,100.0,,0,0,0.0,0,1,1,73.4,64.3,0,10,0.0,0,25,5,96.0,24,92.5,5,33.3,0,31,18,3.6,6.2,1.29,0,29.5,0,0.0,,0,0,,0,0,0,,57.0,0,0,0.0,0,2,0,100.0,2,39.6,2,13.3,0,0,0,,,0.0,3,,0,,,0,0,,0,0,0,,,0,0,0.0,0,2,0,50.0,1,0.0,0,0.0,0,0,0,,,0.0,39.0,0,0.0,,0,0,,0,0,0,,59.8,0,0,0.0,0,3,0,66.7,2,39.6,1,6.7,0,0,0,,,0.0,19.0,0,0.0,0.0,0,1,,0,0,0,,58.2,0,0,0.0,0,3,0,100.0,3,39.6,1,6.7,0,0,0,,,0.0,2.5,0,100.0,,0,0,0.0,0,1,0,68.3,89.4,0,9,0.0,0,9,2,100.0,9,87.5,2,13.3,0,10,5,2.5,5.0,1.11,16.0,0,33.3,0.0,0,1,0.0,0,1,0,64.7,81.2,0,19,0.0,0,3,1,100.0,3,56.3,3,20.0,0,19,1,1.0,19.0,6.33,0,-1.0,0,0.0,0.0,0,1,,0,0,0,,60.0,0,0,0.0,0,2,0,100.0,2,39.6,1,6.7,0,0,0,,,0.0,,,,0,,,0,0,,0,0,0,0,0,0.0,0,6,0,100.0,6,0.0,0,0.0,0,0,0,,,0.0,,0,,,0,0,,0,0,0,,,0,0,33.3,1,3,0,66.7,2,0.0,0,0.0,0,0,0,,,0.0,2.0,0,50.0,0.0,0,1,0.0,0,1,0,64.7,48.0,0,6,0.0,0,8,1,100.0,8,56.3,2,13.3,0,6,3,3.0,6.0,0.75,2.4,0,88.9,0.0,0,1,0.0,0,3,1,76.5,66.0,0,10,0.0,0,9,8,100.0,9,88.4,9,60.0,0,47,26,3.3,5.9,5.22
Dante Pettis,48113,WR,NYG,3,15,-4.0,0,100.0,,0,0,0.0,0,0,0,64.7,60.8,0,-4,0.0,0,1,1,100.0,1,79.2,1,6.7,0,-4,0,0.0,-4.0,-4.0,-4.0,0,100.0,,0,0,0.0,0,0,0,64.7,60.8,0,-4,0.0,0,5,1,100.0,5,79.2,1,6.7,0,-4,0,0.0,-4.0,-0.8,,0,,,0,0,,0,0,0,,,0,0,0.0,0,1,0,100.0,1,0.0,0,0.0,0,0,0,,,0.0,11.0,0,0.0,,0,0,,0,0,0,,59.9,0,0,0.0,0,3,0,100.0,3,39.6,1,6.7,0,0,0,,,0.0,6.0,0,100.0,100.0,1,1,0.0,0,3,0,72.1,90.6,0,27,0.0,0,18,4,94.4,17,118.8,4,26.7,0,51,27,6.8,12.8,3.0,0,,0,,,0,0,,0,0,0,,,0,0,,0,0,0,,0,0.0,0,0.0,0,0,0,,,,21,,0,,,0,0,,0,0,0,,,0,0,,0,0,0,,0,0.0,0,0.0,0,0,0,,,,,0,,,0,0,,0,0,0,,,0,0,,0,0,0,,0,0.0,0,0.0,0,0,0,,,,,0,,,0,0,,0,0,0,,,0,0,0.0,0,1,0,100.0,1,0.0,0,0.0,0,0,0,,,0.0,7.0,0,0.0,0.0,0,1,,0,0,0,,55.0,1,0,0.0,0,7,0,100.0,7,0.0,4,26.7,0,0,0,,,0.0,11.0,0,50.0,,0,0,0.0,0,0,0,64.7,60.1,0,14,0.0,0,2,1,100.0,2,72.9,2,13.3,0,14,3,3.0,14.0,7.0,0,,0,,,0,0,,0,0,0,,,0,0,,0,0,0,,0,0.0,0,0.0,0,0,0,,,,,,,0,,,0,0,,0,0,0,0,0,0.0,0,1,0,100.0,1,0.0,0,0.0,0,0,0,,,0.0,11.0,0,100.0,,0,0,0.0,0,0,0,64.7,61.1,0,14,0.0,0,7,1,85.7,6,118.8,1,6.7,0,14,3,3.0,14.0,2.33,4.8,0,100.0,100.0,1,1,0.0,0,2,0,72.1,83.0,0,10,0.0,0,13,4,100.0,13,133.3,4,26.7,1,26,7,1.8,6.5,2.0,5.9,0,66.7,66.7,2,3,0.0,0,5,0,76.5,89.9,1,27,0.0,0,12,8,100.0,12,77.4,12,80.0,1,77,34,4.3,9.6,6.42
Jalen Richard,11395,HB,LV,11,15,-3.7,0,83.3,0.0,0,1,0.0,0,1,0,73.4,75.5,0,8,0.0,0,6,5,100.0,6,79.2,6,40.0,0,14,34,6.8,2.8,2.33,-2.0,0,100.0,,0,0,0.0,0,0,0,64.7,65.3,0,3,0.0,0,2,1,100.0,2,79.2,1,6.7,0,3,5,5.0,3.0,1.5,,0,,,0,0,,0,0,0,,,0,0,25.0,1,4,0,50.0,2,0.0,0,0.0,0,0,0,,,0.0,,0,,,0,0,,0,0,0,,,0,0,20.0,3,15,0,80.0,12,0.0,0,0.0,0,0,0,,,0.0,2.0,3,80.0,,0,0,0.0,0,2,0,73.4,90.9,1,19,6.5,2,31,4,87.1,27,59.6,5,33.3,0,39,29,7.3,9.8,1.44,0,,0,,,0,0,,0,0,0,,59.9,0,0,0.0,0,1,0,0.0,0,0.0,0,0.0,0,0,0,,,,23,-3.3,0,66.7,0.0,0,1,0.0,0,1,0,68.3,80.3,0,8,0.0,0,3,2,100.0,3,74.3,3,20.0,0,12,20,10.0,6.0,4.0,,0,,,0,0,,0,0,0,,,0,0,0.0,0,6,0,66.7,4,0.0,0,0.0,0,0,0,,,0.0,,0,,,0,0,,0,0,0,,,0,0,0.0,0,6,0,100.0,6,0.0,0,0.0,0,0,0,,,0.0,2.0,0,100.0,,0,0,0.0,0,1,0,72.1,89.7,0,9,10.0,1,10,4,90.0,9,90.6,4,26.7,0,23,15,3.8,5.8,2.56,,0,,,0,0,,0,0,0,,,0,0,,0,0,0,,0,0.0,0,0.0,0,0,0,,,,0,-5.0,0,100.0,,0,0,0.0,0,0,0,68.3,63.8,0,4,0.0,0,3,2,100.0,3,79.2,2,13.3,0,-1,9,4.5,-0.5,-0.33,,59.9,,0,,,0,0,,0,0,0,0,0,0.0,0,10,0,50.0,5,0.0,0,0.0,0,0,0,,,0.0,,0,,,0,0,,0,0,0,,,0,0,33.3,2,6,0,33.3,2,0.0,0,0.0,0,0,0,,,0.0,,0,,,0,0,,0,0,0,,,0,0,22.2,2,9,0,77.8,7,0.0,0,0.0,0,0,0,,,0.0,2.0,3,88.9,,0,0,0.0,0,3,0,77.3,92.4,1,19,0.0,0,10,8,90.0,9,55.8,9,60.0,0,62,44,5.5,7.8,6.89
Kylen Granson,40630,TE,IND,16,15,-4.0,0,100.0,,0,0,0.0,0,0,0,64.7,60.5,0,0,0.0,0,1,1,100.0,1,79.2,1,6.7,0,0,4,4.0,0.0,0.0,-4.0,0,100.0,,0,0,0.0,0,0,0,64.7,60.5,0,0,9.1,1,11,1,90.9,10,79.2,1,6.7,0,0,4,4.0,0.0,0.0,,0,,,0,0,,0,0,0,,,0,0,0.0,0,2,0,100.0,2,0.0,0,0.0,0,0,0,,,0.0,,0,,,0,0,,0,0,0,,,0,0,14.3,1,7,0,71.4,5,0.0,0,0.0,0,0,0,,,0.0,3.3,3,70.0,0.0,0,2,0.0,0,3,0,75.6,91.8,0,27,0.0,0,28,7,100.0,28,94.6,10,66.7,0,82,60,8.6,11.7,2.93,0,20.0,0,0.0,,0,0,,0,0,0,,59.8,0,0,0.0,0,1,0,100.0,1,39.6,1,6.7,0,0,0,,,0.0,14,,0,,,0,0,,0,0,0,,,0,0,,0,0,0,,0,0.0,0,0.0,0,0,0,,,,,0,,,0,0,,0,0,0,,,0,0,0.0,0,3,0,100.0,3,0.0,0,0.0,0,0,0,,,0.0,,0,,,0,0,,0,0,0,,,0,0,16.7,1,6,0,83.3,5,0.0,0,0.0,0,0,0,,,0.0,5.0,0,100.0,,0,0,0.0,0,1,0,68.3,76.1,0,15,0.0,0,5,2,80.0,4,110.4,2,13.3,0,21,11,5.5,10.5,5.25,,0,,,0,0,,0,0,0,,,0,0,,0,0,0,,0,0.0,0,0.0,0,0,0,,,,0,,0,,,0,0,,0,0,0,,,0,0,0.0,0,1,0,100.0,1,0.0,0,0.0,0,0,0,,,0.0,,59.8,20.0,0,0.0,,0,0,,0,0,0,0,0,0.0,0,3,0,100.0,3,39.6,1,6.7,0,0,0,,,0.0,,0,,,0,0,,0,0,0,,,0,0,0.0,0,5,0,80.0,4,0.0,0,0.0,0,0,0,,,0.0,2.0,0,100.0,,0,0,0.0,0,0,0,64.7,62.6,0,3,0.0,0,9,1,100.0,9,79.2,1,6.7,0,3,1,1.0,3.0,0.33,3.5,3,76.9,0.0,0,2,0.0,0,4,0,78.0,91.8,0,27,0.0,0,13,10,100.0,13,100.2,13,86.7,0,106,72,7.2,10.6,8.15
Scotty Miller,47481,WR,TB,10,15,-2.0,0,100.0,,0,0,0.0,0,0,0,68.3,61.3,0,3,0.0,0,2,2,100.0,2,79.2,2,13.3,0,1,5,2.5,0.5,0.5,,0,,,0,0,,0,0,0,,,0,0,0.0,0,10,0,100.0,10,0.0,0,0.0,0,0,0,,,0.0,,0,,,0,0,,0,0,0,,,0,0,0.0,0,1,0,100.0,1,0.0,0,0.0,0,0,0,,,0.0,16.0,0,0.0,,0,0,,0,0,0,,60.0,0,0,0.0,0,12,0,100.0,12,39.6,1,6.7,0,0,0,,,0.0,5.5,0,100.0,,0,0,0.0,0,1,0,72.1,83.5,0,9,0.0,0,38,4,94.7,36,94.8,4,26.7,0,27,5,1.3,6.8,0.75,0,40.0,0,0.0,,0,0,,0,0,0,,57.4,1,0,0.0,0,2,0,50.0,1,0.0,1,6.7,0,0,0,,,0.0,30,-2.0,0,100.0,,0,0,0.0,0,0,0,64.7,60.8,0,-2,0.0,0,6,1,100.0,6,79.2,1,6.7,0,-2,0,0.0,-2.0,-0.33,,0,,,0,0,,0,0,0,,,0,0,0.0,0,8,0,87.5,7,0.0,0,0.0,0,0,0,,,0.0,15.7,0,100.0,100.0,1,1,0.0,0,3,0,70.5,85.4,0,19,0.0,0,9,3,100.0,9,118.8,3,20.0,0,48,1,0.3,16.0,5.33,6.0,0,100.0,,0,0,0.0,0,0,0,64.7,60.8,0,8,0.0,0,12,1,100.0,12,100.0,1,6.7,0,8,2,2.0,8.0,0.67,15.4,0,42.9,50.0,1,2,0.0,0,3,0,70.5,79.0,1,19,0.0,0,7,3,100.0,7,26.8,7,46.7,0,48,1,0.3,16.0,6.86,0,-2.0,0,100.0,,0,0,0.0,0,0,0,64.7,60.8,0,3,0.0,0,8,1,100.0,8,79.2,1,6.7,0,3,5,5.0,3.0,0.38,,57.4,40.0,0,0.0,,0,0,,0,0,0,1,0,0.0,0,7,0,85.7,6,0.0,1,6.7,0,0,0,,,0.0,15.0,0,0.0,0.0,0,1,,0,0,0,,57.7,1,0,0.0,0,13,0,100.0,13,0.0,3,20.0,0,0,0,,,0.0,,0,,,0,0,,0,0,0,,,0,0,0.0,0,7,0,100.0,7,0.0,0,0.0,0,0,0,,,0.0,5.6,0,100.0,,0,0,0.0,0,1,0,73.4,80.9,0,9,0.0,0,5,5,100.0,5,95.8,5,33.3,0,35,7,1.4,7.0,7.0
Tevin Coleman,9506,HB,NYJ,11,14,-4.6,0,100.0,,0,0,0.0,0,1,0,77.3,90.8,0,9,0.0,0,9,9,100.0,9,82.4,9,64.3,0,34,75,8.3,3.8,3.78,-4.5,0,100.0,,0,0,0.0,0,0,0,72.1,83.2,0,9,0.0,0,5,4,100.0,5,93.8,4,28.6,0,26,44,11.0,6.5,5.2,,0,,,0,0,,0,0,0,,,0,0,0.0,0,1,0,100.0,1,0.0,0,0.0,0,0,0,,,0.0,,0,,,0,0,,0,0,0,,,0,0,25.0,2,8,0,75.0,6,0.0,0,0.0,0,0,0,,,0.0,,0,,,0,0,,0,0,0,,,0,0,20.0,1,5,0,80.0,4,0.0,0,0.0,0,0,0,,,0.0,0,20.0,0,0.0,0.0,0,1,,0,0,0,,60.0,0,0,0.0,0,1,0,100.0,1,39.6,1,7.1,0,0,0,,,0.0,22,-4.0,0,100.0,,0,0,0.0,0,1,0,64.7,81.3,0,8,0.0,0,5,1,100.0,5,100.0,1,7.1,0,8,12,12.0,8.0,1.6,20.0,0,0.0,0.0,0,1,,0,0,0,,60.0,0,0,33.3,1,3,0,66.7,2,39.6,1,7.1,0,0,0,,,0.0,,0,,,0,0,,0,0,0,,,0,0,,0,0,0,,0,0.0,0,0.0,0,0,0,,,,0.5,0,100.0,,0,0,0.0,0,1,0,68.3,70.1,0,11,23.1,3,13,2,76.9,10,97.9,2,14.3,0,15,14,7.0,7.5,1.5,,0,,,0,0,,0,0,0,,,0,0,,0,0,0,,0,0.0,0,0.0,0,0,0,,,,0,-4.8,0,100.0,,0,0,0.0,0,0,0,72.1,83.0,0,8,0.0,0,7,4,100.0,7,79.2,4,28.6,0,0,19,4.8,0.0,0.0,,,,0,,,0,0,,0,0,0,0,0,50.0,2,4,0,50.0,2,0.0,0,0.0,0,0,0,,,0.0,,0,,,0,0,,0,0,0,,,0,0,0.0,0,1,0,100.0,1,0.0,0,0.0,0,0,0,,,0.0,2.5,0,0.0,,0,0,100.0,1,0,0,27.9,25.7,0,0,58.3,7,12,0,41.7,5,39.6,2,14.3,0,0,0,,,0.0,1.5,0,50.0,,0,0,33.3,1,1,0,29.9,44.1,0,11,0.0,0,4,2,100.0,4,59.4,4,28.6,0,15,14,7.0,7.5,3.75
Royce Freeman,45747,HB,HST,12,14,-4.0,1,60.0,,0,0,25.0,1,1,0,36.2,43.3,0,11,0.0,0,5,3,100.0,5,65.4,5,35.7,0,16,28,9.3,5.3,3.2,-3.0,0,50.0,,0,0,50.0,1,1,0,28.8,29.9,0,11,16.7,2,12,1,83.3,10,66.7,2,14.3,0,11,16,16.0,11.0,1.1,,0,,,0,0,,0,0,0,,,0,0,0.0,0,4,0,75.0,3,0.0,0,0.0,0,0,0,,,0.0,,0,,,0,0,,0,0,0,,,0,0,16.7,2,12,0,83.3,10,0.0,0,0.0,0,0,0,,,0.0,1.4,0,100.0,,0,0,0.0,0,2,0,73.4,82.4,0,12,11.8,4,34,5,82.4,28,103.3,5,35.7,0,44,37,7.4,8.8,1.57,0,,0,,,0,0,,0,0,0,,,0,0,,0,0,0,,0,0.0,0,0.0,0,0,0,,,,13,-4.0,0,50.0,,0,0,0.0,0,0,0,64.7,64.4,0,4,0.0,0,4,1,100.0,4,56.3,2,14.3,0,4,5,5.0,4.0,1.0,,0,,,0,0,,0,0,0,,,0,0,20.0,1,5,0,60.0,3,0.0,0,0.0,0,0,0,,,0.0,,0,,,0,0,,0,0,0,,,0,0,33.3,2,6,0,66.7,4,0.0,0,0.0,0,0,0,,,0.0,2.3,0,50.0,,0,0,0.0,0,1,0,68.3,67.8,0,11,7.7,1,13,2,92.3,12,61.5,4,28.6,0,17,11,5.5,8.5,1.42,,0,,,0,0,,0,0,0,,,0,0,,0,0,0,,0,0.0,0,0.0,0,0,0,,,,0,-6.0,1,100.0,,0,0,0.0,0,0,0,64.7,65.6,0,1,0.0,0,4,1,100.0,4,79.2,1,7.1,0,1,7,7.0,1.0,0.25,,,,0,,,0,0,,0,0,0,0,0,0.0,0,3,0,33.3,1,0.0,0,0.0,0,0,0,,,0.0,,0,,,0,0,,0,0,0,,,0,0,27.3,3,11,0,63.6,7,0.0,0,0.0,0,0,0,,,0.0,,0,,,0,0,,0,0,0,,,0,0,36.4,4,11,0,63.6,7,0.0,0,0.0,0,0,0,,,0.0,1.8,0,77.8,,0,0,0.0,0,3,0,75.6,80.0,0,12,0.0,0,10,7,90.0,9,94.9,9,64.3,0,61,48,6.9,8.7,6.78
Nick Vannett,10728,TE,NO,7,14,-4.7,1,66.7,0.0,0,1,33.3,1,2,0,29.9,81.2,0,30,0.0,0,3,2,100.0,3,109.7,3,21.4,0,40,49,24.5,20.0,13.33,-5.0,0,50.0,0.0,0,1,50.0,1,1,0,28.8,54.1,0,30,0.0,0,7,1,100.0,7,95.8,2,14.3,0,30,35,35.0,30.0,4.29,,0,,,0,0,,0,0,0,,,0,0,33.3,1,3,0,66.7,2,0.0,0,0.0,0,0,0,,,0.0,14.5,0,100.0,100.0,1,1,0.0,0,2,0,68.3,95.4,0,20,0.0,0,6,2,100.0,6,118.8,2,14.3,0,38,9,4.5,19.0,6.33,3.2,0,60.0,0.0,0,1,40.0,2,2,0,28.0,55.9,0,19,3.4,1,29,3,93.1,27,83.8,5,35.7,0,38,28,9.3,12.7,1.41,0,23.0,0,0.0,,0,0,100.0,1,0,0,27.9,39.9,0,0,0.0,0,1,0,100.0,1,39.6,1,7.1,0,0,0,,,0.0,20,,0,,,0,0,,0,0,0,,,0,0,25.0,1,4,0,75.0,3,0.0,0,0.0,0,0,0,,,0.0,,0,,,0,0,,0,0,0,,,0,0,33.3,1,3,0,66.7,2,0.0,0,0.0,0,0,0,,,0.0,,0,,,0,0,,0,0,0,,,0,0,40.0,2,5,0,60.0,3,0.0,0,0.0,0,0,0,,,0.0,1.0,0,100.0,,0,0,0.0,0,0,0,64.7,61.8,0,6,33.3,2,6,1,66.7,4,91.7,1,7.1,0,6,5,5.0,6.0,1.5,15.3,0,75.0,100.0,1,1,0.0,0,3,0,70.5,95.8,0,20,0.0,0,4,3,100.0,4,155.2,4,28.6,1,49,9,3.0,16.3,12.25,0,-4.0,1,100.0,,0,0,0.0,0,1,0,64.7,90.3,0,10,50.0,2,4,1,50.0,2,108.3,1,7.1,0,10,14,14.0,10.0,5.0,27.9,39.9,23.0,0,0.0,,0,0,100.0,1,0,0,0,0,33.3,1,3,0,66.7,2,39.6,1,7.1,0,0,0,,,0.0,16.0,0,50.0,,0,0,0.0,0,1,0,64.7,82.4,0,11,50.0,4,8,1,50.0,4,106.3,2,14.3,1,11,0,0.0,11.0,2.75,,0,,,0,0,,0,0,0,,,0,0,25.0,2,8,0,75.0,6,0.0,0,0.0,0,0,0,,,0.0,2.8,0,66.7,0.0,0,1,33.3,2,2,0,28.7,57.0,0,19,0.0,0,6,4,100.0,6,88.2,6,42.9,0,44,33,8.3,11.0,7.33
Noah Gray,60878,TE,KC,17,14,-2.0,0,50.0,,0,0,0.0,0,0,0,64.7,59.8,0,5,0.0,0,2,1,100.0,2,56.3,2,14.3,0,5,8,8.0,5.0,2.5,,0,,,0,0,,0,0,0,,,0,0,7.7,1,13,0,92.3,12,0.0,0,0.0,0,0,0,,,0.0,,0,,,0,0,,0,0,0,,,0,0,0.0,0,3,0,66.7,2,0.0,0,0.0,0,0,0,,,0.0,,0,,,0,0,,0,0,0,,,0,0,17.6,3,17,0,76.5,13,0.0,0,0.0,0,0,0,,,0.0,5.7,0,66.7,50.0,1,2,20.0,1,2,0,41.6,59.1,0,8,8.8,3,34,4,91.2,31,111.8,6,42.9,1,21,9,2.3,5.3,0.68,0,,0,,,0,0,,0,0,0,,,0,0,,0,0,0,,0,0.0,0,0.0,0,0,0,,,,16,-1.0,0,0.0,,0,0,,0,0,0,,59.7,0,0,12.5,1,8,0,87.5,7,39.6,1,7.1,0,0,0,,,0.0,,0,,,0,0,,0,0,0,,,0,0,0.0,0,3,0,100.0,3,0.0,0,0.0,0,0,0,,,0.0,,0,,,0,0,,0,0,0,,,0,0,9.1,1,11,0,72.7,8,0.0,0,0.0,0,0,0,,,0.0,3.0,0,66.7,,0,0,33.3,1,0,0,30.0,62.0,0,8,11.8,2,17,2,88.2,15,77.1,3,21.4,0,14,6,3.0,7.0,0.93,13.0,0,0.0,,0,0,100.0,1,0,0,27.9,28.8,0,0,0.0,0,1,0,100.0,1,39.6,1,7.1,0,0,0,,,0.0,0,-3.0,0,100.0,,0,0,0.0,0,0,0,64.7,61.8,0,5,0.0,0,8,1,100.0,8,87.5,1,7.1,0,5,8,8.0,5.0,0.63,,,,0,,,0,0,,0,0,0,0,0,10.0,1,10,0,90.0,9,0.0,0,0.0,0,0,0,,,0.0,13.0,0,0.0,,0,0,100.0,1,0,0,27.9,28.8,0,0,0.0,0,8,0,100.0,8,39.6,1,7.1,0,0,0,,,0.0,4.5,0,100.0,,0,0,0.0,0,1,0,68.3,76.0,0,6,14.3,2,14,2,85.7,12,87.5,2,14.3,0,10,1,0.5,5.0,0.83,4.7,0,72.7,50.0,1,2,20.0,2,3,0,35.7,68.5,0,8,0.0,0,11,8,100.0,11,110.0,11,78.6,1,45,16,2.0,5.6,4.09
Josh Gordon,7618,WR,KC,12,14,-1.0,0,100.0,,0,0,0.0,0,1,0,64.7,60.2,0,1,0.0,0,1,1,100.0,1,118.8,1,7.1,1,1,2,2.0,1.0,1.0,,0,,,0,0,,0,0,0,,,0,0,0.0,0,17,0,100.0,17,0.0,0,0.0,0,0,0,,,0.0,,0,,,0,0,,0,0,0,,,0,0,,0,0,0,,0,0.0,0,0.0,0,0,0,,,,16.0,0,0.0,0.0,0,1,,0,0,0,,59.3,0,0,0.0,0,6,0,83.3,5,39.6,1,7.1,0,0,0,,,0.0,,0,,,0,0,,0,0,0,,,0,0,0.0,0,25,0,96.0,24,0.0,0,0.0,0,0,0,,,0.0,0,24.7,0,0.0,0.0,0,2,,0,0,0,,56.8,1,0,0.0,0,4,0,75.0,3,0.0,3,21.4,0,0,0,,,0.0,16,,0,,,0,0,,0,0,0,,,0,0,0.0,0,14,0,100.0,14,0.0,0,0.0,0,0,0,,,0.0,24.0,0,0.0,0.0,0,1,,0,0,0,,57.0,1,0,0.0,0,8,0,75.0,6,0.0,2,14.3,0,0,0,,,0.0,,0,,,0,0,,0,0,0,,,0,0,0.0,0,5,0,100.0,5,0.0,0,0.0,0,0,0,,,0.0,4.5,0,50.0,100.0,1,1,50.0,1,1,0,28.8,43.1,0,5,0.0,0,15,1,100.0,15,56.3,2,14.3,0,5,0,0.0,5.0,0.33,14.8,0,25.0,0.0,0,2,50.0,1,1,0,28.9,58.1,0,11,0.0,0,4,1,100.0,4,39.6,4,28.6,0,11,0,0.0,11.0,2.75,0,-1.0,0,100.0,,0,0,0.0,0,1,0,64.7,60.2,0,1,0.0,0,5,1,100.0,5,118.8,1,7.1,1,1,2,2.0,1.0,0.2,,60.0,26.0,0,0.0,0.0,0,1,,0,0,0,0,0,0.0,0,7,0,100.0,7,39.6,1,7.1,0,0,0,,,0.0,14.3,0,33.3,0.0,0,1,50.0,1,1,0,28.9,59.0,0,11,0.0,0,6,1,100.0,6,45.1,3,21.4,0,11,0,0.0,11.0,1.83,6.0,0,50.0,100.0,1,1,0.0,0,0,0,68.3,59.9,1,8,0.0,0,10,2,100.0,10,19.8,4,28.6,0,15,3,1.5,7.5,1.5,5.5,0,50.0,100.0,2,2,25.0,1,1,0,36.2,49.3,1,8,0.0,0,6,3,100.0,6,18.1,6,42.9,0,20,3,1.0,6.7,3.33
Phillip Dorsett,9462,WR,HST,6,14,-3.0,0,100.0,,0,0,0.0,0,0,0,64.7,60.4,0,3,0.0,0,1,1,100.0,1,79.2,1,7.1,0,3,6,6.0,3.0,3.0,,0,,,0,0,,0,0,0,,,0,0,0.0,0,5,0,100.0,5,0.0,0,0.0,0,0,0,,,0.0,23.0,0,0.0,0.0,0,1,,0,0,0,,59.9,0,0,0.0,0,1,0,100.0,1,39.6,1,7.1,0,0,0,,,0.0,,0,,,0,0,,0,0,0,,,0,0,0.0,0,3,0,100.0,3,0.0,0,0.0,0,0,0,,,0.0,6.0,0,100.0,,0,0,0.0,0,0,0,68.3,76.4,0,10,0.0,0,18,2,94.4,17,106.3,2,14.3,0,19,7,3.5,9.5,1.12,0,29.4,0,40.0,50.0,1,2,0.0,0,2,0,68.3,92.9,0,36,0.0,0,5,2,100.0,5,87.5,5,35.7,0,69,14,7.0,34.5,13.8,13,-3.0,0,100.0,,0,0,0.0,0,0,0,64.7,60.4,0,3,0.0,0,2,1,100.0,2,79.2,1,7.1,0,3,6,6.0,3.0,1.5,21.0,0,100.0,,0,0,0.0,0,1,0,64.7,91.0,0,33,0.0,0,1,1,100.0,1,118.8,1,7.1,0,33,12,12.0,33.0,33.0,14.0,0,0.0,0.0,0,1,,0,0,0,,59.3,0,0,0.0,0,6,0,83.3,5,39.6,1,7.1,0,0,0,,,0.0,6.8,0,25.0,,0,0,0.0,0,1,0,64.7,48.6,0,7,0.0,0,9,1,100.0,9,39.6,4,28.6,0,7,1,1.0,7.0,0.78,14.0,0,0.0,0.0,0,1,,0,0,0,,59.3,0,0,0.0,0,1,0,100.0,1,39.6,1,7.1,0,0,0,,,0.0,0,,0,,,0,0,,0,0,0,,,0,0,0.0,0,3,0,100.0,3,0.0,0,0.0,0,0,0,,,0.0,64.7,86.3,34.3,0,33.3,100.0,1,1,0.0,0,1,0,0,36,0.0,0,6,1,83.3,5,79.9,3,21.4,0,36,2,2.0,36.0,7.2,,0,,,0,0,,0,0,0,,,0,0,0.0,0,1,0,100.0,1,0.0,0,0.0,0,0,0,,,0.0,8.0,0,100.0,,0,0,0.0,0,0,0,64.7,78.8,0,12,0.0,0,4,1,100.0,4,116.7,1,7.1,0,12,4,4.0,12.0,3.0,6.7,0,57.1,,0,0,0.0,0,1,0,72.1,72.4,0,12,0.0,0,7,4,100.0,7,72.3,7,50.0,0,38,12,3.0,9.5,5.43
James White,8765,HB,NE,3,14,-3.0,1,100.0,100.0,1,1,0.0,0,2,0,74.6,90.9,0,28,0.0,0,6,5,83.3,5,98.3,5,35.7,0,38,53,10.6,7.6,7.6,-4.3,1,100.0,,0,0,0.0,0,2,0,72.1,91.5,0,28,0.0,0,6,3,83.3,5,118.8,3,21.4,0,40,53,17.7,13.3,8.0,,0,,,0,0,,0,0,0,,,0,0,100.0,1,1,0,0.0,0,0.0,0,0.0,0,0,0,,,,,0,,,0,0,,0,0,0,,,0,0,0.0,0,1,0,100.0,1,0.0,0,0.0,0,0,0,,,0.0,3.3,0,100.0,100.0,1,1,0.0,0,2,0,72.1,90.0,0,8,10.0,1,10,4,90.0,9,87.5,4,28.6,0,20,7,1.8,5.0,2.22,0,22.0,0,0.0,,0,0,,0,0,0,,59.9,0,0,0.0,0,1,0,100.0,1,39.6,1,7.1,0,0,0,,,0.0,19,-1.0,0,100.0,100.0,1,1,0.0,0,0,0,64.7,65.2,0,-1,0.0,0,1,1,100.0,1,79.2,1,7.1,0,-1,0,0.0,-1.0,-1.0,22.0,0,0.0,,0,0,,0,0,0,,59.9,0,0,25.0,1,4,0,75.0,3,39.6,1,7.1,0,0,0,,,0.0,,0,,,0,0,,0,0,0,,,0,0,33.3,2,6,0,66.7,4,0.0,0,0.0,0,0,0,,,0.0,2.7,0,66.7,,0,0,0.0,0,0,0,68.3,61.5,0,6,37.5,3,8,2,62.5,5,71.5,3,21.4,0,10,5,2.5,5.0,2.0,19.0,0,100.0,,0,0,0.0,0,1,0,64.7,90.5,0,26,0.0,0,1,1,100.0,1,118.8,1,7.1,0,26,7,7.0,26.0,26.0,0,-1.0,0,100.0,,0,0,0.0,0,0,0,64.7,65.6,0,-1,50.0,1,2,1,50.0,1,79.2,1,7.1,0,-1,0,0.0,-1.0,-1.0,,,,0,,,0,0,,0,0,0,0,0,100.0,1,1,0,0.0,0,0.0,0,0.0,0,0,0,,,,19.0,0,100.0,,0,0,0.0,0,1,0,64.7,90.5,0,26,0.0,0,1,1,100.0,1,118.8,1,7.1,0,26,7,7.0,26.0,26.0,,0,,,0,0,,0,0,0,,,0,0,60.0,3,5,0,40.0,2,0.0,0,0.0,0,0,0,,,0.0,3.0,0,85.7,100.0,1,1,0.0,0,2,0,74.6,79.6,0,8,0.0,0,7,6,100.0,7,84.5,7,50.0,0,30,12,2.0,5.0,4.29
Drew Sample,47259,TE,CIN,19,14,-3.3,0,100.0,,0,0,0.0,0,0,0,72.1,67.0,0,8,0.0,0,4,4,100.0,4,83.3,4,28.6,0,16,29,7.3,4.0,4.0,-3.3,0,100.0,,0,0,0.0,0,0,0,72.1,67.0,0,8,21.7,5,23,4,78.3,18,83.3,4,28.6,0,16,29,7.3,4.0,0.89,,0,,,0,0,,0,0,0,,,0,0,50.0,2,4,0,50.0,2,0.0,0,0.0,0,0,0,,,0.0,,0,,,0,0,,0,0,0,,,0,0,50.0,6,12,0,50.0,6,0.0,0,0.0,0,0,0,,,0.0,3.8,1,60.0,50.0,1,2,25.0,1,2,0,36.2,76.7,0,19,15.0,6,40,3,80.0,32,81.3,5,35.7,0,35,28,9.3,11.7,1.09,0,,0,,,0,0,,0,0,0,,,0,0,,0,0,0,,0,0.0,0,0.0,0,0,0,,,,7,,0,,,0,0,,0,0,0,,,0,0,45.5,5,11,0,54.5,6,0.0,0,0.0,0,0,0,,,0.0,,0,,,0,0,,0,0,0,,,0,0,60.0,3,5,0,20.0,1,0.0,0,0.0,0,0,0,,,0.0,18.0,0,0.0,0.0,0,1,,0,0,0,,59.6,0,0,33.3,3,9,0,44.4,4,39.6,1,7.1,0,0,0,,,0.0,3.0,0,100.0,,0,0,0.0,0,0,0,64.7,61.8,0,6,20.0,3,15,1,80.0,12,91.7,1,7.1,0,6,3,3.0,6.0,0.5,18.0,0,0.0,0.0,0,1,,0,0,0,,59.6,0,0,0.0,0,1,0,100.0,1,39.6,1,7.1,0,0,0,,,0.0,0,,0,,,0,0,,0,0,0,,,0,0,50.0,1,2,0,50.0,1,0.0,0,0.0,0,0,0,,,0.0,,,,0,,,0,0,,0,0,0,0,0,0.0,0,11,0,90.9,10,0.0,0,0.0,0,0,0,,,0.0,,0,,,0,0,,0,0,0,,,0,0,57.1,4,7,0,28.6,2,0.0,0,0.0,0,0,0,,,0.0,1.0,0,100.0,,0,0,0.0,0,1,0,70.5,88.8,0,14,12.5,2,16,3,87.5,14,100.0,3,21.4,0,24,21,7.0,8.0,1.71,2.8,1,77.8,50.0,1,2,12.5,1,3,0,52.1,87.6,0,19,0.0,0,9,7,100.0,9,96.8,9,64.3,0,65,52,7.4,9.3,7.22
Latavius Murray,7962,HB,BLT,14,13,-3.5,0,75.0,,0,0,25.0,1,0,0,36.2,29.7,0,4,0.0,0,4,3,100.0,4,77.1,4,30.8,0,5,12,4.0,1.7,1.25,,0,,,0,0,,0,0,0,,,0,0,20.0,1,5,0,80.0,4,0.0,0,0.0,0,0,0,,,0.0,,0,,,0,0,,0,0,0,,,0,0,0.0,0,3,0,100.0,3,0.0,0,0.0,0,0,0,,,0.0,,0,,,0,0,,0,0,0,,,0,0,20.0,5,25,0,72.0,18,0.0,0,0.0,0,0,0,,,0.0,2.4,0,100.0,,0,0,0.0,0,2,0,73.4,93.0,0,18,25.6,10,39,5,74.4,29,114.2,5,38.5,0,57,45,9.0,11.4,1.97,0,,0,,,0,0,,0,0,0,,,0,0,,0,0,0,,0,0.0,0,0.0,0,0,0,,,,3,-3.0,0,100.0,,0,0,0.0,0,0,0,68.3,69.4,0,4,0.0,0,5,2,100.0,5,79.2,2,15.4,0,2,8,4.0,1.0,0.4,,0,,,0,0,,0,0,0,,,0,0,33.3,2,6,0,66.7,4,0.0,0,0.0,0,0,0,,,0.0,,0,,,0,0,,0,0,0,,,0,0,10.0,1,10,0,90.0,9,0.0,0,0.0,0,0,0,,,0.0,2.0,0,0.0,,0,0,100.0,1,0,0,27.9,25.9,0,0,25.0,4,16,0,75.0,12,39.6,1,7.7,0,0,0,,,0.0,,0,,,0,0,,0,0,0,,,0,0,,0,0,0,,0,0.0,0,0.0,0,0,0,,,,0,-4.0,0,50.0,,0,0,50.0,1,0,0,28.8,25.8,0,3,0.0,0,5,1,100.0,5,56.3,2,15.4,0,3,4,4.0,3.0,0.6,,,,0,,,0,0,,0,0,0,0,0,20.0,3,15,0,80.0,12,0.0,0,0.0,0,0,0,,,0.0,,0,,,0,0,,0,0,0,,,0,0,33.3,3,9,0,44.4,4,0.0,0,0.0,0,0,0,,,0.0,1.0,0,66.7,0.0,0,1,0.0,0,0,0,68.3,68.0,0,7,33.3,7,21,2,61.9,13,75.7,3,23.1,0,13,12,6.0,6.5,1.0,1.9,0,77.8,0.0,0,1,12.5,1,2,0,52.1,81.2,0,18,0.0,0,9,7,100.0,9,99.1,9,69.2,0,70,57,8.1,10.0,7.78
Juwann Winfree,38275,WR,GB,7,13,,0,,,0,0,,0,0,0,,,0,0,,0,0,0,,0,0.0,0,0.0,0,0,0,,,,,0,,,0,0,,0,0,0,,,0,0,0.0,0,11,0,100.0,11,0.0,0,0.0,0,0,0,,,0.0,,0,,,0,0,,0,0,0,,,0,0,0.0,0,1,0,100.0,1,0.0,0,0.0,0,0,0,,,0.0,,0,,,0,0,,0,0,0,,,0,0,0.0,0,4,0,100.0,4,0.0,0,0.0,0,0,0,,,0.0,6.5,0,50.0,0.0,0,1,0.0,0,1,0,64.7,76.4,0,12,0.0,0,17,1,94.1,16,68.8,2,15.4,0,12,7,7.0,12.0,0.75,0,,0,,,0,0,,0,0,0,,,0,0,,0,0,0,,0,0.0,0,0.0,0,0,0,,,,12,,0,,,0,0,,0,0,0,,,0,0,0.0,0,2,0,100.0,2,0.0,0,0.0,0,0,0,,,0.0,,0,,,0,0,,0,0,0,,,0,0,0.0,0,1,0,100.0,1,0.0,0,0.0,0,0,0,,,0.0,13.0,0,0.0,,0,0,,0,0,0,,59.7,0,0,0.0,0,3,0,100.0,3,39.6,1,7.7,0,0,0,,,0.0,3.7,1,83.3,,0,0,16.7,1,3,1,45.8,61.5,0,12,0.0,0,13,5,92.3,12,95.8,6,46.2,0,42,25,5.0,8.4,3.5,13.7,0,0.0,,0,0,,0,0,0,,57.5,0,0,0.0,0,3,0,100.0,3,39.6,3,23.1,0,0,0,,,0.0,0,,0,,,0,0,,0,0,0,,,0,0,0.0,0,2,0,100.0,2,0.0,0,0.0,0,0,0,,,0.0,,,,0,,,0,0,,0,0,0,0,0,0.0,0,1,0,100.0,1,0.0,0,0.0,0,0,0,,,0.0,14.0,0,0.0,,0,0,,0,0,0,,58.5,0,0,0.0,0,5,0,100.0,5,39.6,2,15.4,0,0,0,,,0.0,1.5,0,100.0,,0,0,0.0,0,1,1,68.3,47.8,0,2,0.0,0,8,2,100.0,8,79.2,2,15.4,0,4,1,0.5,2.0,0.5,3.8,1,80.0,0.0,0,1,11.1,1,5,2,54.5,62.1,0,12,0.0,0,10,8,100.0,10,90.8,10,76.9,0,58,33,4.1,7.3,5.8
Dax Milne,84147,WR,WAS,13,13,-2.0,0,100.0,,0,0,0.0,0,0,0,64.7,61.5,0,-2,0.0,0,1,1,100.0,1,79.2,1,7.7,0,-2,0,0.0,-2.0,-2.0,,0,,,0,0,,0,0,0,,,0,0,0.0,0,5,0,100.0,5,0.0,0,0.0,0,0,0,,,0.0,20.0,0,0.0,0.0,0,1,,0,0,0,,59.4,0,0,0.0,0,5,0,100.0,5,39.6,1,7.7,0,0,0,,,0.0,17.0,0,0.0,0.0,0,1,,0,0,0,,46.5,0,0,0.0,0,10,0,70.0,7,39.6,2,15.4,0,0,0,,,0.0,4.2,0,100.0,100.0,1,1,0.0,0,3,1,73.4,72.6,0,22,0.0,0,18,5,100.0,18,115.8,5,38.5,0,59,38,7.6,11.8,3.28,0,20.0,0,0.0,0.0,0,1,,0,0,0,,57.5,0,0,0.0,0,2,0,50.0,1,39.6,1,7.7,0,0,0,,,0.0,32,,0,,,0,0,,0,0,0,,,0,0,0.0,0,1,0,0.0,0,0.0,0,0.0,0,0,0,,,,,0,,,0,0,,0,0,0,,,0,0,0.0,0,3,0,100.0,3,0.0,0,0.0,0,0,0,,,0.0,,0,,,0,0,,0,0,0,,,0,0,0.0,0,1,0,100.0,1,0.0,0,0.0,0,0,0,,,0.0,,0,,,0,0,,0,0,0,,,0,0,0.0,0,3,0,100.0,3,0.0,0,0.0,0,0,0,,,0.0,16.0,0,33.3,0.0,0,1,0.0,0,1,0,64.7,64.1,0,15,0.0,0,3,1,100.0,3,50.7,3,23.1,0,15,1,1.0,15.0,5.0,0,-2.0,0,100.0,,0,0,0.0,0,0,0,64.7,61.5,0,-2,0.0,0,5,1,100.0,5,79.2,1,7.7,0,-2,0,0.0,-2.0,-0.4,,59.8,,0,,,0,0,,0,0,0,0,0,0.0,0,4,0,75.0,3,0.0,0,0.0,0,0,0,,,0.0,14.0,0,100.0,,0,0,0.0,0,1,0,64.7,78.5,0,15,0.0,0,3,1,100.0,3,118.8,1,7.7,0,15,1,1.0,15.0,5.0,4.7,0,66.7,0.0,0,1,0.0,0,0,0,68.3,76.0,0,6,0.0,0,15,2,86.7,13,72.9,3,23.1,0,11,0,0.0,5.5,0.85,4.4,0,87.5,50.0,1,2,0.0,0,3,1,75.6,78.4,0,22,0.0,0,8,7,100.0,8,103.1,8,61.5,0,70,38,5.4,10.0,8.75
Cyril Grayson,12077,WR,TB,5,13,-3.0,0,100.0,,0,0,0.0,0,0,0,64.7,61.1,0,7,0.0,0,1,1,100.0,1,95.8,1,7.7,0,7,10,10.0,7.0,7.0,,0,,,0,0,,0,0,0,,,0,0,0.0,0,4,0,100.0,4,0.0,0,0.0,0,0,0,,,0.0,,0,,,0,0,,0,0,0,,,0,0,0.0,0,1,0,100.0,1,0.0,0,0.0,0,0,0,,,0.0,,0,,,0,0,,0,0,0,,,0,0,0.0,0,7,0,100.0,7,0.0,0,0.0,0,0,0,,,0.0,3.7,0,100.0,,0,0,0.0,0,2,0,70.5,73.6,0,9,0.0,0,16,3,93.8,15,91.7,3,23.1,0,18,7,2.3,6.0,1.2,0,29.2,0,66.7,,0,0,0.0,0,4,0,72.1,95.0,0,62,0.0,0,6,4,100.0,6,149.3,6,46.2,2,165,45,11.3,41.3,27.5,30,,0,,,0,0,,0,0,0,,,0,0,0.0,0,1,0,100.0,1,0.0,0,0.0,0,0,0,,,0.0,22.0,0,0.0,,0,0,,0,0,0,,59.9,0,0,0.0,0,6,0,100.0,6,39.6,1,7.7,0,0,0,,,0.0,,0,,,0,0,,0,0,0,,,0,0,0.0,0,3,0,100.0,3,0.0,0,0.0,0,0,0,,,0.0,7.0,0,100.0,,0,0,0.0,0,1,0,64.7,78.5,0,12,0.0,0,10,1,100.0,10,116.7,1,7.7,0,12,5,5.0,12.0,1.2,10.0,0,50.0,0.0,0,1,0.0,0,1,0,64.7,76.9,0,10,0.0,0,2,1,100.0,2,64.6,2,15.4,0,10,0,0.0,10.0,5.0,0,-3.0,0,100.0,,0,0,0.0,0,0,0,64.7,61.1,0,7,0.0,0,2,1,100.0,2,95.8,1,7.7,0,7,10,10.0,7.0,3.5,72.1,95.5,30.6,0,80.0,,0,0,0.0,0,4,0,0,62,0.0,0,10,4,100.0,10,158.3,5,38.5,2,165,45,11.3,41.3,16.5,10.0,0,50.0,0.0,0,1,0.0,0,1,0,64.7,76.9,0,10,0.0,0,4,1,100.0,4,64.6,2,15.4,0,10,0,0.0,10.0,2.5,,0,,,0,0,,0,0,0,,,0,0,0.0,0,4,0,100.0,4,0.0,0,0.0,0,0,0,,,0.0,4.5,0,100.0,,0,0,0.0,0,3,0,72.1,82.4,0,12,0.0,0,4,4,100.0,4,97.9,4,30.8,0,30,12,3.0,7.5,7.5
Peyton Barber,10927,HB,LV,7,13,-3.7,2,100.0,,0,0,0.0,0,1,0,74.6,90.1,0,11,0.0,0,6,6,100.0,6,82.6,6,46.2,0,23,45,7.5,3.8,3.83,-3.3,0,100.0,,0,0,0.0,0,0,0,70.5,71.1,0,5,0.0,0,3,3,100.0,3,79.2,3,23.1,0,9,19,6.3,3.0,3.0,,0,,,0,0,,0,0,0,,,0,0,0.0,0,1,0,100.0,1,0.0,0,0.0,0,0,0,,,0.0,,0,,,0,0,,0,0,0,,,0,0,0.0,0,4,0,100.0,4,0.0,0,0.0,0,0,0,,,0.0,3.3,0,75.0,,0,0,0.0,0,2,0,70.5,89.6,0,23,20.0,2,10,3,80.0,8,108.3,4,30.8,0,42,30,10.0,14.0,5.25,0,20.0,0,0.0,,0,0,,0,0,0,,59.9,0,0,0.0,0,1,0,100.0,1,39.6,1,7.7,0,0,0,,,0.0,23,-5.5,0,100.0,,0,0,0.0,0,0,0,68.3,68.5,0,3,25.0,1,4,2,75.0,3,79.2,2,15.4,0,3,14,7.0,1.5,1.0,20.0,0,0.0,,0,0,,0,0,0,,59.9,0,0,0.0,0,4,0,100.0,4,39.6,1,7.7,0,0,0,,,0.0,,0,,,0,0,,0,0,0,,,0,0,100.0,1,1,0,0.0,0,0.0,0,0.0,0,0,0,,,,1.5,0,50.0,,0,0,50.0,1,0,0,28.8,27.4,0,2,0.0,0,5,1,100.0,5,56.3,2,15.4,0,2,0,0.0,2.0,0.4,,0,,,0,0,,0,0,0,,,0,0,,0,0,0,,0,0.0,0,0.0,0,0,0,,,,0,-1.0,2,100.0,,0,0,0.0,0,1,0,64.7,78.5,0,11,0.0,0,1,1,100.0,1,112.5,1,7.7,0,11,12,12.0,11.0,11.0,,,,0,,,0,0,,0,0,0,0,0,40.0,2,5,0,60.0,3,0.0,0,0.0,0,0,0,,,0.0,,0,,,0,0,,0,0,0,,,0,0,0.0,0,3,0,100.0,3,0.0,0,0.0,0,0,0,,,0.0,,0,,,0,0,,0,0,0,,,0,0,0.0,0,2,0,100.0,2,0.0,0,0.0,0,0,0,,,0.0,2.7,0,66.7,,0,0,20.0,1,2,0,41.6,56.2,0,23,0.0,0,6,4,100.0,6,88.2,6,46.2,0,44,30,7.5,11.0,7.33
Jacob Hollister,12051,TE,JAX,7,13,,0,,,0,0,,0,0,0,,,0,0,,0,0,0,,0,0.0,0,0.0,0,0,0,,,,,0,,,0,0,,0,0,0,,,0,0,0.0,0,6,0,83.3,5,0.0,0,0.0,0,0,0,,,0.0,,0,,,0,0,,0,0,0,,,0,0,0.0,0,2,0,100.0,2,0.0,0,0.0,0,0,0,,,0.0,10.0,0,0.0,0.0,0,1,100.0,1,0,0,27.9,34.3,1,0,20.0,1,5,0,60.0,3,0.0,1,7.7,0,0,0,,,0.0,3.8,0,100.0,100.0,1,1,0.0,0,1,0,72.1,77.1,0,11,4.8,1,21,4,95.2,20,100.0,4,30.8,0,32,17,4.3,8.0,1.6,0,,0,,,0,0,,0,0,0,,,0,0,,0,0,0,,0,0.0,0,0.0,0,0,0,,,,15,,0,,,0,0,,0,0,0,,,0,0,0.0,0,1,0,100.0,1,0.0,0,0.0,0,0,0,,,0.0,,0,,,0,0,,0,0,0,,,0,0,25.0,1,4,0,25.0,1,0.0,0,0.0,0,0,0,,,0.0,12.3,0,33.3,,0,0,0.0,0,1,0,64.7,77.1,0,1,18.2,2,11,1,72.7,8,81.9,3,23.1,1,1,0,0.0,1.0,0.13,2.0,1,100.0,,0,0,0.0,0,0,0,70.5,92.7,0,9,14.3,3,21,3,85.7,18,95.8,3,23.1,0,21,15,5.0,7.0,1.17,11.8,0,25.0,0.0,0,1,50.0,1,1,0,28.8,57.0,1,1,0.0,0,5,1,80.0,4,39.6,4,30.8,1,1,0,0.0,1.0,0.25,0,,0,,,0,0,,0,0,0,,,0,0,,0,0,0,,0,0.0,0,0.0,0,0,0,,,,,,,0,,,0,0,,0,0,0,0,0,,0,0,0,,0,0.0,0,0.0,0,0,0,,,,,0,,,0,0,,0,0,0,,,0,0,0.0,0,3,0,100.0,3,0.0,0,0.0,0,0,0,,,0.0,4.5,0,50.0,,0,0,0.0,0,0,0,64.7,60.4,1,1,17.6,3,17,1,82.4,14,16.7,2,15.4,0,1,0,0.0,1.0,0.07,3.3,1,88.9,100.0,1,1,0.0,0,1,0,76.5,89.8,1,11,0.0,0,9,8,100.0,9,52.1,9,69.2,0,54,32,4.0,6.8,6.0
Jaelon Darden,61522,WR,TB,10,12,-2.8,0,100.0,,0,0,0.0,0,0,0,72.1,62.1,0,8,0.0,0,4,4,100.0,4,79.2,4,33.3,0,10,21,5.3,2.5,2.5,-4.0,0,100.0,,0,0,0.0,0,0,0,64.7,61.0,0,8,0.0,0,4,1,100.0,4,100.0,1,8.3,0,8,12,12.0,8.0,2.0,,0,,,0,0,,0,0,0,,,0,0,,0,0,0,,0,0.0,0,0.0,0,0,0,,,,,0,,,0,0,,0,0,0,,,0,0,0.0,0,4,0,100.0,4,0.0,0,0.0,0,0,0,,,0.0,5.0,0,0.0,0.0,0,1,,0,0,0,,53.0,1,0,0.0,0,15,0,93.3,14,0.0,1,8.3,0,0,0,,,0.0,0,32.0,0,25.0,,0,0,0.0,0,1,0,64.7,71.4,0,29,0.0,0,4,1,100.0,4,57.3,4,33.3,0,29,4,4.0,29.0,7.25,30,-2.0,0,100.0,,0,0,0.0,0,0,0,64.7,60.7,0,3,0.0,0,4,1,100.0,4,79.2,1,8.3,0,3,5,5.0,3.0,0.75,34.3,0,0.0,,0,0,,0,0,0,,56.5,0,0,0.0,0,4,0,100.0,4,39.6,3,25.0,0,0,0,,,0.0,13.0,0,0.0,,0,0,,0,0,0,,59.7,0,0,0.0,0,2,0,100.0,2,39.6,1,8.3,0,0,0,,,0.0,,0,,,0,0,,0,0,0,,,0,0,0.0,0,3,0,100.0,3,0.0,0,0.0,0,0,0,,,0.0,11.5,0,0.0,,0,0,,0,0,0,,58.6,0,0,0.0,0,2,0,100.0,2,39.6,2,16.7,0,0,0,,,0.0,0,-2.5,0,100.0,,0,0,0.0,0,0,0,68.3,61.5,0,0,0.0,0,4,2,100.0,4,79.2,2,16.7,0,-1,4,2.0,-0.5,-0.25,64.7,78.1,25.0,0,100.0,,0,0,0.0,0,1,0,0,29,0.0,0,3,1,100.0,3,118.8,1,8.3,0,29,4,4.0,29.0,9.67,10.0,0,0.0,,0,0,,0,0,0,,59.9,0,0,0.0,0,4,0,100.0,4,39.6,1,8.3,0,0,0,,,0.0,5.0,0,100.0,,0,0,0.0,0,0,0,64.7,61.1,0,4,0.0,0,4,1,100.0,4,83.3,1,8.3,0,4,-1,-1.0,4.0,1.0,5.0,0,50.0,0.0,0,1,0.0,0,0,0,64.7,42.7,1,4,0.0,0,2,1,100.0,2,16.7,2,16.7,0,4,-1,-1.0,4.0,2.0
Penny Hart,13534,WR,SEA,16,12,-2.7,0,100.0,,0,0,0.0,0,1,0,72.1,84.4,0,14,0.0,0,4,3,75.0,3,94.4,3,25.0,0,20,28,9.3,6.7,6.67,-3.5,0,100.0,,0,0,0.0,0,1,0,68.3,90.5,0,14,0.0,0,9,2,88.9,8,110.4,2,16.7,0,21,28,14.0,10.5,2.63,,0,,,0,0,,0,0,0,,,0,0,0.0,0,1,0,100.0,1,0.0,0,0.0,0,0,0,,,0.0,,0,,,0,0,,0,0,0,,,0,0,0.0,0,2,0,100.0,2,0.0,0,0.0,0,0,0,,,0.0,6.0,0,66.7,,0,0,0.0,0,1,0,68.3,73.7,0,16,0.0,0,11,2,100.0,11,88.2,3,25.0,0,22,12,6.0,11.0,2.0,0,48.0,0,0.0,0.0,0,1,,0,0,0,,59.4,0,0,0.0,0,1,0,100.0,1,39.6,1,8.3,0,0,0,,,0.0,29,,0,,,0,0,,0,0,0,64.7,61.0,0,0,0.0,0,3,0,66.7,2,0.0,0,0.0,0,0,0,,,0.0,48.0,0,0.0,0.0,0,1,,0,0,0,,59.4,0,0,0.0,0,3,0,100.0,3,39.6,1,8.3,0,0,0,,,0.0,17.0,0,0.0,,0,0,,0,0,0,,59.8,0,0,0.0,0,4,0,100.0,4,39.6,1,8.3,0,0,0,,,0.0,5.0,0,100.0,,0,0,0.0,0,0,0,64.7,61.4,0,5,0.0,0,6,1,100.0,6,87.5,1,8.3,0,5,0,0.0,5.0,0.83,14.7,0,33.3,,0,0,0.0,0,1,0,64.7,76.3,0,12,0.0,0,3,1,100.0,3,46.5,3,25.0,0,12,0,0.0,12.0,4.0,0,-1.0,0,100.0,,0,0,0.0,0,0,0,64.7,61.1,0,-1,0.0,0,5,1,100.0,5,79.2,1,8.3,0,-1,0,0.0,-1.0,-0.2,,,,0,,,0,0,,0,0,0,0,0,0.0,0,2,0,100.0,2,0.0,0,0.0,0,0,0,,,0.0,13.5,0,50.0,,0,0,0.0,0,1,0,64.7,78.2,0,12,0.0,0,2,1,100.0,2,68.8,2,16.7,0,12,0,0.0,12.0,6.0,6.0,0,0.0,0.0,0,1,,0,0,0,,59.0,0,0,0.0,0,11,0,100.0,11,39.6,1,8.3,0,0,0,,,0.0,5.8,0,60.0,0.0,0,1,0.0,0,1,0,70.5,70.7,0,16,0.0,0,5,3,100.0,5,74.6,5,41.7,0,27,12,4.0,9.0,5.4
Alec Ingold,34934,FB,LV,9,12,-1.0,1,100.0,,0,0,0.0,0,1,0,64.7,80.3,0,7,0.0,0,1,1,100.0,1,95.8,1,8.3,0,7,8,8.0,7.0,7.0,-1.0,1,100.0,,0,0,0.0,0,1,0,64.7,80.3,0,7,0.0,0,4,1,100.0,4,95.8,1,8.3,0,7,8,8.0,7.0,1.75,,0,,,0,0,,0,0,0,,,0,0,0.0,0,4,0,75.0,3,0.0,0,0.0,0,0,0,,,0.0,,0,,,0,0,,0,0,0,,,0,0,25.0,1,4,0,75.0,3,0.0,0,0.0,0,0,0,,,0.0,1.3,0,100.0,,0,0,0.0,0,1,0,70.5,82.4,0,6,10.0,1,10,3,70.0,7,122.9,3,25.0,1,12,8,2.7,4.0,1.71,0,20.0,1,100.0,,0,0,0.0,0,1,0,64.7,90.5,0,29,0.0,0,1,1,100.0,1,118.8,1,8.3,0,29,9,9.0,29.0,29.0,23,,0,,,0,0,,0,0,0,,,0,0,0.0,0,2,0,100.0,2,0.0,0,0.0,0,0,0,,,0.0,20.0,1,100.0,,0,0,0.0,0,1,0,64.7,90.5,0,29,25.0,1,4,1,75.0,3,118.8,1,8.3,0,29,9,9.0,29.0,9.67,,0,,,0,0,,0,0,0,,,0,0,0.0,0,1,0,100.0,1,0.0,0,0.0,0,0,0,,,0.0,3.7,0,100.0,,0,0,0.0,0,1,0,70.5,85.7,0,15,0.0,0,8,3,100.0,8,106.9,3,25.0,0,29,18,6.0,9.7,3.63,18.0,0,0.0,0.0,0,1,,0,0,0,,60.0,0,0,0.0,0,1,0,100.0,1,39.6,1,8.3,0,0,0,,,0.0,0,,0,,,0,0,,0,0,0,,,0,0,0.0,0,2,0,100.0,2,0.0,0,0.0,0,0,0,,,0.0,,,,0,,,0,0,,0,0,0,0,0,0.0,0,2,0,50.0,1,0.0,0,0.0,0,0,0,,,0.0,18.0,0,0.0,0.0,0,1,,0,0,0,,60.0,0,0,0.0,0,1,0,100.0,1,39.6,1,8.3,0,0,0,,,0.0,1.3,0,66.7,,0,0,33.3,1,0,0,29.9,37.7,0,5,28.6,2,7,2,71.4,5,70.1,3,25.0,0,8,5,2.5,4.0,1.6,2.1,0,88.9,,0,0,11.1,1,2,0,54.5,74.9,0,15,0.0,0,9,8,100.0,9,126.4,9,75.0,1,49,31,3.9,6.1,5.44
Ty'Son Williams,38287,HB,BLT,8,12,-4.5,0,50.0,,0,0,0.0,0,0,0,64.7,64.1,0,2,0.0,0,2,1,100.0,2,56.3,2,16.7,0,2,8,8.0,2.0,1.0,,0,,,0,0,,0,0,0,,,0,0,0.0,0,1,0,0.0,0,0.0,0,0.0,0,0,0,,,,,0,,,0,0,,0,0,0,,,0,0,14.3,1,7,0,71.4,5,0.0,0,0.0,0,0,0,,,0.0,,0,,,0,0,,0,0,0,,,0,0,0.0,0,8,0,100.0,8,0.0,0,0.0,0,0,0,,,0.0,2.5,0,100.0,,0,0,0.0,0,1,0,70.5,83.3,0,8,13.3,2,15,2,80.0,12,97.9,2,16.7,0,15,10,5.0,7.5,1.25,0,,0,,,0,0,,0,0,0,,,0,0,,0,0,0,,0,0.0,0,0.0,0,0,0,,,,3,-4.5,0,50.0,,0,0,0.0,0,0,0,64.7,64.1,0,2,0.0,0,5,1,100.0,5,56.3,2,16.7,0,2,8,8.0,2.0,0.4,,0,,,0,0,,0,0,0,,,0,0,0.0,0,5,0,100.0,5,0.0,0,0.0,0,0,0,,,0.0,,0,,,0,0,,0,0,0,,,0,0,0.0,0,3,0,100.0,3,0.0,0,0.0,0,0,0,,,0.0,2.4,0,100.0,,0,0,0.0,0,2,0,73.4,81.7,0,21,22.2,2,9,5,77.8,7,111.7,5,41.7,0,54,42,8.4,10.8,7.71,18.0,0,0.0,0.0,0,1,,0,0,0,,60.0,0,0,0.0,0,1,0,100.0,1,39.6,1,8.3,0,0,0,,,0.0,0,,0,,,0,0,,0,0,0,,,0,0,0.0,0,2,0,100.0,2,0.0,0,0.0,0,0,0,,,0.0,,,,0,,,0,0,,0,0,0,0,0,14.3,1,7,0,85.7,6,0.0,0,0.0,0,0,0,,,0.0,18.0,0,0.0,0.0,0,1,,0,0,0,,60.0,0,0,0.0,0,2,0,100.0,2,39.6,1,8.3,0,0,0,,,0.0,0.5,0,50.0,,0,0,0.0,0,1,0,64.7,71.1,0,13,8.3,1,12,1,83.3,10,70.8,2,16.7,0,13,12,12.0,13.0,1.3,2.0,0,88.9,,0,0,0.0,0,4,0,77.3,90.1,0,21,0.0,0,10,8,90.0,9,104.6,9,75.0,0,82,64,8.0,10.3,9.11
Ronald Jones,34001,HB,TB,16,12,-2.6,2,87.5,,0,0,0.0,0,2,0,75.6,90.6,0,15,0.0,0,8,7,100.0,8,93.2,8,66.7,0,51,71,10.1,7.3,6.38,-3.8,0,100.0,,0,0,0.0,0,2,0,72.1,91.7,0,15,11.1,1,9,4,88.9,8,105.2,4,33.3,0,37,52,13.0,9.3,4.63,,0,,,0,0,,0,0,0,,,0,0,0.0,0,2,0,100.0,2,0.0,0,0.0,0,0,0,,,0.0,,0,,,0,0,,0,0,0,,,0,0,7.1,1,14,0,92.9,13,0.0,0,0.0,0,0,0,,,0.0,3.0,0,100.0,100.0,1,1,0.0,0,0,0,64.7,81.2,0,3,25.0,3,12,1,75.0,9,79.2,1,8.3,0,3,0,0.0,3.0,0.33,0,,0,,,0,0,,0,0,0,,,0,0,,0,0,0,,0,0.0,0,0.0,0,0,0,,,,30,-1.5,1,50.0,,0,0,0.0,0,0,0,64.7,63.8,0,3,0.0,0,7,1,100.0,7,56.3,2,16.7,0,3,5,5.0,3.0,0.43,,0,,,0,0,,0,0,0,,,0,0,0.0,0,4,0,100.0,4,0.0,0,0.0,0,0,0,,,0.0,,0,,,0,0,,0,0,0,,,0,0,50.0,1,2,0,50.0,1,0.0,0,0.0,0,0,0,,,0.0,2.5,0,100.0,100.0,1,1,0.0,0,0,0,68.3,69.6,0,9,6.7,1,15,2,86.7,13,87.5,2,16.7,0,10,5,2.5,5.0,0.77,,0,,,0,0,,0,0,0,,,0,0,,0,0,0,,0,0.0,0,0.0,0,0,0,,,,0,-1.5,1,100.0,,0,0,0.0,0,0,0,68.3,68.8,0,6,0.0,0,5,2,100.0,5,89.6,2,16.7,0,11,14,7.0,5.5,2.2,,,,0,,,0,0,,0,0,0,0,0,0.0,0,10,0,90.0,9,0.0,0,0.0,0,0,0,,,0.0,,0,,,0,0,,0,0,0,,,0,0,12.5,1,8,0,87.5,7,0.0,0,0.0,0,0,0,,,0.0,0.0,0,0.0,,0,0,100.0,1,0,0,28.8,27.3,0,0,0.0,0,8,0,87.5,7,39.6,1,8.3,0,0,0,,,0.0,2.0,0,75.0,100.0,2,2,25.0,1,0,0,41.6,56.1,0,9,0.0,0,5,3,80.0,4,78.1,4,33.3,0,13,5,1.7,4.3,3.25
Anthony Miller,48160,WR,PIT,3,12,-3.7,0,33.3,,0,0,0.0,0,0,0,68.3,72.8,0,3,0.0,0,4,1,75.0,3,42.4,3,25.0,0,3,6,6.0,3.0,1.0,-3.0,0,100.0,,0,0,0.0,0,0,0,64.7,61.0,0,3,0.0,0,2,1,100.0,2,79.2,1,8.3,0,3,6,6.0,3.0,1.5,37.0,0,0.0,,0,0,,0,0,0,,59.0,1,0,0.0,0,1,0,100.0,1,0.0,1,8.3,0,0,0,,,0.0,12.0,0,0.0,,0,0,,0,0,0,,59.8,1,0,0.0,0,5,0,100.0,5,0.0,1,8.3,0,0,0,,,0.0,4.8,1,80.0,0.0,0,1,0.0,0,2,0,72.1,81.4,0,10,0.0,0,18,4,100.0,18,120.4,5,41.7,1,17,5,1.3,4.3,0.94,0,37.0,0,0.0,,0,0,,0,0,0,,57.4,1,0,0.0,0,2,0,50.0,1,0.0,1,8.3,0,0,0,,,0.0,25,-4.0,0,0.0,,0,0,,0,0,0,,57.9,0,0,0.0,0,2,0,100.0,2,39.6,2,16.7,0,0,0,,,0.0,,0,,,0,0,,0,0,0,,,0,0,0.0,0,1,0,0.0,0,0.0,0,0.0,0,0,0,,,,,0,,,0,0,,0,0,0,,59.7,0,0,0.0,0,3,0,33.3,1,0.0,0,0.0,0,0,0,,,0.0,,0,,,0,0,,0,0,0,,,0,0,0.0,0,7,0,100.0,7,0.0,0,0.0,0,0,0,,,0.0,15.5,0,0.0,0.0,0,1,,0,0,0,,57.1,1,0,0.0,0,3,0,66.7,2,0.0,2,16.7,0,0,0,,,0.0,0,,0,,,0,0,,0,0,0,64.7,79.0,0,0,0.0,0,4,0,75.0,3,0.0,0,0.0,0,0,0,,,0.0,,59.9,,0,,,0,0,,0,0,0,0,0,0.0,0,4,0,75.0,3,0.0,0,0.0,0,0,0,,,0.0,19.0,0,0.0,0.0,0,1,,0,0,0,,59.8,0,0,0.0,0,2,0,100.0,2,39.6,1,8.3,0,0,0,,,0.0,5.0,0,100.0,,0,0,0.0,0,1,0,64.7,77.9,0,5,0.0,0,8,1,100.0,8,87.5,1,8.3,0,5,0,0.0,5.0,0.63,4.8,1,83.3,0.0,0,1,0.0,0,3,0,73.4,87.6,0,10,0.0,0,6,5,100.0,6,121.5,6,50.0,1,22,5,1.0,4.4,3.67
Blake Bell,9550,TE,KC,18,12,-2.3,1,100.0,,0,0,0.0,0,1,0,74.6,82.2,0,20,0.0,0,6,6,100.0,6,97.9,6,50.0,0,45,59,9.8,7.5,7.5,-3.0,1,100.0,,0,0,0.0,0,1,0,72.1,86.9,0,20,20.0,4,20,4,80.0,16,106.3,4,33.3,0,38,50,12.5,9.5,2.38,,0,,,0,0,,0,0,0,,,0,0,33.3,1,3,0,66.7,2,0.0,0,0.0,0,0,0,,,0.0,13.0,0,66.7,,0,0,33.3,1,2,0,36.2,89.3,0,24,24.0,6,25,2,72.0,18,106.3,3,25.0,0,35,9,4.5,17.5,1.94,2.0,0,50.0,100.0,1,1,0.0,0,0,0,64.7,61.0,0,4,10.0,2,20,1,90.0,18,56.3,2,16.7,0,4,0,0.0,4.0,0.22,0,,0,,,0,0,,0,0,0,,,0,0,,0,0,0,,0,0.0,0,0.0,0,0,0,,,,16,-1.0,0,100.0,,0,0,0.0,0,0,0,64.7,61.8,0,4,40.0,2,5,1,60.0,3,83.3,1,8.3,0,4,5,5.0,4.0,1.33,,0,,,0,0,,0,0,0,,,0,0,100.0,2,2,0,0.0,0,0.0,0,0.0,0,0,0,,,,,0,,,0,0,,0,0,0,,,0,0,44.4,4,9,0,55.6,5,0.0,0,0.0,0,0,0,,,0.0,0.0,0,100.0,,0,0,0.0,0,1,0,64.7,90.3,0,6,55.6,5,9,1,44.4,4,91.7,1,8.3,0,6,6,6.0,6.0,1.5,13.0,0,66.7,,0,0,33.3,1,2,0,36.2,89.3,0,24,0.0,0,4,2,75.0,3,106.3,3,25.0,0,35,9,4.5,17.5,11.67,0,-1.0,0,100.0,,0,0,0.0,0,0,0,64.7,61.2,0,3,0.0,0,8,1,87.5,7,79.2,1,8.3,0,3,4,4.0,3.0,0.43,,,,0,,,0,0,,0,0,0,0,0,50.0,2,4,0,25.0,1,0.0,0,0.0,0,0,0,,,0.0,,0,,,0,0,,0,0,0,,,0,0,0.0,0,4,0,100.0,4,0.0,0,0.0,0,0,0,,,0.0,,0,,,0,0,,0,0,0,,,0,0,30.8,4,13,0,69.2,9,0.0,0,0.0,0,0,0,,,0.0,1.3,0,66.7,100.0,1,1,0.0,0,1,0,68.3,88.7,0,6,0.0,0,3,2,100.0,3,71.5,3,25.0,0,10,6,3.0,5.0,3.33
Tommy Sweeney,47216,TE,BUF,13,12,,0,,,0,0,,0,0,0,,,0,0,,0,0,0,,0,0.0,0,0.0,0,0,0,,,,,0,,,0,0,,0,0,0,,,0,0,14.3,1,7,0,85.7,6,0.0,0,0.0,0,0,0,,,0.0,,0,,,0,0,,0,0,0,,,0,0,25.0,1,4,0,75.0,3,0.0,0,0.0,0,0,0,,,0.0,13.7,0,33.3,,0,0,50.0,1,1,0,28.8,52.7,1,13,16.7,3,18,1,72.2,13,8.3,3,25.0,0,13,1,1.0,13.0,1.0,3.8,0,100.0,,0,0,0.0,0,2,1,74.6,55.0,0,11,7.1,2,28,6,82.1,23,126.4,6,50.0,1,29,14,2.3,4.8,1.26,0,,0,,,0,0,,0,0,0,,,0,0,,0,0,0,,0,0.0,0,0.0,0,0,0,,,,4,,0,,,0,0,,0,0,0,,,0,0,0.0,0,8,0,100.0,8,0.0,0,0.0,0,0,0,,,0.0,,0,,,0,0,,0,0,0,,,0,0,33.3,2,6,0,66.7,4,0.0,0,0.0,0,0,0,,,0.0,16.0,0,0.0,0.0,0,1,,0,0,0,,60.0,0,0,28.6,2,7,0,71.4,5,39.6,1,8.3,0,0,0,,,0.0,,0,,,0,0,,0,0,0,,,0,0,0.0,0,9,0,88.9,8,0.0,0,0.0,0,0,0,,,0.0,14.3,0,25.0,0.0,0,1,50.0,1,1,0,28.8,52.8,1,13,0.0,0,5,1,80.0,4,1.0,4,33.3,0,13,1,1.0,13.0,3.25,0,,0,,,0,0,,0,0,0,,,0,0,16.7,1,6,0,83.3,5,0.0,0,0.0,0,0,0,,,0.0,,,,0,,,0,0,,0,0,0,0,0,80.0,4,5,0,20.0,1,0.0,0,0.0,0,0,0,,,0.0,,0,,,0,0,,0,0,0,,,0,0,16.7,1,6,0,83.3,5,0.0,0,0.0,0,0,0,,,0.0,0.5,0,100.0,,0,0,0.0,0,0,0,68.3,63.0,0,1,8.3,1,12,2,91.7,11,79.2,2,16.7,0,2,1,0.5,1.0,0.18,3.0,0,100.0,,0,0,0.0,0,2,1,76.5,57.6,0,11,0.0,0,8,8,100.0,8,122.4,8,66.7,1,31,15,1.9,3.9,3.88
Patrick Ricard,48862,FB,BLT,13,11,-3.0,0,50.0,,0,0,0.0,0,0,0,64.7,60.5,0,0,0.0,0,2,1,100.0,2,56.3,2,18.2,0,0,5,5.0,0.0,0.0,-1.0,0,0.0,,0,0,,0,0,0,,59.9,0,0,42.9,3,7,0,57.1,4,39.6,1,9.1,0,0,0,,,0.0,,0,,,0,0,,0,0,0,,,0,0,25.0,2,8,0,75.0,6,0.0,0,0.0,0,0,0,,,0.0,,0,,,0,0,,0,0,0,,,0,0,64.5,20,31,0,32.3,10,0.0,0,0.0,0,0,0,,,0.0,2.8,1,80.0,,0,0,0.0,0,1,0,72.1,90.4,0,9,15.8,6,38,4,84.2,32,90.0,5,45.5,0,28,16,4.0,7.0,0.88,0,,0,,,0,0,,0,0,0,,,0,0,,0,0,0,,0,0.0,0,0.0,0,0,0,,,,3,-5.0,0,100.0,,0,0,0.0,0,0,0,64.7,62.9,0,0,30.0,3,10,1,70.0,7,79.2,1,9.1,0,0,5,5.0,0.0,0.0,,0,,,0,0,,0,0,0,,,0,0,42.9,3,7,0,42.9,3,0.0,0,0.0,0,0,0,,,0.0,,0,,,0,0,,0,0,0,,,0,0,50.0,4,8,0,50.0,4,0.0,0,0.0,0,0,0,,,0.0,1.0,0,0.0,,0,0,,0,0,0,,59.6,1,0,27.3,6,22,0,72.7,16,0.0,1,9.1,0,0,0,,,0.0,,0,,,0,0,,0,0,0,,,0,0,,0,0,0,,0,0.0,0,0.0,0,0,0,,,,0,,0,,,0,0,,0,0,0,,,0,0,14.3,1,7,0,85.7,6,0.0,0,0.0,0,0,0,,,0.0,,,,0,,,0,0,,0,0,0,0,0,70.6,12,17,0,29.4,5,0.0,0,0.0,0,0,0,,,0.0,,0,,,0,0,,0,0,0,,,0,0,55.6,5,9,0,44.4,4,0.0,0,0.0,0,0,0,,,0.0,3.0,0,100.0,,0,0,0.0,0,2,0,70.5,92.1,0,22,27.8,5,18,3,72.2,13,154.9,3,27.3,1,35,26,8.7,11.7,2.69,2.7,1,77.8,,0,0,0.0,0,3,0,75.6,93.5,1,22,0.0,0,9,7,100.0,9,93.3,9,81.8,1,63,42,6.0,9.0,7.0
Pharoh Cooper,10751,WR,NYG,8,11,,0,,,0,0,,0,0,0,,,0,0,,0,0,0,,0,0.0,0,0.0,0,0,0,,,,,0,,,0,0,,0,0,0,,,0,0,0.0,0,11,0,100.0,11,0.0,0,0.0,0,0,0,,,0.0,,0,,,0,0,,0,0,0,,,0,0,0.0,0,1,0,100.0,1,0.0,0,0.0,0,0,0,,,0.0,13.0,0,100.0,100.0,1,1,0.0,0,1,0,64.7,79.1,0,15,0.0,0,5,1,100.0,5,118.8,1,9.1,0,15,2,2.0,15.0,3.0,6.7,0,28.6,33.3,2,6,0.0,0,0,0,68.3,66.7,1,6,0.0,0,27,2,96.3,26,0.0,7,63.6,0,12,2,1.0,6.0,0.46,0,,0,,,0,0,,0,0,0,,,0,0,,0,0,0,,0,0.0,0,0.0,0,0,0,,,,21,,0,,,0,0,,0,0,0,,,0,0,0.0,0,5,0,100.0,5,0.0,0,0.0,0,0,0,,,0.0,,0,,,0,0,,0,0,0,,,0,0,,0,0,0,,0,0.0,0,0.0,0,0,0,,,,,0,,,0,0,,0,0,0,,,0,0,0.0,0,1,0,100.0,1,0.0,0,0.0,0,0,0,,,0.0,4.7,0,33.3,,0,0,0.0,0,0,0,64.7,59.3,0,6,0.0,0,12,1,91.7,11,42.4,3,27.3,0,6,2,2.0,6.0,0.55,13.0,0,100.0,100.0,1,1,0.0,0,1,0,64.7,79.1,0,15,0.0,0,1,1,100.0,1,118.8,1,9.1,0,15,2,2.0,15.0,15.0,0,,0,,,0,0,,0,0,0,,,0,0,0.0,0,3,0,66.7,2,0.0,0,0.0,0,0,0,,,0.0,,,,0,,,0,0,,0,0,0,0,0,0.0,0,2,0,100.0,2,0.0,0,0.0,0,0,0,,,0.0,,0,,,0,0,,0,0,0,,,0,0,0.0,0,2,0,100.0,2,0.0,0,0.0,0,0,0,,,0.0,,0,,,0,0,,0,0,0,,,0,0,0.0,0,6,0,100.0,6,0.0,0,0.0,0,0,0,,,0.0,6.1,0,30.0,33.3,2,6,0.0,0,0,0,70.5,65.1,1,6,0.0,0,10,3,100.0,10,0.0,10,90.9,0,18,4,1.3,6.0,1.8
Eric Saubert,11929,TE,DEN,16,11,-1.0,0,100.0,,0,0,0.0,0,0,0,64.7,62.9,0,7,0.0,0,1,1,100.0,1,95.8,1,9.1,0,7,8,8.0,7.0,7.0,-1.0,0,100.0,,0,0,0.0,0,0,0,64.7,62.9,0,7,20.0,1,5,1,80.0,4,95.8,1,9.1,0,7,8,8.0,7.0,1.75,,0,,,0,0,,0,0,0,,,0,0,60.0,3,5,0,40.0,2,0.0,0,0.0,0,0,0,,,0.0,,0,,,0,0,,0,0,0,,,0,0,27.3,3,11,0,63.6,7,0.0,0,0.0,0,0,0,,,0.0,4.3,0,66.7,,0,0,20.0,1,1,0,45.8,59.7,1,11,0.0,0,15,4,93.3,14,38.2,6,54.5,0,29,10,2.5,7.3,2.07,0,,0,,,0,0,,0,0,0,,,0,0,,0,0,0,,0,0.0,0,0.0,0,0,0,,,,10,,0,,,0,0,,0,0,0,,,0,0,20.0,1,5,0,80.0,4,0.0,0,0.0,0,0,0,,,0.0,,0,,,0,0,,0,0,0,,,0,0,66.7,4,6,0,16.7,1,0.0,0,0.0,0,0,0,,,0.0,,0,,,0,0,,0,0,0,,,0,0,100.0,4,4,0,0.0,0,0.0,0,0.0,0,0,0,,,,,0,,,0,0,,0,0,0,64.7,90.6,0,0,58.3,7,12,0,33.3,4,0.0,0,0.0,0,0,0,,,0.0,,0,,,0,0,,0,0,0,,,0,0,,0,0,0,,0,0.0,0,0.0,0,0,0,,,,0,,0,,,0,0,,0,0,0,,,0,0,0.0,0,4,0,100.0,4,0.0,0,0.0,0,0,0,,,0.0,,,,0,,,0,0,,0,0,0,0,0,80.0,4,5,0,0.0,0,0.0,0,0.0,0,0,0,,,,,0,,,0,0,,0,0,0,,,0,0,28.6,2,7,0,71.4,5,0.0,0,0.0,0,0,0,,,0.0,4.5,0,75.0,,0,0,0.0,0,1,0,70.5,69.0,0,7,13.3,2,15,3,86.7,13,116.7,4,36.4,1,11,8,2.7,3.7,0.85,4.4,0,70.0,,0,0,12.5,1,2,0,56.7,76.5,1,11,0.0,0,12,7,83.3,10,70.8,10,90.9,1,40,18,2.6,5.7,4.0
Jaret Patterson,77745,HB,WAS,14,11,-3.2,0,83.3,,0,0,0.0,0,2,0,73.4,88.5,0,9,0.0,0,6,5,100.0,6,84.7,6,54.5,0,26,44,8.8,5.2,4.33,-2.0,0,75.0,,0,0,0.0,0,2,0,70.5,89.3,0,9,37.5,3,8,3,62.5,5,81.3,4,36.4,0,16,23,7.7,5.3,3.2,,0,,,0,0,,0,0,0,,,0,0,,0,0,0,,0,0.0,0,0.0,0,0,0,,,,,0,,,0,0,,0,0,0,,,0,0,20.0,1,5,0,60.0,3,0.0,0,0.0,0,0,0,,,0.0,2.5,0,100.0,,0,0,0.0,0,2,0,72.1,90.0,0,12,11.8,2,17,4,88.2,15,104.2,4,36.4,0,36,26,6.5,9.0,2.4,0,,0,,,0,0,,0,0,0,,,0,0,,0,0,0,,0,0.0,0,0.0,0,0,0,,,,32,-7.0,0,100.0,,0,0,0.0,0,0,0,64.7,65.1,0,5,0.0,0,1,1,100.0,1,87.5,1,9.1,0,5,12,12.0,5.0,5.0,,0,,,0,0,,0,0,0,,,0,0,0.0,0,4,0,100.0,4,0.0,0,0.0,0,0,0,,,0.0,,0,,,0,0,,0,0,0,,,0,0,50.0,1,2,0,50.0,1,0.0,0,0.0,0,0,0,,,0.0,1.0,0,100.0,,0,0,0.0,0,1,0,68.3,83.2,0,11,50.0,2,4,1,25.0,1,112.5,1,9.1,0,11,10,10.0,11.0,11.0,,0,,,0,0,,0,0,0,,,0,0,,0,0,0,,0,0.0,0,0.0,0,0,0,,,,0,-4.0,0,100.0,,0,0,0.0,0,0,0,64.7,65.2,0,5,0.0,0,2,1,100.0,2,87.5,1,9.1,0,5,9,9.0,5.0,2.5,,,,0,,,0,0,,0,0,0,0,0,0.0,0,2,0,100.0,2,0.0,0,0.0,0,0,0,,,0.0,,0,,,0,0,,0,0,0,,,0,0,40.0,2,5,0,40.0,2,0.0,0,0.0,0,0,0,,,0.0,,0,,,0,0,,0,0,0,,,0,0,14.3,1,7,0,85.7,6,0.0,0,0.0,0,0,0,,,0.0,2.2,0,100.0,,0,0,0.0,0,3,0,74.6,91.3,0,12,0.0,0,6,5,83.3,5,105.8,5,45.5,0,47,36,7.2,9.4,9.4
Mike Thomas,10840,WR,CIN,12,11,-1.0,0,0.0,0.0,0,1,,0,0,0,,58.9,0,0,0.0,0,1,0,100.0,1,39.6,1,9.1,0,0,0,,,0.0,-1.0,0,0.0,0.0,0,1,,0,0,0,,58.9,0,0,0.0,0,7,0,100.0,7,39.6,1,9.1,0,0,0,,,0.0,,0,,,0,0,,0,0,0,,,0,0,0.0,0,2,0,50.0,1,0.0,0,0.0,0,0,0,,,0.0,11.0,0,100.0,,0,0,0.0,0,1,0,64.7,78.5,0,19,0.0,0,4,1,100.0,4,118.8,1,9.1,0,19,8,8.0,19.0,4.75,5.3,0,66.7,50.0,1,2,0.0,0,1,0,68.3,73.3,0,12,0.0,0,17,2,94.1,16,74.3,3,27.3,0,12,3,1.5,6.0,0.75,0,24.5,0,0.0,,0,0,,0,0,0,,56.8,0,0,0.0,0,2,0,100.0,2,39.6,2,18.2,0,0,0,,,0.0,7,,0,,,0,0,,0,0,0,,,0,0,0.0,0,3,0,100.0,3,0.0,0,0.0,0,0,0,,,0.0,,0,,,0,0,,0,0,0,,,0,0,0.0,0,5,0,60.0,3,0.0,0,0.0,0,0,0,,,0.0,,0,,,0,0,,0,0,0,,,0,0,0.0,0,2,0,100.0,2,0.0,0,0.0,0,0,0,,,0.0,8.0,0,0.0,,0,0,,0,0,0,,59.7,0,0,16.7,1,6,0,83.3,5,39.6,1,9.1,0,0,0,,,0.0,14.0,0,100.0,,0,0,0.0,0,2,0,68.3,89.9,0,19,0.0,0,2,2,100.0,2,118.8,2,18.2,0,35,7,3.5,17.5,17.5,0,,0,,,0,0,,0,0,0,,,0,0,0.0,0,1,0,100.0,1,0.0,0,0.0,0,0,0,,,0.0,,56.8,24.5,0,0.0,,0,0,,0,0,0,0,0,0.0,0,5,0,100.0,5,39.6,2,18.2,0,0,0,,,0.0,17.0,0,100.0,,0,0,0.0,0,1,0,64.7,78.1,0,16,0.0,0,4,1,75.0,3,118.8,1,9.1,0,16,-1,-1.0,16.0,5.33,5.0,0,50.0,0.0,0,1,0.0,0,0,0,64.7,59.2,0,5,0.0,0,8,1,87.5,7,56.3,2,18.2,0,5,2,2.0,5.0,0.71,5.7,0,50.0,33.3,1,3,0.0,0,1,0,70.5,68.8,0,12,0.0,0,6,3,100.0,6,56.3,6,54.5,0,17,5,1.7,5.7,2.83
Elijhaa Penny,11300,FB,NYG,16,11,-5.3,3,100.0,,0,0,0.0,0,0,0,72.1,83.2,0,4,0.0,0,4,4,100.0,4,79.2,4,36.4,0,-2,19,4.8,-0.5,-0.5,-8.0,0,100.0,,0,0,0.0,0,0,0,64.7,65.2,0,-7,20.0,1,5,1,80.0,4,79.2,1,9.1,0,-7,1,1.0,-7.0,-1.75,,0,,,0,0,,0,0,0,,,0,0,0.0,0,1,0,0.0,0,0.0,0,0.0,0,0,0,,,,,0,,,0,0,,0,0,0,,,0,0,50.0,1,2,0,50.0,1,0.0,0,0.0,0,0,0,,,0.0,1.7,0,100.0,,0,0,0.0,0,3,0,70.5,89.8,0,16,0.0,0,13,3,100.0,13,105.6,3,27.3,0,28,23,7.7,9.3,2.15,0,,0,,,0,0,,0,0,0,,,0,0,,0,0,0,,0,0.0,0,0.0,0,0,0,,,,21,-5.5,3,100.0,,0,0,0.0,0,0,0,68.3,83.4,0,4,0.0,0,2,2,100.0,2,79.2,2,18.2,0,6,17,8.5,3.0,3.0,,0,,,0,0,,0,0,0,,,0,0,100.0,1,1,0,0.0,0,0.0,0,0.0,0,0,0,,,,,0,,,0,0,,0,0,0,,,0,0,33.3,1,3,0,66.7,2,0.0,0,0.0,0,0,0,,,0.0,1.5,0,0.0,,0,0,,0,0,0,,58.4,0,0,40.0,2,5,0,60.0,3,39.6,2,18.2,0,0,0,,,0.0,,0,,,0,0,,0,0,0,,,0,0,,0,0,0,,0,0.0,0,0.0,0,0,0,,,,0,-2.0,0,100.0,,0,0,0.0,0,0,0,64.7,65.2,0,-1,25.0,1,4,1,75.0,3,79.2,1,9.1,0,-1,1,1.0,-1.0,-0.33,,,,0,,,0,0,,0,0,0,0,0,0.0,0,1,0,100.0,1,0.0,0,0.0,0,0,0,,,0.0,,0,,,0,0,,0,0,0,,,0,0,60.0,3,5,0,40.0,2,0.0,0,0.0,0,0,0,,,0.0,2.0,0,100.0,100.0,1,1,0.0,0,1,0,68.3,83.4,0,3,25.0,2,8,2,75.0,6,118.8,2,18.2,1,4,1,0.5,2.0,0.67,1.7,0,71.4,100.0,1,1,0.0,0,4,0,73.4,90.6,0,16,0.0,0,7,5,100.0,7,120.2,7,63.6,1,32,24,4.8,6.4,4.57
Luke Farrell,42353,TE,JAX,14,10,-2.0,0,100.0,,0,0,0.0,0,1,0,64.7,90.5,0,3,0.0,0,1,1,100.0,1,79.2,1,10.0,0,3,5,5.0,3.0,3.0,,0,,,0,0,,0,0,0,,,0,0,0.0,0,7,0,85.7,6,0.0,0,0.0,0,0,0,,,0.0,,0,,,0,0,,0,0,0,,,0,0,25.0,1,4,0,75.0,3,0.0,0,0.0,0,0,0,,,0.0,14.0,0,0.0,,0,0,100.0,1,0,0,27.9,40.7,0,0,30.0,3,10,0,60.0,6,39.6,1,10.0,0,0,0,,,0.0,4.5,0,100.0,,0,0,0.0,0,0,0,29.9,40.0,0,7,10.5,2,19,2,78.9,15,93.8,2,20.0,0,13,4,2.0,6.5,0.87,0,20.0,0,0.0,,0,0,,0,0,0,,60.0,1,0,0.0,0,1,0,100.0,1,0.0,1,10.0,0,0,0,,,0.0,15,-2.0,0,100.0,,0,0,0.0,0,1,0,64.7,90.5,0,3,33.3,1,3,1,66.7,2,79.2,1,10.0,0,3,5,5.0,3.0,1.5,20.0,0,0.0,,0,0,,0,0,0,,60.0,1,0,0.0,0,8,0,87.5,7,0.0,1,10.0,0,0,0,,,0.0,13.0,0,100.0,,0,0,0.0,0,1,0,64.7,90.4,0,21,0.0,0,6,1,100.0,6,118.8,1,10.0,0,21,8,8.0,21.0,3.5,2.0,0,100.0,,0,0,0.0,0,1,0,68.3,89.4,0,13,7.7,1,13,2,84.6,11,108.3,2,20.0,0,20,16,8.0,10.0,1.82,13.5,0,50.0,,0,0,50.0,1,1,0,28.8,55.9,0,21,0.0,0,3,1,66.7,2,87.5,2,20.0,0,21,8,8.0,21.0,10.5,0,,0,,,0,0,,0,0,0,,,0,0,16.7,1,6,0,83.3,5,0.0,0,0.0,0,0,0,,,0.0,,,,0,,,0,0,,0,0,0,0,0,0.0,0,6,0,83.3,5,0.0,0,0.0,0,0,0,,,0.0,,0,,,0,0,,0,0,0,,59.9,0,0,0.0,0,7,0,85.7,6,0.0,0,0.0,0,0,0,,,0.0,4.0,0,50.0,,0,0,0.0,0,0,1,64.7,24.8,0,-1,37.5,6,16,1,62.5,10,56.3,2,20.0,0,-1,-4,-4.0,-1.0,-0.1,3.5,0,83.3,,0,0,0.0,0,1,1,45.8,31.2,0,13,0.0,0,7,5,85.7,6,88.9,6,60.0,0,32,16,3.2,6.4,5.33
Tom Kennedy,94379,WR,DET,11,10,,0,,,0,0,,0,0,0,,,0,0,,0,0,0,,0,0.0,0,0.0,0,0,0,,,,,0,,,0,0,,0,0,0,,,0,0,0.0,0,5,0,80.0,4,0.0,0,0.0,0,0,0,,,0.0,,0,,,0,0,,0,0,0,,,0,0,0.0,0,1,0,100.0,1,0.0,0,0.0,0,0,0,,,0.0,11.0,0,100.0,,0,0,0.0,0,0,0,64.7,61.4,0,11,0.0,0,8,1,87.5,7,112.5,1,10.0,0,11,0,0.0,11.0,1.57,5.1,3,62.5,0.0,0,1,0.0,0,2,0,74.6,83.5,1,15,0.0,0,35,5,97.1,34,37.0,8,80.0,0,43,17,3.4,8.6,1.26,0,27.0,0,0.0,,0,0,,0,0,0,,59.3,0,0,0.0,0,1,0,100.0,1,39.6,1,10.0,0,0,0,,,0.0,11,,0,,,0,0,,0,0,0,,,0,0,0.0,0,1,0,100.0,1,0.0,0,0.0,0,0,0,,,0.0,27.0,0,0.0,,0,0,,0,0,0,,59.3,0,0,0.0,0,5,0,100.0,5,39.6,1,10.0,0,0,0,,,0.0,,0,,,0,0,,0,0,0,,,0,0,0.0,0,3,0,100.0,3,0.0,0,0.0,0,0,0,,,0.0,,0,,,0,0,,0,0,0,,,0,0,0.0,0,9,0,100.0,9,0.0,0,0.0,0,0,0,,,0.0,11.0,0,100.0,,0,0,0.0,0,0,0,64.7,61.4,0,11,0.0,0,1,1,100.0,1,112.5,1,10.0,0,11,0,0.0,11.0,11.0,0,,0,,,0,0,,0,0,0,,,0,0,0.0,0,3,0,100.0,3,0.0,0,0.0,0,0,0,,,0.0,,,,0,,,0,0,,0,0,0,0,0,0.0,0,4,0,75.0,3,0.0,0,0.0,0,0,0,,,0.0,,0,,,0,0,,0,0,0,,,0,0,0.0,0,2,0,100.0,2,0.0,0,0.0,0,0,0,,,0.0,,0,,,0,0,,0,0,0,,,0,0,0.0,0,9,0,100.0,9,0.0,0,0.0,0,0,0,,,0.0,5.1,3,62.5,0.0,0,1,0.0,0,2,0,74.6,83.5,1,15,0.0,0,9,5,88.9,8,37.0,8,80.0,0,43,17,3.4,8.6,5.38
Lee Smith,6311,TE,ATL,16,10,-1.0,0,100.0,,0,0,0.0,0,0,0,64.7,63.1,0,3,0.0,0,1,1,100.0,1,79.2,1,10.0,0,3,4,4.0,3.0,3.0,-1.0,0,100.0,,0,0,0.0,0,0,0,64.7,63.1,0,3,50.0,3,6,1,50.0,3,79.2,1,10.0,0,3,4,4.0,3.0,1.0,,0,,,0,0,,0,0,0,,,0,0,100.0,5,5,0,0.0,0,0.0,0,0.0,0,0,0,,,,10.0,0,100.0,,0,0,0.0,0,1,0,64.7,90.3,0,22,73.7,14,19,1,26.3,5,118.8,1,10.0,0,22,12,12.0,22.0,4.4,4.4,0,100.0,,0,0,0.0,0,2,0,73.4,93.1,0,12,47.6,10,21,5,52.4,11,132.9,5,50.0,1,32,15,3.0,6.4,2.91,0,,0,,,0,0,,0,0,0,,,0,0,,0,0,0,,0,0.0,0,0.0,0,0,0,,,,2,,0,,,0,0,,0,0,0,,,0,0,100.0,4,4,0,0.0,0,0.0,0,0.0,0,0,0,,,,,0,,,0,0,,0,0,0,,,0,0,66.7,2,3,0,0.0,0,0.0,0,0.0,0,0,0,,,,,0,,,0,0,,0,0,0,,,0,0,50.0,2,4,0,25.0,1,0.0,0,0.0,0,0,0,,,0.0,,0,,,0,0,,0,0,0,,,0,0,60.0,3,5,0,40.0,2,0.0,0,0.0,0,0,0,,,0.0,10.0,0,50.0,0.0,0,1,0.0,0,1,0,64.7,89.0,0,22,0.0,0,2,1,100.0,2,89.6,2,20.0,0,22,12,12.0,22.0,11.0,0,,0,,,0,0,,0,0,0,,,0,0,81.8,9,11,0,18.2,2,0.0,0,0.0,0,0,0,,,0.0,,,,0,,,0,0,,0,0,0,0,0,55.6,5,9,0,44.4,4,0.0,0,0.0,0,0,0,,,0.0,10.0,0,0.0,0.0,0,1,,0,0,0,,57.8,0,0,50.0,1,2,0,50.0,1,39.6,1,10.0,0,0,0,,,0.0,3.5,0,100.0,,0,0,0.0,0,0,0,68.3,63.6,0,5,33.3,3,9,2,66.7,6,83.3,2,20.0,0,8,1,0.5,4.0,1.33,4.1,0,100.0,,0,0,0.0,0,2,0,75.6,92.0,0,12,0.0,0,7,7,100.0,7,130.1,7,70.0,1,40,16,2.3,5.7,5.71
Keith Smith,9302,FB,ATL,16,10,-1.7,2,100.0,,0,0,0.0,0,1,0,70.5,83.3,0,10,0.0,0,3,3,100.0,3,93.1,3,30.0,0,19,24,8.0,6.3,6.33,-3.0,1,100.0,,0,0,0.0,0,0,0,64.7,65.7,0,3,33.3,2,6,1,66.7,4,79.2,1,10.0,0,3,6,6.0,3.0,0.75,,0,,,0,0,,0,0,0,,,0,0,100.0,2,2,0,0.0,0,0.0,0,0.0,0,0,0,,,,,0,,,0,0,,0,0,0,,,0,0,36.4,4,11,0,63.6,7,0.0,0,0.0,0,0,0,,,0.0,6.0,0,100.0,,0,0,0.0,0,1,0,68.3,81.8,0,9,21.4,3,14,2,71.4,10,97.9,2,20.0,0,15,3,1.5,7.5,1.5,0,,0,,,0,0,,0,0,0,,,0,0,,0,0,0,,0,0.0,0,0.0,0,0,0,,,,2,-1.0,1,100.0,,0,0,0.0,0,1,0,64.7,81.2,0,10,66.7,4,6,1,33.3,2,108.3,1,10.0,0,10,11,11.0,10.0,5.0,,0,,,0,0,,0,0,0,,,0,0,50.0,1,2,0,50.0,1,0.0,0,0.0,0,0,0,,,0.0,,0,,,0,0,,0,0,0,,,0,0,40.0,2,5,0,60.0,3,0.0,0,0.0,0,0,0,,,0.0,2.3,0,75.0,,0,0,25.0,1,1,0,36.2,66.5,0,11,33.3,3,9,3,66.7,6,85.4,4,40.0,0,20,14,4.7,6.7,3.33,,0,,,0,0,,0,0,0,,,0,0,,0,0,0,,0,0.0,0,0.0,0,0,0,,,,0,-1.0,0,100.0,,0,0,0.0,0,0,0,64.7,65.7,0,6,37.5,3,8,1,62.5,5,91.7,1,10.0,0,6,7,7.0,6.0,1.2,,,,0,,,0,0,,0,0,0,0,0,0.0,0,6,0,83.3,5,0.0,0,0.0,0,0,0,,,0.0,,0,,,0,0,,0,0,0,,,0,0,80.0,4,5,0,20.0,1,0.0,0,0.0,0,0,0,,,0.0,2.0,0,100.0,,0,0,0.0,0,0,0,64.7,62.6,0,2,45.5,5,11,1,54.5,6,79.2,1,10.0,0,2,0,0.0,2.0,0.33,3.3,0,85.7,,0,0,14.3,1,2,0,49.2,80.7,0,11,0.0,0,7,6,100.0,7,88.7,7,70.0,0,37,17,2.8,6.2,5.29
K.J. Hamler,61590,WR,DEN,3,10,,0,,,0,0,,0,0,0,,,0,0,,0,0,0,,0,0.0,0,0.0,0,0,0,,,,,0,,,0,0,,0,0,0,,,0,0,0.0,0,1,0,100.0,1,0.0,0,0.0,0,0,0,,,0.0,36.5,0,0.0,,0,0,100.0,1,0,0,27.9,39.0,0,0,0.0,0,4,0,75.0,3,39.6,2,20.0,0,0,0,,,0.0,,0,,,0,0,,0,0,0,,,0,0,0.0,0,3,0,100.0,3,0.0,0,0.0,0,0,0,,,0.0,6.7,0,100.0,,0,0,0.0,0,2,0,70.5,92.0,0,10,0.0,0,10,3,100.0,10,100.0,3,30.0,0,24,4,1.3,8.0,2.4,0,26.7,0,16.7,0.0,0,2,50.0,1,1,0,28.8,56.2,0,22,0.0,0,6,1,100.0,6,42.4,6,60.0,0,22,0,0.0,22.0,3.67,10,,0,,,0,0,,0,0,0,,,0,0,0.0,0,1,0,100.0,1,0.0,0,0.0,0,0,0,,,0.0,21.7,0,0.0,0.0,0,2,,0,0,0,,56.5,0,0,0.0,0,6,0,100.0,6,39.6,3,30.0,0,0,0,,,0.0,,0,,,0,0,,0,0,0,,,0,0,0.0,0,2,0,100.0,2,0.0,0,0.0,0,0,0,,,0.0,,0,,,0,0,,0,0,0,,,0,0,0.0,0,9,0,100.0,9,0.0,0,0.0,0,0,0,,,0.0,16.0,0,100.0,,0,0,0.0,0,1,0,64.7,90.7,0,28,0.0,0,1,1,100.0,1,118.8,1,10.0,0,28,12,12.0,28.0,28.0,0,,0,,,0,0,,0,0,0,,,0,0,0.0,0,2,0,100.0,2,0.0,0,0.0,0,0,0,,,0.0,64.7,79.3,22.0,0,100.0,,0,0,0.0,0,1,0,0,22,0.0,0,4,1,100.0,4,118.8,1,10.0,0,22,0,0.0,22.0,5.5,16.0,0,100.0,,0,0,0.0,0,1,0,64.7,90.7,0,28,0.0,0,3,1,100.0,3,118.8,1,10.0,0,28,12,12.0,28.0,9.33,,0,,,0,0,,0,0,0,,,0,0,0.0,0,8,0,100.0,8,0.0,0,0.0,0,0,0,,,0.0,6.7,0,100.0,,0,0,0.0,0,2,0,70.5,92.0,0,10,0.0,0,3,3,100.0,3,100.0,3,30.0,0,24,4,1.3,8.0,8.0
D'Onta Foreman,11844,HB,TEN,10,10,-3.7,1,83.3,,0,0,16.7,1,2,0,45.8,69.7,0,39,0.0,0,6,5,100.0,6,115.3,6,60.0,0,70,89,17.8,14.0,11.67,-3.7,0,66.7,,0,0,33.3,1,2,0,29.9,57.8,0,39,10.0,1,10,2,90.0,9,109.7,3,30.0,0,54,62,31.0,27.0,6.0,,0,,,0,0,,0,0,0,,,0,0,50.0,1,2,0,50.0,1,0.0,0,0.0,0,0,0,,,0.0,,0,,,0,0,,0,0,0,,,0,0,18.2,2,11,0,81.8,9,0.0,0,0.0,0,0,0,,,0.0,3.0,1,100.0,,0,0,0.0,0,2,0,68.3,93.2,0,11,9.1,1,11,2,90.9,10,108.3,2,20.0,0,20,14,7.0,10.0,2.0,0,,0,,,0,0,,0,0,0,,,0,0,,0,0,0,,0,0.0,0,0.0,0,0,0,,,,31,,0,,,0,0,,0,0,0,,,0,0,,0,0,0,,0,0.0,0,0.0,0,0,0,,,,,0,,,0,0,,0,0,0,,,0,0,0.0,0,2,0,100.0,2,0.0,0,0.0,0,0,0,,,0.0,,0,,,0,0,,0,0,0,,,0,0,33.3,2,6,0,66.7,4,0.0,0,0.0,0,0,0,,,0.0,,0,,,0,0,,0,0,0,,,0,0,100.0,6,6,0,0.0,0,0.0,0,0.0,0,0,0,,,,,0,,,0,0,,0,0,0,,,0,0,,0,0,0,,0,0.0,0,0.0,0,0,0,,,,0,-3.7,1,100.0,,0,0,0.0,0,0,0,70.5,72.5,0,9,0.0,0,7,3,100.0,7,88.9,3,30.0,0,16,27,9.0,5.3,2.29,,,,0,,,0,0,,0,0,0,0,0,0.0,0,6,0,100.0,6,0.0,0,0.0,0,0,0,,,0.0,,0,,,0,0,,0,0,0,,,0,0,33.3,2,6,0,66.7,4,0.0,0,0.0,0,0,0,,,0.0,3.5,1,100.0,,0,0,0.0,0,2,0,68.3,91.7,0,18,33.3,3,9,2,66.7,6,118.8,2,20.0,0,33,26,13.0,16.5,5.5,3.3,2,100.0,,0,0,0.0,0,4,0,72.1,95.3,0,18,0.0,0,4,4,100.0,4,118.8,4,40.0,0,53,40,10.0,13.3,13.25
Godwin Igwebuike,49166,HB,DET,10,10,-5.0,2,100.0,,0,0,0.0,0,1,0,70.5,71.9,0,13,0.0,0,3,3,100.0,3,79.2,3,30.0,0,7,22,7.3,2.3,2.33,-6.0,0,100.0,,0,0,0.0,0,0,0,64.7,65.2,0,-4,0.0,0,4,1,100.0,4,79.2,1,10.0,0,-4,2,2.0,-4.0,-1.0,,0,,,0,0,,0,0,0,,,0,0,20.0,1,5,0,60.0,3,0.0,0,0.0,0,0,0,,,0.0,,0,,,0,0,,0,0,0,,,0,0,0.0,0,5,0,80.0,4,0.0,0,0.0,0,0,0,,,0.0,3.6,2,80.0,,0,0,0.0,0,3,0,72.1,90.6,0,18,4.5,1,22,4,95.5,21,110.8,5,50.0,0,53,39,9.8,13.3,2.52,0,,0,,,0,0,,0,0,0,,,0,0,,0,0,0,,0,0.0,0,0.0,0,0,0,,,,11,-6.0,1,100.0,,0,0,0.0,0,1,0,64.7,81.1,0,13,0.0,0,2,1,100.0,2,118.8,1,10.0,0,13,19,19.0,13.0,6.5,,0,,,0,0,,0,0,0,,,0,0,0.0,0,2,0,100.0,2,0.0,0,0.0,0,0,0,,,0.0,14.0,0,0.0,0.0,0,1,,0,0,0,,56.8,0,0,0.0,0,4,0,100.0,4,39.6,1,10.0,0,0,0,,,0.0,,0,,,0,0,,0,0,0,,,0,0,42.9,3,7,0,57.1,4,0.0,0,0.0,0,0,0,,,0.0,14.0,0,0.0,0.0,0,1,,0,0,0,,56.8,0,0,0.0,0,1,0,100.0,1,39.6,1,10.0,0,0,0,,,0.0,0,-3.0,1,100.0,,0,0,0.0,0,0,0,64.7,60.4,0,-2,0.0,0,2,1,100.0,2,79.2,1,10.0,0,-2,1,1.0,-2.0,-1.0,,,,0,,,0,0,,0,0,0,0,0,20.0,1,5,0,60.0,3,0.0,0,0.0,0,0,0,,,0.0,,0,,,0,0,,0,0,0,,,0,0,50.0,1,2,0,50.0,1,0.0,0,0.0,0,0,0,,,0.0,1.0,0,0.0,,0,0,,0,0,0,,60.0,0,0,18.2,2,11,0,81.8,9,39.6,1,10.0,0,0,0,,,0.0,3.2,2,66.7,,0,0,0.0,0,3,0,72.1,90.3,0,18,0.0,0,6,4,100.0,6,94.4,6,60.0,0,53,39,9.8,13.3,8.83
Greg Ward,12258,WR,PHI,17,10,-2.0,1,100.0,,0,0,0.0,0,0,0,64.7,78.5,0,9,0.0,0,1,1,100.0,1,104.2,1,10.0,0,9,11,11.0,9.0,9.0,,0,,,0,0,,0,0,0,,,0,0,0.0,0,13,0,92.3,12,0.0,0,0.0,0,0,0,,,0.0,,0,,,0,0,,0,0,0,,,0,0,0.0,0,2,0,100.0,2,0.0,0,0.0,0,0,0,,,0.0,15.0,0,100.0,100.0,1,1,0.0,0,1,0,64.7,79.2,0,15,0.0,0,6,1,83.3,5,158.3,1,10.0,1,15,0,0.0,15.0,3.0,5.0,0,100.0,,0,0,0.0,0,0,0,64.7,61.1,0,8,0.0,0,23,1,95.7,22,100.0,1,10.0,0,8,3,3.0,8.0,0.36,0,24.0,0,100.0,100.0,1,1,0.0,0,2,0,68.3,95.6,0,27,0.0,0,2,2,100.0,2,158.3,2,20.0,1,46,0,0.0,23.0,23.0,24,,0,,,0,0,,0,0,0,,,0,0,0.0,0,2,0,100.0,2,0.0,0,0.0,0,0,0,,,0.0,,0,,,0,0,,0,0,0,,,0,0,0.0,0,5,0,100.0,5,0.0,0,0.0,0,0,0,,,0.0,,0,,,0,0,,0,0,0,,,0,0,0.0,0,7,0,100.0,7,0.0,0,0.0,0,0,0,,,0.0,4.0,0,50.0,,0,0,0.0,0,0,0,64.7,58.6,0,2,0.0,0,11,1,90.9,10,56.3,2,20.0,0,2,0,0.0,2.0,0.2,16.0,0,100.0,100.0,1,1,0.0,0,2,0,68.3,90.7,0,15,0.0,0,2,2,100.0,2,158.3,2,20.0,2,30,0,0.0,15.0,15.0,0,-2.0,1,100.0,,0,0,0.0,0,0,0,64.7,78.5,0,9,0.0,0,5,1,100.0,5,104.2,1,10.0,0,9,11,11.0,9.0,1.8,68.3,95.6,24.0,0,100.0,100.0,1,1,0.0,0,2,0,0,27,0.0,0,6,2,83.3,5,158.3,2,20.0,1,46,0,0.0,23.0,9.2,17.0,0,100.0,,0,0,0.0,0,1,0,64.7,79.4,0,15,0.0,0,10,1,90.0,9,158.3,1,10.0,1,15,0,0.0,15.0,1.67,4.0,0,0.0,,0,0,100.0,1,0,0,27.9,37.8,0,0,5.0,1,20,0,90.0,18,39.6,2,20.0,0,0,0,,,0.0,4.2,0,40.0,,0,0,33.3,1,0,0,29.9,45.8,0,8,0.0,0,5,2,100.0,5,47.9,5,50.0,0,10,3,1.5,5.0,2.0
Kendall Blanton,47311,TE,LA,11,9,-4.0,0,100.0,,0,0,0.0,0,0,0,64.7,65.4,0,2,0.0,0,1,1,100.0,1,79.2,1,11.1,0,2,6,6.0,2.0,2.0,-4.0,0,100.0,,0,0,0.0,0,0,0,64.7,65.4,0,2,8.3,1,12,1,83.3,10,79.2,1,11.1,0,2,6,6.0,2.0,0.2,21.0,0,100.0,,0,0,0.0,0,1,0,64.7,79.1,0,23,80.0,4,5,1,20.0,1,118.8,1,11.1,0,23,2,2.0,23.0,23.0,,0,,,0,0,,0,0,0,,,0,0,0.0,0,5,0,100.0,5,0.0,0,0.0,0,0,0,,,0.0,2.6,0,60.0,0.0,0,1,25.0,1,2,1,36.8,29.2,0,7,0.0,0,16,3,87.5,14,107.5,5,55.6,1,19,12,4.0,6.3,1.36,0,21.0,0,100.0,,0,0,0.0,0,1,0,64.7,79.1,0,23,0.0,0,1,1,100.0,1,118.8,1,11.1,0,23,2,2.0,23.0,23.0,26,,0,,,0,0,,0,0,0,,,0,0,0.0,0,2,0,100.0,2,0.0,0,0.0,0,0,0,,,0.0,,0,,,0,0,,0,0,0,,,0,0,50.0,2,4,0,50.0,2,0.0,0,0.0,0,0,0,,,0.0,14.5,0,50.0,100.0,1,1,50.0,1,1,0,28.8,58.8,0,11,40.0,2,5,1,60.0,3,66.7,2,22.2,0,11,0,0.0,11.0,3.67,,0,,,0,0,,0,0,0,,,0,0,0.0,0,5,0,100.0,5,0.0,0,0.0,0,0,0,,,0.0,14.5,0,50.0,100.0,1,1,50.0,1,1,0,28.8,58.8,0,11,0.0,0,2,1,100.0,2,66.7,2,22.2,0,11,0,0.0,11.0,5.5,0,,0,,,0,0,,0,0,0,,,0,0,0.0,0,3,0,100.0,3,0.0,0,0.0,0,0,0,,,0.0,,,,0,,,0,0,,0,0,0,0,0,0.0,0,3,0,66.7,2,0.0,0,0.0,0,0,0,,,0.0,,0,,,0,0,,0,0,0,,,0,0,0.0,0,1,0,100.0,1,0.0,0,0.0,0,0,0,,,0.0,,0,,,0,0,,0,0,0,,,0,0,9.1,1,11,0,90.9,10,0.0,0,0.0,0,0,0,,,0.0,2.6,0,60.0,0.0,0,1,25.0,1,2,1,36.8,29.2,0,7,0.0,0,5,3,100.0,5,107.5,5,55.6,1,19,12,4.0,6.3,3.8
Chris Manhertz,10211,TE,JAX,17,9,,0,,,0,0,,0,0,0,,,0,0,,0,0,0,,0,0.0,0,0.0,0,0,0,,,,,0,,,0,0,,0,0,0,,,0,0,35.7,5,14,0,64.3,9,0.0,0,0.0,0,0,0,,,0.0,,0,,,0,0,,0,0,0,,,0,0,60.0,3,5,0,40.0,2,0.0,0,0.0,0,0,0,,,0.0,10.0,0,100.0,,0,0,0.0,0,1,0,64.7,90.4,0,11,36.4,4,11,1,54.5,6,112.5,1,11.1,0,11,1,1.0,11.0,1.83,3.7,0,100.0,,0,0,0.0,0,2,0,70.5,92.7,0,11,16.7,4,24,3,75.0,18,106.9,3,33.3,0,29,18,6.0,9.7,1.61,0,,0,,,0,0,,0,0,0,,,0,0,,0,0,0,,0,0.0,0,0.0,0,0,0,,,,15,,0,,,0,0,,0,0,0,,,0,0,36.4,4,11,0,63.6,7,0.0,0,0.0,0,0,0,,,0.0,,0,,,0,0,,0,0,0,,,0,0,69.2,9,13,0,15.4,2,0.0,0,0.0,0,0,0,,,0.0,17.0,0,100.0,,0,0,0.0,0,1,0,64.7,61.2,0,22,62.5,10,16,1,31.3,5,158.3,1,11.1,1,22,5,5.0,22.0,4.4,8.0,0,0.0,,0,0,,0,0,0,,59.9,0,0,66.7,8,12,0,33.3,4,39.6,1,11.1,0,0,0,,,0.0,13.5,0,100.0,,0,0,0.0,0,2,0,68.3,89.2,0,22,0.0,0,2,2,100.0,2,158.3,2,22.2,1,33,6,3.0,16.5,16.5,0,,0,,,0,0,,0,0,0,,,0,0,12.5,1,8,0,87.5,7,0.0,0,0.0,0,0,0,,,0.0,,,,0,,,0,0,,0,0,0,0,0,42.9,3,7,0,57.1,4,0.0,0,0.0,0,0,0,,,0.0,,0,,,0,0,,0,0,0,,,0,0,42.9,3,7,0,42.9,3,0.0,0,0.0,0,0,0,,,0.0,5.7,0,33.3,0.0,0,1,0.0,0,0,0,64.7,85.3,0,9,37.5,6,16,1,62.5,10,42.4,3,33.3,0,9,7,7.0,9.0,0.9,5.1,0,57.1,0.0,0,1,0.0,0,2,0,72.1,92.9,0,11,0.0,0,7,4,100.0,7,72.3,7,77.8,0,38,25,6.3,9.5,5.43
Derrick Gore,32342,HB,KC,9,9,-3.1,3,85.7,,0,0,0.0,0,2,0,74.6,90.7,0,16,0.0,0,7,6,100.0,7,97.6,7,77.8,0,52,69,11.5,8.7,7.43,-4.0,1,75.0,,0,0,0.0,0,1,0,70.5,69.9,0,16,0.0,0,9,3,77.8,7,96.9,4,44.4,0,31,42,14.0,10.3,4.43,,0,,,0,0,,0,0,0,,,0,0,,0,0,0,,0,0.0,0,0.0,0,0,0,,,,,0,,,0,0,,0,0,0,,,0,0,10.0,1,10,0,90.0,9,0.0,0,0.0,0,0,0,,,0.0,,0,,,0,0,,0,0,0,,,0,0,0.0,0,9,0,100.0,9,0.0,0,0.0,0,0,0,,,0.0,0,31.0,0,100.0,,0,0,0.0,0,1,0,64.7,90.6,0,50,0.0,0,1,1,100.0,1,118.8,1,11.1,0,50,19,19.0,50.0,50.0,16,-2.0,1,100.0,,0,0,0.0,0,0,0,64.7,81.5,0,8,0.0,0,2,1,100.0,2,100.0,1,11.1,0,8,10,10.0,8.0,4.0,,0,,,0,0,,0,0,0,,,0,0,0.0,0,2,0,50.0,1,0.0,0,0.0,0,0,0,,,0.0,,0,,,0,0,,0,0,0,,,0,0,0.0,0,1,0,100.0,1,0.0,0,0.0,0,0,0,,,0.0,,0,,,0,0,,0,0,0,,,0,0,0.0,0,2,0,100.0,2,0.0,0,0.0,0,0,0,,,0.0,,0,,,0,0,,0,0,0,,,0,0,,0,0,0,,0,0.0,0,0.0,0,0,0,,,,0,-2.0,1,100.0,,0,0,0.0,0,1,0,68.3,90.3,0,7,0.0,0,2,2,100.0,2,93.8,2,22.2,0,13,17,8.5,6.5,6.5,64.7,90.6,31.0,0,100.0,,0,0,0.0,0,1,0,0,50,33.3,1,3,1,66.7,2,118.8,1,11.1,0,50,19,19.0,50.0,25.0,,0,,,0,0,,0,0,0,,,0,0,0.0,0,1,0,100.0,1,0.0,0,0.0,0,0,0,,,0.0,0.0,0,100.0,,0,0,0.0,0,0,0,64.7,65.4,0,3,0.0,0,3,1,100.0,3,79.2,1,11.1,0,3,3,3.0,3.0,1.0,0.0,0,100.0,,0,0,0.0,0,0,0,64.7,65.4,0,3,0.0,0,1,1,100.0,1,79.2,1,11.1,0,3,3,3.0,3.0,3.0
Ke'Shawn Vaughn,45866,HB,TB,7,9,-4.0,0,50.0,,0,0,50.0,1,0,0,28.8,27.4,0,5,0.0,0,2,1,100.0,2,56.3,2,22.2,0,5,10,10.0,5.0,2.5,-5.0,0,100.0,,0,0,0.0,0,0,0,64.7,65.4,0,5,0.0,0,3,1,100.0,3,87.5,1,11.1,0,5,10,10.0,5.0,1.67,,0,,,0,0,,0,0,0,,,0,0,0.0,0,1,0,100.0,1,0.0,0,0.0,0,0,0,,,0.0,,0,,,0,0,,0,0,0,,,0,0,28.6,2,7,0,71.4,5,0.0,0,0.0,0,0,0,,,0.0,4.5,0,50.0,,0,0,0.0,0,0,0,64.7,53.8,0,4,13.0,3,23,1,82.6,19,56.3,2,22.2,0,4,1,1.0,4.0,0.21,0,,0,,,0,0,,0,0,0,,,0,0,,0,0,0,,0,0.0,0,0.0,0,0,0,,,,30,-3.0,0,0.0,,0,0,100.0,1,0,0,27.9,25.8,0,0,0.0,0,3,0,100.0,3,39.6,1,11.1,0,0,0,,,0.0,,0,,,0,0,,0,0,0,,,0,0,25.0,1,4,0,75.0,3,0.0,0,0.0,0,0,0,,,0.0,,0,,,0,0,,0,0,0,,,0,0,0.0,0,5,0,100.0,5,0.0,0,0.0,0,0,0,,,0.0,2.3,0,100.0,,0,0,0.0,0,1,0,72.1,82.8,0,8,0.0,0,11,4,100.0,11,93.8,4,44.4,0,26,17,4.3,6.5,2.36,,0,,,0,0,,0,0,0,,,0,0,,0,0,0,,0,0.0,0,0.0,0,0,0,,,,0,,0,,,0,0,,0,0,0,,,0,0,50.0,2,4,0,50.0,2,0.0,0,0.0,0,0,0,,,0.0,,,,0,,,0,0,,0,0,0,0,0,60.0,3,5,0,40.0,2,0.0,0,0.0,0,0,0,,,0.0,,0,,,0,0,,0,0,0,,,0,0,14.3,1,7,0,85.7,6,0.0,0,0.0,0,0,0,,,0.0,0.0,0,0.0,,0,0,100.0,1,0,0,27.9,26.0,0,0,28.6,2,7,0,71.4,5,39.6,1,11.1,0,0,0,,,0.0,2.6,0,71.4,,0,0,16.7,1,1,0,45.8,46.4,0,8,0.0,0,7,5,100.0,7,79.5,7,77.8,0,30,18,3.6,6.0,4.29
Christian Blake,47900,WR,ATL,10,9,,0,,,0,0,,0,0,0,,,0,0,,0,0,0,,0,0.0,0,0.0,0,0,0,,,,,0,,,0,0,,0,0,0,,,0,0,0.0,0,2,0,100.0,2,0.0,0,0.0,0,0,0,,,0.0,,0,,,0,0,,0,0,0,,,0,0,,0,0,0,,0,0.0,0,0.0,0,0,0,,,,,0,,,0,0,,0,0,0,,,0,0,0.0,0,4,0,100.0,4,0.0,0,0.0,0,0,0,,,0.0,7.0,0,50.0,0.0,0,1,0.0,0,0,0,64.7,60.0,0,5,0.0,0,17,1,94.1,16,56.3,2,22.2,0,5,0,0.0,5.0,0.31,0,22.0,0,0.0,,0,0,100.0,1,0,0,28.0,40.2,0,0,0.0,0,2,0,100.0,2,39.6,2,22.2,0,0,0,,,0.0,2,,0,,,0,0,,0,0,0,,,0,0,,0,0,0,,0,0.0,0,0.0,0,0,0,,,,,0,,,0,0,,0,0,0,,,0,0,0.0,0,6,0,100.0,6,0.0,0,0.0,0,0,0,,,0.0,14.0,0,0.0,0.0,0,1,,0,0,0,,59.7,0,0,0.0,0,1,0,100.0,1,39.6,1,11.1,0,0,0,,,0.0,5.0,0,100.0,,0,0,0.0,0,1,0,64.7,78.0,0,6,0.0,0,4,1,75.0,3,91.7,1,11.1,0,6,1,1.0,6.0,2.0,14.0,0,0.0,0.0,0,1,,0,0,0,,59.7,0,0,0.0,0,1,0,100.0,1,39.6,1,11.1,0,0,0,,,0.0,0,,0,,,0,0,,0,0,0,,,0,0,0.0,0,1,0,100.0,1,0.0,0,0.0,0,0,0,,,0.0,28.0,40.2,22.0,0,0.0,,0,0,100.0,1,0,0,0,0,0.0,0,4,0,100.0,4,39.6,2,22.2,0,0,0,,,0.0,,0,,,0,0,,0,0,0,,,0,0,0.0,0,2,0,100.0,2,0.0,0,0.0,0,0,0,,,0.0,6.0,0,66.7,50.0,1,2,0.0,0,1,0,68.3,74.1,0,8,0.0,0,8,2,87.5,7,77.1,3,33.3,0,14,0,0.0,7.0,2.0,6.2,0,66.7,33.3,1,3,0.0,0,2,0,72.1,79.3,0,8,0.0,0,6,4,100.0,6,75.0,6,66.7,0,25,1,0.3,6.3,4.17
Shi Smith,61643,WR,CAR,6,9,-4.0,0,100.0,,0,0,0.0,0,1,0,70.5,80.9,0,16,0.0,0,3,3,100.0,3,91.7,3,33.3,0,18,30,10.0,6.0,6.0,-4.0,0,100.0,,0,0,0.0,0,1,0,68.3,88.3,0,16,0.0,0,3,2,100.0,3,108.3,2,22.2,0,20,28,14.0,10.0,6.67,,0,,,0,0,,0,0,0,,,0,0,0.0,0,3,0,100.0,3,0.0,0,0.0,0,0,0,,,0.0,16.0,0,100.0,,0,0,0.0,0,1,0,64.7,78.5,0,17,0.0,0,7,1,100.0,7,118.8,1,11.1,0,17,1,1.0,17.0,2.43,7.0,0,0.0,,0,0,,0,0,0,,59.9,0,0,0.0,0,12,0,100.0,12,39.6,1,11.1,0,0,0,,,0.0,0,23.0,0,50.0,0.0,0,1,0.0,0,1,0,64.7,77.7,0,63,0.0,0,2,1,100.0,2,95.8,2,22.2,0,63,37,37.0,63.0,31.5,5,,0,,,0,0,,0,0,0,,,0,0,0.0,0,1,0,100.0,1,0.0,0,0.0,0,0,0,,,0.0,20.0,0,0.0,0.0,0,1,,0,0,0,,59.8,0,0,0.0,0,2,0,100.0,2,39.6,1,11.1,0,0,0,,,0.0,11.0,0,0.0,,0,0,,0,0,0,,59.7,0,0,0.0,0,5,0,100.0,5,39.6,1,11.1,0,0,0,,,0.0,,0,,,0,0,,0,0,0,,,0,0,0.0,0,5,0,100.0,5,0.0,0,0.0,0,0,0,,,0.0,13.5,0,50.0,,0,0,0.0,0,1,0,64.7,76.5,0,17,0.0,0,2,1,100.0,2,79.2,2,22.2,0,17,1,1.0,17.0,8.5,0,-4.0,0,100.0,,0,0,0.0,0,0,0,64.7,61.0,0,-2,0.0,0,2,1,100.0,2,79.2,1,11.1,0,-2,2,2.0,-2.0,-1.0,64.7,79.4,26.0,0,100.0,,0,0,0.0,0,1,0,0,63,0.0,0,1,1,100.0,1,118.8,1,11.1,0,63,37,37.0,63.0,63.0,,0,,,0,0,,0,0,0,,,0,0,0.0,0,2,0,100.0,2,0.0,0,0.0,0,0,0,,,0.0,5.0,1,100.0,,0,0,0.0,0,0,0,64.7,61.1,0,6,0.0,0,3,1,100.0,3,91.7,1,11.1,0,6,1,1.0,6.0,2.0,6.0,1,50.0,,0,0,0.0,0,0,0,64.7,60.1,0,6,0.0,0,2,1,100.0,2,56.3,2,22.2,0,6,1,1.0,6.0,3.0
Eno Benjamin,57136,HB,ARZ,8,9,-4.0,3,100.0,,0,0,0.0,0,4,0,73.4,94.0,0,13,0.0,0,5,5,100.0,5,103.3,5,55.6,0,44,64,12.8,8.8,8.8,-2.0,0,100.0,,0,0,0.0,0,1,0,64.7,81.5,0,13,0.0,0,3,1,100.0,3,118.8,1,11.1,0,13,15,15.0,13.0,4.33,,0,,,0,0,,0,0,0,,,0,0,0.0,0,1,0,100.0,1,0.0,0,0.0,0,0,0,,,0.0,,0,,,0,0,,0,0,0,,,0,0,11.1,1,9,0,77.8,7,0.0,0,0.0,0,0,0,,,0.0,3.3,0,66.7,50.0,1,2,0.0,0,1,0,68.3,91.3,0,9,6.7,1,15,2,93.3,14,77.1,3,33.3,0,14,7,3.5,7.0,1.0,0,,0,,,0,0,,0,0,0,,,0,0,,0,0,0,,0,0.0,0,0.0,0,0,0,,,,1,-5.3,2,100.0,,0,0,0.0,0,2,0,70.5,92.0,0,13,0.0,0,5,3,100.0,5,95.8,3,33.3,0,21,37,12.3,7.0,4.2,,0,,,0,0,,0,0,0,,,0,0,50.0,1,2,0,50.0,1,0.0,0,0.0,0,0,0,,,0.0,,0,,,0,0,,0,0,0,,,0,0,100.0,1,1,0,0.0,0,0.0,0,0.0,0,0,0,,,,,0,,,0,0,,0,0,0,,,0,0,0.0,0,1,0,100.0,1,0.0,0,0.0,0,0,0,,,0.0,,0,,,0,0,,0,0,0,,,0,0,,0,0,0,,0,0.0,0,0.0,0,0,0,,,,0,-2.0,1,100.0,,0,0,0.0,0,1,0,64.7,81.8,0,10,0.0,0,3,1,100.0,3,108.3,1,11.1,0,10,12,12.0,10.0,3.33,,,,0,,,0,0,,0,0,0,0,0,50.0,1,2,0,50.0,1,0.0,0,0.0,0,0,0,,,0.0,,0,,,0,0,,0,0,0,,,0,0,42.9,3,7,0,57.1,4,0.0,0,0.0,0,0,0,,,0.0,1.0,1,100.0,,0,0,0.0,0,1,0,64.7,81.1,0,10,0.0,0,4,1,100.0,4,108.3,1,11.1,0,10,9,9.0,10.0,2.5,2.8,1,75.0,50.0,1,2,0.0,0,2,0,70.5,92.8,0,10,0.0,0,4,3,100.0,4,89.6,4,44.4,0,24,16,5.3,8.0,6.0
Alex Collins,10805,HB,SEA,11,9,-6.0,2,100.0,,0,0,0.0,0,1,0,72.1,91.8,0,20,0.0,0,4,4,100.0,4,97.9,4,44.4,0,30,54,13.5,7.5,7.5,-6.0,0,100.0,,0,0,0.0,0,1,0,64.7,81.3,0,20,22.2,2,9,1,77.8,7,118.8,1,11.1,0,20,26,26.0,20.0,2.86,,0,,,0,0,,0,0,0,,,0,0,50.0,1,2,0,50.0,1,0.0,0,0.0,0,0,0,,,0.0,,0,,,0,0,,0,0,0,,,0,0,0.0,0,8,0,75.0,6,0.0,0,0.0,0,0,0,,,0.0,1.5,0,100.0,,0,0,0.0,0,1,0,68.3,82.3,0,9,21.1,4,19,2,78.9,15,97.9,2,22.2,0,15,12,6.0,7.5,1.0,0,,0,,,0,0,,0,0,0,,,0,0,,0,0,0,,0,0.0,0,0.0,0,0,0,,,,29,-6.0,1,100.0,,0,0,0.0,0,0,0,68.3,83.0,0,5,0.0,0,9,2,88.9,8,79.2,2,22.2,0,2,14,7.0,1.0,0.25,,0,,,0,0,,0,0,0,,,0,0,44.4,4,9,0,55.6,5,0.0,0,0.0,0,0,0,,,0.0,,0,,,0,0,,0,0,0,,,0,0,28.6,2,7,0,71.4,5,0.0,0,0.0,0,0,0,,,0.0,3.0,1,100.0,,0,0,0.0,0,1,1,70.5,28.5,0,28,6.7,1,15,3,93.3,14,118.8,3,33.3,0,42,33,11.0,14.0,3.0,,0,,,0,0,,0,0,0,,,0,0,,0,0,0,,0,0.0,0,0.0,0,0,0,,,,0,-6.0,1,100.0,,0,0,0.0,0,0,0,64.7,81.3,0,8,0.0,0,5,1,100.0,5,100.0,1,11.1,0,8,14,14.0,8.0,1.6,,,,0,,,0,0,,0,0,0,0,0,0.0,0,6,0,66.7,4,0.0,0,0.0,0,0,0,,,0.0,,0,,,0,0,,0,0,0,,,0,0,16.7,1,6,0,83.3,5,0.0,0,0.0,0,0,0,,,0.0,,0,,,0,0,,0,0,0,,,0,0,25.0,3,12,0,75.0,9,0.0,0,0.0,0,0,0,,,0.0,2.4,1,100.0,,0,0,0.0,0,2,1,73.4,43.5,0,28,0.0,0,5,5,100.0,5,114.2,5,55.6,0,57,45,9.0,11.4,11.4
Jesse James,9593,TE,CHI,13,8,,0,,,0,0,,0,0,0,,,0,0,,0,0,0,,0,0.0,0,0.0,0,0,0,,,,,0,,,0,0,,0,0,0,,,0,0,16.7,2,12,0,75.0,9,0.0,0,0.0,0,0,0,,,0.0,,0,,,0,0,,0,0,0,,,0,0,0.0,0,2,0,100.0,2,0.0,0,0.0,0,0,0,,,0.0,,0,,,0,0,,0,0,0,,,0,0,37.5,6,16,0,56.3,9,0.0,0,0.0,0,0,0,,,0.0,7.0,0,100.0,,0,0,0.0,0,0,0,64.7,61.2,0,11,6.3,1,16,1,93.8,15,112.5,1,12.5,0,11,4,4.0,11.0,0.73,0,,0,,,0,0,,0,0,0,,,0,0,,0,0,0,,0,0.0,0,0.0,0,0,0,,,,6,,0,,,0,0,,0,0,0,,,0,0,0.0,0,2,0,100.0,2,0.0,0,0.0,0,0,0,,,0.0,,0,,,0,0,,0,0,0,,,0,0,0.0,0,1,0,100.0,1,0.0,0,0.0,0,0,0,,,0.0,12.5,0,100.0,,0,0,0.0,0,2,0,68.3,96.8,0,19,57.1,4,7,2,42.9,3,158.3,2,25.0,1,27,5,2.5,13.5,9.0,4.0,0,100.0,,0,0,0.0,0,0,0,68.3,63.7,0,6,37.5,3,8,2,50.0,4,87.5,2,25.0,0,10,2,1.0,5.0,2.5,12.3,0,66.7,0.0,0,1,0.0,0,2,0,68.3,95.2,0,19,0.0,0,3,2,100.0,3,134.7,3,37.5,1,27,5,2.5,13.5,9.0,0,,0,,,0,0,,0,0,0,,,0,0,33.3,1,3,0,66.7,2,0.0,0,0.0,0,0,0,,,0.0,,,,0,,,0,0,,0,0,0,0,0,42.9,3,7,0,57.1,4,0.0,0,0.0,0,0,0,,,0.0,12.0,0,0.0,0.0,0,1,,0,0,0,,59.3,0,0,27.3,3,11,0,72.7,8,39.6,1,12.5,0,0,0,,,0.0,2.0,1,100.0,,0,0,0.0,0,1,0,68.3,93.9,0,8,16.7,3,18,2,83.3,15,95.8,2,25.0,0,14,10,5.0,7.0,0.93,3.8,1,100.0,,0,0,0.0,0,1,0,73.4,89.7,0,11,0.0,0,5,5,100.0,5,95.8,5,62.5,0,35,16,3.2,7.0,7.0
Dez Fitzpatrick,42349,WR,TEN,4,8,-3.0,0,100.0,,0,0,0.0,0,0,0,64.7,61.0,0,0,0.0,0,1,1,100.0,1,79.2,1,12.5,0,0,3,3.0,0.0,0.0,,0,,,0,0,,0,0,0,,,0,0,0.0,0,5,0,100.0,5,0.0,0,0.0,0,0,0,,,0.0,23.0,0,100.0,,0,0,0.0,0,1,0,64.7,90.7,0,18,0.0,0,2,1,100.0,2,158.3,1,12.5,1,18,0,0.0,18.0,9.0,10.0,0,100.0,,0,0,0.0,0,1,0,64.7,78.2,0,12,0.0,0,8,1,100.0,8,116.7,1,12.5,0,12,2,2.0,12.0,1.5,5.0,0,100.0,100.0,1,1,0.0,0,1,0,64.7,78.1,0,5,0.0,0,16,1,100.0,16,87.5,1,12.5,0,5,0,0.0,5.0,0.31,0,26.0,0,33.3,0.0,0,1,0.0,0,1,0,64.7,87.2,1,18,0.0,0,3,1,100.0,3,54.9,3,37.5,1,18,0,0.0,18.0,6.0,31,,0,,,0,0,,0,0,0,,,0,0,,0,0,0,,0,0.0,0,0.0,0,0,0,,,,27.5,0,0.0,0.0,0,1,,0,0,0,,58.2,1,0,0.0,0,2,0,100.0,2,0.0,2,25.0,0,0,0,,,0.0,15.0,0,0.0,,0,0,,0,0,0,,60.0,1,0,0.0,0,1,0,100.0,1,0.0,1,12.5,0,0,0,,,0.0,,0,,,0,0,,0,0,0,,,0,0,0.0,0,3,0,100.0,3,0.0,0,0.0,0,0,0,,,0.0,13.0,0,66.7,,0,0,0.0,0,2,0,68.3,88.1,1,14,0.0,0,3,2,100.0,3,54.2,3,37.5,0,26,2,1.0,13.0,8.67,0,-3.0,0,100.0,,0,0,0.0,0,0,0,64.7,61.0,0,0,0.0,0,1,1,100.0,1,79.2,1,12.5,0,0,3,3.0,0.0,0.0,,,,0,,,0,0,,0,0,0,0,0,0.0,0,3,0,100.0,3,0.0,0,0.0,0,0,0,,,0.0,14.0,0,100.0,,0,0,0.0,0,1,0,64.7,78.5,0,14,0.0,0,5,1,100.0,5,118.8,1,12.5,0,14,0,0.0,14.0,2.8,,0,,,0,0,,0,0,0,,,0,0,0.0,0,4,0,100.0,4,0.0,0,0.0,0,0,0,,,0.0,5.0,0,100.0,100.0,1,1,0.0,0,1,0,64.7,78.1,0,5,0.0,0,1,1,100.0,1,87.5,1,12.5,0,5,0,0.0,5.0,5.0
Jeff Wilson Jr.,29413,HB,SF,10,8,-5.0,0,100.0,,0,0,0.0,0,1,0,74.6,77.3,0,11,0.0,0,6,5,83.3,5,83.3,5,62.5,0,20,45,9.0,4.0,4.0,-5.0,0,100.0,,0,0,0.0,0,1,0,73.4,76.2,0,11,9.1,1,11,5,90.9,10,83.3,5,62.5,0,20,45,9.0,4.0,2.0,,0,,,0,0,,0,0,0,,,0,0,0.0,0,2,0,50.0,1,0.0,0,0.0,0,0,0,,,0.0,,0,,,0,0,,0,0,0,,,0,0,33.3,5,15,0,66.7,10,0.0,0,0.0,0,0,0,,,0.0,,0,,,0,0,,0,0,0,,,0,0,8.0,2,25,0,92.0,23,0.0,0,0.0,0,0,0,,,0.0,0,,0,,,0,0,,0,0,0,,,0,0,,0,0,0,,0,0.0,0,0.0,0,0,0,,,,28,,0,,,0,0,,0,0,0,64.7,65.3,0,0,50.0,2,4,0,25.0,1,0.0,0,0.0,0,0,0,,,0.0,,0,,,0,0,,0,0,0,,,0,0,0.0,0,1,0,100.0,1,0.0,0,0.0,0,0,0,,,0.0,,0,,,0,0,,0,0,0,,,0,0,100.0,1,1,0,0.0,0,0.0,0,0.0,0,0,0,,,,5.0,0,100.0,,0,0,0.0,0,0,0,70.5,71.1,0,8,33.3,3,9,2,55.6,5,89.6,2,25.0,0,11,1,0.5,5.5,2.2,,0,,,0,0,,0,0,0,,,0,0,,0,0,0,,0,0.0,0,0.0,0,0,0,,,,0,,0,,,0,0,,0,0,0,,,0,0,0.0,0,3,0,100.0,3,0.0,0,0.0,0,0,0,,,0.0,,,,0,,,0,0,,0,0,0,0,0,40.0,2,5,0,60.0,3,0.0,0,0.0,0,0,0,,,0.0,,0,,,0,0,,0,0,0,,,0,0,33.3,1,3,0,66.7,2,0.0,0,0.0,0,0,0,,,0.0,3.0,0,0.0,,0,0,,0,0,0,,59.1,0,0,22.2,2,9,0,77.8,7,39.6,1,12.5,0,0,0,,,0.0,4.3,0,66.7,,0,0,0.0,0,0,0,70.5,66.2,0,8,0.0,0,4,2,75.0,3,72.9,3,37.5,0,11,1,0.5,5.5,3.67
Craig Reynolds,94383,HB,DET,5,8,-4.3,0,100.0,,0,0,0.0,0,1,0,70.5,82.3,0,9,0.0,0,3,3,100.0,3,90.3,3,37.5,0,17,30,10.0,5.7,5.67,-4.0,0,100.0,,0,0,0.0,0,1,0,68.3,82.1,0,9,33.3,2,6,2,66.7,4,93.8,2,25.0,0,13,21,10.5,6.5,3.25,,0,,,0,0,,0,0,0,,,0,0,,0,0,0,,0,0.0,0,0.0,0,0,0,,,,,0,,,0,0,,0,0,0,,,0,0,0.0,0,2,0,100.0,2,0.0,0,0.0,0,0,0,,,0.0,2.0,2,100.0,,0,0,0.0,0,1,0,68.3,81.9,0,14,5.3,1,19,2,94.7,18,100.0,2,25.0,0,16,12,6.0,8.0,0.89,0,,0,,,0,0,,0,0,0,,,0,0,,0,0,0,,0,0.0,0,0.0,0,0,0,,,,11,-5.0,0,100.0,,0,0,0.0,0,0,0,64.7,65.3,0,4,0.0,0,1,1,100.0,1,83.3,1,12.5,0,4,9,9.0,4.0,4.0,,0,,,0,0,,0,0,0,,,0,0,0.0,0,3,0,100.0,3,0.0,0,0.0,0,0,0,,,0.0,,0,,,0,0,,0,0,0,,,0,0,37.5,3,8,0,62.5,5,0.0,0,0.0,0,0,0,,,0.0,4.0,0,100.0,,0,0,0.0,0,1,0,64.7,81.7,0,14,0.0,0,4,1,100.0,4,118.8,1,12.5,0,14,10,10.0,14.0,3.5,,0,,,0,0,,0,0,0,,,0,0,,0,0,0,,0,0.0,0,0.0,0,0,0,,,,0,,0,,,0,0,,0,0,0,,,0,0,,0,0,0,,0,0.0,0,0.0,0,0,0,,,,,,,0,,,0,0,,0,0,0,0,0,100.0,1,1,0,0.0,0,0.0,0,0.0,0,0,0,,,,,0,,,0,0,,0,0,0,,,0,0,0.0,0,2,0,100.0,2,0.0,0,0.0,0,0,0,,,0.0,4.0,0,50.0,0.0,0,1,0.0,0,0,0,64.7,64.5,0,5,40.0,2,5,1,60.0,3,56.3,2,25.0,0,5,5,5.0,5.0,1.67,3.2,2,80.0,0.0,0,1,0.0,0,2,0,72.1,89.5,0,14,0.0,0,5,4,100.0,5,95.8,5,62.5,0,35,27,6.8,8.8,7.0
Curtis Samuel,11795,WR,WAS,5,8,-5.0,0,100.0,,0,0,0.0,0,2,0,72.1,81.7,0,9,0.0,0,4,4,100.0,4,80.2,4,50.0,0,13,33,8.3,3.3,3.25,-4.0,0,100.0,,0,0,0.0,0,2,0,70.5,79.7,0,9,0.0,0,3,3,100.0,3,86.1,3,37.5,0,14,26,8.7,4.7,4.67,,0,,,0,0,,0,0,0,,,0,0,0.0,0,2,0,100.0,2,0.0,0,0.0,0,0,0,,,0.0,,0,,,0,0,,0,0,0,,,0,0,0.0,0,2,0,100.0,2,0.0,0,0.0,0,0,0,,,0.0,3.0,0,100.0,,0,0,0.0,0,1,0,64.7,78.1,0,4,0.0,0,11,1,90.9,10,83.3,1,12.5,0,4,1,1.0,4.0,0.4,0,,0,,,0,0,,0,0,0,,,0,0,,0,0,0,,0,0.0,0,0.0,0,0,0,,,,32,-8.0,0,100.0,,0,0,0.0,0,0,0,64.7,65.4,0,-1,0.0,0,2,1,100.0,2,79.2,1,12.5,0,-1,7,7.0,-1.0,-0.5,,0,,,0,0,,0,0,0,,,0,0,0.0,0,1,0,100.0,1,0.0,0,0.0,0,0,0,,,0.0,,0,,,0,0,,0,0,0,,,0,0,,0,0,0,,0,0.0,0,0.0,0,0,0,,,,1.0,1,100.0,,0,0,0.0,0,1,0,64.7,78.1,0,10,0.0,0,3,1,66.7,2,108.3,1,12.5,0,10,9,9.0,10.0,5.0,15.0,0,0.0,0.0,0,1,,0,0,0,,59.0,1,0,0.0,0,1,0,100.0,1,0.0,1,12.5,0,0,0,,,0.0,0,,0,,,0,0,,0,0,0,,,0,0,,0,0,0,,0,0.0,0,0.0,0,0,0,,,,,,,0,,,0,0,,0,0,0,0,0,0.0,0,2,0,100.0,2,0.0,0,0.0,0,0,0,,,0.0,15.0,0,0.0,0.0,0,1,,0,0,0,,59.0,1,0,0.0,0,3,0,100.0,3,0.0,1,12.5,0,0,0,,,0.0,9.0,0,0.0,,0,0,,0,0,0,,59.7,0,0,0.0,0,7,0,71.4,5,39.6,1,12.5,0,0,0,,,0.0,4.3,1,66.7,,0,0,0.0,0,2,0,68.3,86.8,0,10,0.0,0,3,2,100.0,3,77.1,3,37.5,0,14,10,5.0,7.0,4.67
Will Fuller V,10655,WR,MIA,2,8,-5.0,0,100.0,,0,0,0.0,0,0,0,64.7,60.5,0,2,0.0,0,1,1,100.0,1,79.2,1,12.5,0,2,7,7.0,2.0,2.0,,0,,,0,0,,0,0,0,,,0,0,0.0,0,2,0,100.0,2,0.0,0,0.0,0,0,0,,,0.0,46.0,0,0.0,0.0,0,1,,0,0,0,,60.0,0,0,0.0,0,3,0,66.7,2,39.6,1,12.5,0,0,0,,,0.0,16.0,0,0.0,,0,0,,0,0,0,,59.9,0,0,0.0,0,2,0,100.0,2,39.6,1,12.5,0,0,0,,,0.0,8.0,0,100.0,,0,0,0.0,0,2,0,68.3,90.3,0,10,0.0,0,12,2,100.0,12,104.2,2,25.0,0,18,2,1.0,9.0,1.5,0,46.5,0,0.0,0.0,0,1,,0,0,0,28.8,58.2,0,0,0.0,0,4,0,50.0,2,39.6,2,25.0,0,0,0,,,0.0,17,,0,,,0,0,,0,0,0,,,0,0,,0,0,0,,0,0.0,0,0.0,0,0,0,,,,47.0,0,0.0,,0,0,,0,0,0,,59.3,0,0,0.0,0,3,0,100.0,3,39.6,1,12.5,0,0,0,,,0.0,,0,,,0,0,,0,0,0,,,0,0,0.0,0,1,0,100.0,1,0.0,0,0.0,0,0,0,,,0.0,,0,,,0,0,,0,0,0,64.7,78.3,0,0,0.0,0,5,0,80.0,4,0.0,0,0.0,0,0,0,,,0.0,16.0,0,0.0,,0,0,,0,0,0,,59.9,0,0,0.0,0,1,0,100.0,1,39.6,1,12.5,0,0,0,,,0.0,0,-5.0,0,100.0,,0,0,0.0,0,0,0,64.7,60.5,0,2,0.0,0,2,1,100.0,2,79.2,1,12.5,0,2,7,7.0,2.0,1.0,28.8,59.7,,0,,,0,0,,0,0,0,0,0,0.0,0,2,0,0.0,0,0.0,0,0.0,0,0,0,,,,,0,,,0,0,,0,0,0,,,0,0,0.0,0,1,0,100.0,1,0.0,0,0.0,0,0,0,,,0.0,5.5,1,50.0,100.0,1,1,50.0,1,1,0,28.9,59.4,0,6,0.0,0,8,1,100.0,8,56.3,2,25.0,0,6,2,2.0,6.0,0.75,6.8,1,75.0,100.0,1,1,25.0,1,3,0,42.1,89.5,0,10,0.0,0,5,3,80.0,4,89.6,4,50.0,0,24,4,1.3,8.0,6.0
Amari Rodgers,61212,WR,GB,11,8,,0,,,0,0,,0,0,0,,,0,0,,0,0,0,,0,0.0,0,0.0,0,0,0,,,,,0,,,0,0,,0,0,0,,,0,0,0.0,0,4,0,100.0,4,0.0,0,0.0,0,0,0,,,0.0,,0,,,0,0,,0,0,0,,,0,0,0.0,0,2,0,100.0,2,0.0,0,0.0,0,0,0,,,0.0,,0,,,0,0,,0,0,0,,,0,0,20.0,1,5,0,80.0,4,0.0,0,0.0,0,0,0,,,0.0,6.0,0,0.0,0.0,0,1,,0,0,0,,57.2,1,0,0.0,0,6,0,100.0,6,0.0,2,25.0,0,0,0,,,0.0,0,,0,,,0,0,,0,0,0,,,0,0,,0,0,0,,0,0.0,0,0.0,0,0,0,,,,12,,0,,,0,0,,0,0,0,,,0,0,0.0,0,2,0,100.0,2,0.0,0,0.0,0,0,0,,,0.0,,0,,,0,0,,0,0,0,,,0,0,0.0,0,3,0,100.0,3,0.0,0,0.0,0,0,0,,,0.0,15.0,0,100.0,,0,0,0.0,0,1,0,64.7,78.3,0,19,0.0,0,2,1,100.0,2,118.8,1,12.5,0,19,4,4.0,19.0,9.5,1.3,1,75.0,,0,0,0.0,0,1,0,70.5,82.8,0,14,0.0,0,9,3,88.9,8,91.7,4,50.0,0,26,21,7.0,8.7,3.25,15.0,0,100.0,,0,0,0.0,0,1,0,64.7,78.3,0,19,0.0,0,1,1,100.0,1,118.8,1,12.5,0,19,4,4.0,19.0,19.0,0,,0,,,0,0,,0,0,0,,,0,0,,0,0,0,,0,0.0,0,0.0,0,0,0,,,,,,,0,,,0,0,,0,0,0,0,0,0.0,0,2,0,50.0,1,0.0,0,0.0,0,0,0,,,0.0,,0,,,0,0,,0,0,0,,,0,0,0.0,0,1,0,100.0,1,0.0,0,0.0,0,0,0,,,0.0,3.0,0,0.0,,0,0,100.0,1,0,0,27.9,40.7,0,0,0.0,0,4,0,100.0,4,39.6,1,12.5,0,0,0,,,0.0,2.9,1,42.9,0.0,0,1,25.0,1,1,0,36.2,67.1,1,14,0.0,0,8,3,87.5,7,13.7,7,87.5,0,26,21,7.0,8.7,3.71
Cam Akers,57206,HB,LA,3,8,-4.0,1,100.0,,0,0,0.0,0,1,0,72.1,91.7,0,9,0.0,0,4,3,75.0,3,90.3,3,37.5,0,17,29,9.7,5.7,5.67,-1.0,0,100.0,,0,0,0.0,0,0,0,64.7,65.4,0,2,50.0,1,2,1,50.0,1,79.2,1,12.5,0,2,3,3.0,2.0,2.0,,0,,,0,0,,0,0,0,,,0,0,33.3,1,3,0,66.7,2,0.0,0,0.0,0,0,0,,,0.0,,0,,,0,0,,0,0,0,,,0,0,20.0,1,5,0,60.0,3,0.0,0,0.0,0,0,0,,,0.0,3.5,0,100.0,100.0,1,1,0.0,0,0,0,68.3,68.7,0,6,16.7,2,12,2,83.3,10,83.3,2,25.0,0,8,1,0.5,4.0,0.8,0,27.0,0,50.0,,0,0,50.0,1,1,0,28.9,39.5,0,40,0.0,0,2,1,100.0,2,95.8,2,25.0,0,40,13,13.0,40.0,20.0,26,-4.0,1,100.0,,0,0,0.0,0,0,0,68.3,90.6,0,6,0.0,0,2,1,50.0,1,91.7,1,12.5,0,6,10,10.0,6.0,6.0,,0,,,0,0,,0,0,0,,,0,0,0.0,0,2,0,50.0,1,0.0,0,0.0,0,0,0,,,0.0,,0,,,0,0,,0,0,0,,,0,0,0.0,0,4,0,100.0,4,0.0,0,0.0,0,0,0,,,0.0,0.0,1,100.0,,0,0,0.0,0,1,0,64.7,78.1,0,5,0.0,0,3,1,100.0,3,87.5,1,12.5,0,5,5,5.0,5.0,1.67,,0,,,0,0,,0,0,0,,,0,0,,0,0,0,,0,0.0,0,0.0,0,0,0,,,,0,-7.0,0,100.0,,0,0,0.0,0,1,0,64.7,81.2,0,9,0.0,0,1,1,100.0,1,104.2,1,12.5,0,9,16,16.0,9.0,9.0,28.9,39.5,27.0,0,50.0,,0,0,50.0,1,1,0,0,40,0.0,0,3,1,100.0,3,95.8,2,25.0,0,40,13,13.0,40.0,13.33,,0,,,0,0,,0,0,0,,,0,0,0.0,0,2,0,100.0,2,0.0,0,0.0,0,0,0,,,0.0,,0,,,0,0,,0,0,0,,,0,0,33.3,2,6,0,66.7,4,0.0,0,0.0,0,0,0,,,0.0,2.3,1,100.0,100.0,1,1,0.0,0,1,0,70.5,88.7,0,6,0.0,0,3,3,100.0,3,84.7,3,37.5,0,13,6,2.0,4.3,4.33
Reggie Gilliam,40951,FB,BUF,16,8,-3.0,0,100.0,,0,0,0.0,0,0,0,68.3,77.1,0,8,0.0,0,2,2,100.0,2,85.4,2,25.0,0,9,15,7.5,4.5,4.5,,0,,,0,0,,0,0,0,,,0,0,0.0,0,4,0,100.0,4,0.0,0,0.0,0,0,0,,,0.0,,0,,,0,0,,0,0,0,,,0,0,0.0,0,3,0,100.0,3,0.0,0,0.0,0,0,0,,,0.0,,0,,,0,0,,0,0,0,,,0,0,40.0,2,5,0,60.0,3,0.0,0,0.0,0,0,0,,,0.0,1.0,0,100.0,,0,0,0.0,0,0,0,64.7,81.5,0,8,11.1,1,9,1,77.8,7,100.0,1,12.5,0,8,7,7.0,8.0,1.14,0,,0,,,0,0,,0,0,0,,,0,0,,0,0,0,,0,0.0,0,0.0,0,0,0,,,,4,-4.0,0,100.0,,0,0,0.0,0,0,0,64.7,61.0,0,1,0.0,0,3,1,66.7,2,79.2,1,12.5,0,1,5,5.0,1.0,0.5,,0,,,0,0,,0,0,0,,,0,0,33.3,1,3,0,66.7,2,0.0,0,0.0,0,0,0,,,0.0,17.0,0,0.0,0.0,0,1,,0,0,0,,59.9,0,0,33.3,1,3,0,66.7,2,39.6,1,12.5,0,0,0,,,0.0,1.3,0,75.0,,0,0,0.0,0,0,0,70.5,64.3,0,7,25.0,3,12,3,75.0,9,83.3,4,50.0,0,18,16,5.3,6.0,2.0,17.0,0,0.0,0.0,0,1,,0,0,0,,59.9,0,0,0.0,0,1,0,100.0,1,39.6,1,12.5,0,0,0,,,0.0,0,-2.0,0,100.0,,0,0,0.0,0,0,0,64.7,79.1,0,8,0.0,0,4,1,100.0,4,100.0,1,12.5,0,8,10,10.0,8.0,2.0,,,,0,,,0,0,,0,0,0,0,0,57.1,4,7,0,28.6,2,0.0,0,0.0,0,0,0,,,0.0,,0,,,0,0,,0,0,0,,,0,0,50.0,1,2,0,50.0,1,0.0,0,0.0,0,0,0,,,0.0,,0,,,0,0,,0,0,0,,,0,0,40.0,2,5,0,60.0,3,0.0,0,0.0,0,0,0,,,0.0,1.2,0,80.0,,0,0,0.0,0,0,0,72.1,72.7,0,8,0.0,0,5,4,100.0,5,88.3,5,62.5,0,26,23,5.8,6.5,5.2
Kristian Wilkerson,28729,WR,NE,2,8,,0,,,0,0,,0,0,0,,,0,0,,0,0,0,,0,0.0,0,0.0,0,0,0,,,,,0,,,0,0,,0,0,0,,,0,0,0.0,0,3,0,66.7,2,0.0,0,0.0,0,0,0,,,0.0,,0,,,0,0,,0,0,0,,,0,0,,0,0,0,,0,0.0,0,0.0,0,0,0,,,,,0,,,0,0,,0,0,0,,,0,0,0.0,0,2,0,100.0,2,0.0,0,0.0,0,0,0,,,0.0,5.0,0,50.0,0.0,0,1,0.0,0,0,0,64.7,76.0,0,9,0.0,0,7,1,100.0,7,62.5,2,25.0,0,9,4,4.0,9.0,1.29,0,34.3,0,33.3,0.0,0,1,50.0,1,1,0,28.8,57.6,0,20,0.0,0,3,1,100.0,3,97.2,3,37.5,1,20,0,0.0,20.0,6.67,19,,0,,,0,0,,0,0,0,,,0,0,0.0,0,1,0,100.0,1,0.0,0,0.0,0,0,0,,,0.0,33.0,0,50.0,0.0,0,1,50.0,1,1,0,28.8,58.5,0,20,0.0,0,2,1,100.0,2,125.0,2,25.0,1,20,0,0.0,20.0,10.0,,0,,,0,0,,0,0,0,,,0,0,0.0,0,2,0,100.0,2,0.0,0,0.0,0,0,0,,,0.0,6.0,1,100.0,,0,0,0.0,0,0,0,64.7,60.8,0,7,0.0,0,3,1,100.0,3,95.8,1,12.5,0,7,1,1.0,7.0,2.33,14.0,0,50.0,,0,0,0.0,0,1,0,64.7,75.2,0,6,0.0,0,2,1,100.0,2,95.8,2,25.0,1,6,0,0.0,6.0,3.0,0,,0,,,0,0,,0,0,0,,,0,0,,0,0,0,,0,0.0,0,0.0,0,0,0,,,,,59.3,37.0,0,0.0,,0,0,,0,0,0,0,0,0.0,0,1,0,100.0,1,39.6,1,12.5,0,0,0,,,0.0,14.0,0,50.0,,0,0,0.0,0,1,0,64.7,75.2,0,6,0.0,0,3,1,100.0,3,95.8,2,25.0,1,6,0,0.0,6.0,2.0,,0,,,0,0,,0,0,0,,,0,0,0.0,0,7,0,100.0,7,0.0,0,0.0,0,0,0,,,0.0,5.3,1,66.7,0.0,0,1,0.0,0,0,0,68.3,73.6,0,9,0.0,0,3,2,100.0,3,79.9,3,37.5,0,16,5,2.5,8.0,5.33
Corey Clement,12253,HB,DAL,7,7,,0,,,0,0,,0,0,0,,,0,0,,0,0,0,,0,0.0,0,0.0,0,0,0,,,,,0,,,0,0,,0,0,0,,,0,0,100.0,1,1,0,0.0,0,0.0,0,0.0,0,0,0,,,,,0,,,0,0,,0,0,0,,,0,0,,0,0,0,,0,0.0,0,0.0,0,0,0,,,,,0,,,0,0,,0,0,0,,,0,0,33.3,1,3,0,66.7,2,0.0,0,0.0,0,0,0,,,0.0,3.0,0,100.0,,0,0,0.0,0,0,0,64.7,65.4,0,7,11.1,1,9,1,77.8,7,95.8,1,14.3,0,7,4,4.0,7.0,1.0,0,,0,,,0,0,,0,0,0,,,0,0,,0,0,0,,0,0.0,0,0.0,0,0,0,,,,9,,0,,,0,0,,0,0,0,,,0,0,100.0,1,1,0,0.0,0,0.0,0,0.0,0,0,0,,,,,0,,,0,0,,0,0,0,,,0,0,0.0,0,3,0,66.7,2,0.0,0,0.0,0,0,0,,,0.0,,0,,,0,0,,0,0,0,,,0,0,0.0,0,1,0,100.0,1,0.0,0,0.0,0,0,0,,,0.0,2.3,0,66.7,0.0,0,1,33.3,1,1,0,29.9,36.1,0,8,0.0,0,5,2,100.0,5,111.1,3,42.9,1,10,4,2.0,5.0,2.0,,0,,,0,0,,0,0,0,,,0,0,,0,0,0,,0,0.0,0,0.0,0,0,0,,,,0,,0,,,0,0,,0,0,0,,,0,0,0.0,0,1,0,100.0,1,0.0,0,0.0,0,0,0,,,0.0,,,,0,,,0,0,,0,0,0,0,0,0.0,0,2,0,0.0,0,0.0,0,0.0,0,0,0,,,,,0,,,0,0,,0,0,0,,,0,0,0.0,0,1,0,0.0,0,0.0,0,0.0,0,0,0,,,,1.0,0,100.0,,0,0,0.0,0,0,0,70.5,66.3,0,5,25.0,1,4,3,75.0,3,83.3,3,42.9,0,12,9,3.0,4.0,4.0,1.9,0,85.7,0.0,0,1,14.3,1,1,0,49.2,55.3,0,8,0.0,0,7,6,100.0,7,123.5,7,100.0,1,29,17,2.8,4.8,4.14
Rashaad Penny,27414,HB,SEA,10,7,-2.8,4,83.3,,0,0,16.7,1,3,0,46.3,74.3,0,27,0.0,0,6,5,100.0,6,99.3,6,85.7,0,47,62,12.4,9.4,7.83,-4.5,4,100.0,,0,0,0.0,0,1,0,68.3,90.1,0,27,0.0,0,7,2,100.0,7,118.8,2,28.6,0,29,38,19.0,14.5,4.14,,0,,,0,0,,0,0,0,,,0,0,25.0,1,4,0,75.0,3,0.0,0,0.0,0,0,0,,,0.0,,0,,,0,0,,0,0,0,,,0,0,50.0,2,4,0,50.0,2,0.0,0,0.0,0,0,0,,,0.0,,0,,,0,0,,0,0,0,,,0,0,9.1,2,22,0,90.9,20,0.0,0,0.0,0,0,0,,,0.0,0,,0,,,0,0,,0,0,0,,,0,0,,0,0,0,,0,0.0,0,0.0,0,0,0,,,,29,,0,,,0,0,,0,0,0,,,0,0,33.3,1,3,0,66.7,2,0.0,0,0.0,0,0,0,,,0.0,,0,,,0,0,,0,0,0,,,0,0,0.0,0,7,0,100.0,7,0.0,0,0.0,0,0,0,,,0.0,,0,,,0,0,,0,0,0,,,0,0,42.9,3,7,0,57.1,4,0.0,0,0.0,0,0,0,,,0.0,0.0,0,100.0,,0,0,0.0,0,0,0,64.7,65.2,0,1,0.0,0,11,1,100.0,11,79.2,1,14.3,0,1,1,1.0,1.0,0.09,,0,,,0,0,,0,0,0,,,0,0,,0,0,0,,0,0.0,0,0.0,0,0,0,,,,0,-2.0,0,75.0,,0,0,25.0,1,2,0,36.8,53.3,0,11,0.0,0,9,3,100.0,9,83.3,4,57.1,0,18,24,8.0,6.0,2.0,,,,0,,,0,0,,0,0,0,0,0,25.0,1,4,0,50.0,2,0.0,0,0.0,0,0,0,,,0.0,,0,,,0,0,,0,0,0,,,0,0,25.0,1,4,0,75.0,3,0.0,0,0.0,0,0,0,,,0.0,,0,,,0,0,,0,0,0,,,0,0,46.2,6,13,0,53.8,7,0.0,0,0.0,0,0,0,,,0.0,0.0,0,100.0,,0,0,0.0,0,0,0,64.7,65.2,0,1,0.0,0,1,1,100.0,1,79.2,1,14.3,0,1,1,1.0,1.0,1.0
Chris Herndon,47164,TE,MIN,16,7,-1.5,0,100.0,,0,0,0.0,0,1,0,68.3,94.0,0,7,0.0,0,2,2,100.0,2,125.0,2,28.6,1,9,12,6.0,4.5,4.5,-1.0,0,100.0,,0,0,0.0,0,0,0,64.7,90.4,0,2,0.0,0,12,1,100.0,12,118.8,1,14.3,1,2,3,3.0,2.0,0.17,,0,,,0,0,,0,0,0,,,0,0,33.3,1,3,0,33.3,1,0.0,0,0.0,0,0,0,,,0.0,,0,,,0,0,,0,0,0,,,0,0,10.0,1,10,0,80.0,8,0.0,0,0.0,0,0,0,,,0.0,6.0,0,0.0,,0,0,100.0,2,0,0,25.5,28.4,0,0,5.3,1,19,0,89.5,17,39.6,2,28.6,0,0,0,,,0.0,0,,0,,,0,0,,0,0,0,,,0,0,,0,0,0,,0,0.0,0,0.0,0,0,0,,,,18,,0,,,0,0,,0,0,0,,,0,0,66.7,2,3,0,0.0,0,0.0,0,0.0,0,0,0,,,,,0,,,0,0,,0,0,0,,,0,0,0.0,0,3,0,66.7,2,0.0,0,0.0,0,0,0,,,0.0,,0,,,0,0,,0,0,0,,,0,0,0.0,0,1,0,100.0,1,0.0,0,0.0,0,0,0,,,0.0,8.5,0,50.0,,0,0,0.0,0,1,0,64.7,76.5,0,17,0.0,0,11,1,100.0,11,79.2,2,28.6,0,17,8,8.0,17.0,1.55,,0,,,0,0,,0,0,0,,,0,0,,0,0,0,,0,0.0,0,0.0,0,0,0,,,,0,-2.0,0,100.0,,0,0,0.0,0,1,0,64.7,90.3,0,7,0.0,0,12,1,100.0,12,95.8,1,14.3,0,7,9,9.0,7.0,0.58,,,,0,,,0,0,,0,0,0,0,0,0.0,0,1,0,100.0,1,0.0,0,0.0,0,0,0,,,0.0,,0,,,0,0,,0,0,0,,,0,0,100.0,1,1,0,0.0,0,0.0,0,0.0,0,0,0,,,,2.0,0,100.0,,0,0,0.0,0,1,0,64.7,90.4,0,14,0.0,0,7,1,100.0,7,118.8,1,14.3,0,14,12,12.0,14.0,2.0,6.2,0,40.0,,0,0,50.0,2,2,0,27.3,56.2,0,17,0.0,0,5,2,100.0,5,61.3,5,71.4,0,31,20,10.0,15.5,6.2
Cody Hollister,12052,WR,TEN,3,7,-1.0,1,100.0,,0,0,0.0,0,1,0,64.7,79.2,0,8,0.0,0,1,1,100.0,1,100.0,1,14.3,0,8,9,9.0,8.0,8.0,,0,,,0,0,,0,0,0,,,0,0,0.0,0,6,0,100.0,6,0.0,0,0.0,0,0,0,,,0.0,,0,,,0,0,,0,0,0,,,0,0,0.0,0,1,0,100.0,1,0.0,0,0.0,0,0,0,,,0.0,,0,,,0,0,,0,0,0,,,0,0,0.0,0,2,0,100.0,2,0.0,0,0.0,0,0,0,,,0.0,5.0,0,100.0,,0,0,0.0,0,3,0,70.5,86.6,0,14,0.0,0,19,3,100.0,19,101.4,3,42.9,0,25,10,3.3,8.3,1.32,0,50.0,0,0.0,0.0,0,1,,0,0,0,,59.9,0,0,0.0,0,1,0,100.0,1,39.6,1,14.3,0,0,0,,,0.0,31,,0,,,0,0,,0,0,0,,,0,0,0.0,0,2,0,100.0,2,0.0,0,0.0,0,0,0,,,0.0,50.0,0,0.0,0.0,0,1,,0,0,0,,59.9,0,0,0.0,0,2,0,100.0,2,39.6,1,14.3,0,0,0,,,0.0,,0,,,0,0,,0,0,0,,,0,0,0.0,0,1,0,100.0,1,0.0,0,0.0,0,0,0,,,0.0,6.0,0,0.0,0.0,0,1,,0,0,0,,58.9,0,0,0.0,0,4,0,75.0,3,39.6,1,14.3,0,0,0,,,0.0,10.0,0,0.0,,0,0,,0,0,0,,59.0,1,0,0.0,0,1,0,100.0,1,0.0,1,14.3,0,0,0,,,0.0,0,-1.0,1,100.0,,0,0,0.0,0,1,0,64.7,79.2,0,8,0.0,0,2,1,100.0,2,100.0,1,14.3,0,8,9,9.0,8.0,4.0,,,,0,,,0,0,,0,0,0,0,0,0.0,0,2,0,100.0,2,0.0,0,0.0,0,0,0,,,0.0,10.0,0,0.0,,0,0,,0,0,0,,59.0,1,0,0.0,0,2,0,100.0,2,0.0,1,14.3,0,0,0,,,0.0,,0,,,0,0,,0,0,0,,,0,0,0.0,0,7,0,100.0,7,0.0,0,0.0,0,0,0,,,0.0,5.3,0,75.0,0.0,0,1,0.0,0,3,0,70.5,83.4,0,14,0.0,0,4,3,100.0,4,90.6,4,57.1,0,25,10,3.3,8.3,6.25
Keith Kirkwood,48017,WR,CAR,3,7,-2.0,1,100.0,,0,0,0.0,0,1,0,68.3,76.5,0,5,0.0,0,2,2,100.0,2,87.5,2,28.6,0,10,14,7.0,5.0,5.0,,0,,,0,0,,0,0,0,,,0,0,0.0,0,5,0,80.0,4,0.0,0,0.0,0,0,0,,,0.0,,0,,,0,0,,0,0,0,,,0,0,0.0,0,2,0,100.0,2,0.0,0,0.0,0,0,0,,,0.0,,0,,,0,0,,0,0,0,,,0,0,0.0,0,1,0,100.0,1,0.0,0,0.0,0,0,0,,,0.0,5.0,0,50.0,0.0,0,1,50.0,1,0,0,28.8,42.9,0,7,0.0,0,9,1,100.0,9,58.3,2,28.6,0,7,2,2.0,7.0,0.78,0,23.0,0,0.0,0.0,0,1,,0,0,0,,57.2,0,0,0.0,0,2,0,100.0,2,39.6,2,28.6,0,0,0,,,0.0,5,-1.0,0,100.0,,0,0,0.0,0,1,0,64.7,60.5,0,5,0.0,0,1,1,100.0,1,87.5,1,14.3,0,5,6,6.0,5.0,5.0,21.0,0,0.0,,0,0,,0,0,0,,59.8,0,0,0.0,0,1,0,100.0,1,39.6,1,14.3,0,0,0,,,0.0,,0,,,0,0,,0,0,0,,,0,0,0.0,0,3,0,100.0,3,0.0,0,0.0,0,0,0,,,0.0,,0,,,0,0,,0,0,0,,,0,0,0.0,0,2,0,100.0,2,0.0,0,0.0,0,0,0,,,0.0,,0,,,0,0,,0,0,0,,,0,0,,0,0,0,,0,0.0,0,0.0,0,0,0,,,,0,-3.0,1,100.0,,0,0,0.0,0,0,0,64.7,79.1,0,5,0.0,0,5,1,100.0,5,87.5,1,14.3,0,5,8,8.0,5.0,1.0,,59.0,25.0,0,0.0,0.0,0,1,,0,0,0,0,0,0.0,0,2,0,50.0,1,39.6,1,14.3,0,0,0,,,0.0,,0,,,0,0,,0,0,0,,,0,0,0.0,0,2,0,100.0,2,0.0,0,0.0,0,0,0,,,0.0,4.0,0,0.0,0.0,0,1,,0,0,0,,59.7,0,0,0.0,0,1,0,100.0,1,39.6,1,14.3,0,0,0,,,0.0,4.7,0,33.3,0.0,0,2,50.0,1,0,0,28.8,43.6,0,7,0.0,0,3,1,100.0,3,42.4,3,42.9,0,7,2,2.0,7.0,2.33
Willie Snead IV,8999,WR,CAR,9,7,,0,,,0,0,,0,0,0,,,0,0,,0,0,0,,0,0.0,0,0.0,0,0,0,,,,,0,,,0,0,,0,0,0,,,0,0,,0,0,0,,0,0.0,0,0.0,0,0,0,,,,,0,,,0,0,,0,0,0,,,0,0,,0,0,0,,0,0.0,0,0.0,0,0,0,,,,14.0,0,100.0,,0,0,0.0,0,1,0,64.7,79.5,0,15,0.0,0,2,1,100.0,2,118.8,1,14.3,0,15,1,1.0,15.0,7.5,4.3,1,50.0,,0,0,50.0,2,2,0,27.3,57.4,1,14,0.0,0,9,2,88.9,8,21.9,4,57.1,0,17,8,4.0,8.5,2.13,0,,0,,,0,0,,0,0,0,,,0,0,,0,0,0,,0,0.0,0,0.0,0,0,0,,,,5,,0,,,0,0,,0,0,0,,,0,0,,0,0,0,,0,0.0,0,0.0,0,0,0,,,,,0,,,0,0,,0,0,0,,,0,0,0.0,0,1,0,100.0,1,0.0,0,0.0,0,0,0,,,0.0,17.0,0,0.0,,0,0,,0,0,0,,59.8,0,0,0.0,0,2,0,100.0,2,39.6,1,14.3,0,0,0,,,0.0,,0,,,0,0,,0,0,0,,,0,0,0.0,0,4,0,100.0,4,0.0,0,0.0,0,0,0,,,0.0,15.5,0,50.0,,0,0,0.0,0,1,0,64.7,78.1,0,15,0.0,0,2,1,100.0,2,75.0,2,28.6,0,15,1,1.0,15.0,7.5,0,,0,,,0,0,,0,0,0,,,0,0,0.0,0,2,0,100.0,2,0.0,0,0.0,0,0,0,,,0.0,,,,0,,,0,0,,0,0,0,0,0,0.0,0,1,0,100.0,1,0.0,0,0.0,0,0,0,,,0.0,,0,,,0,0,,0,0,0,,,0,0,,0,0,0,,0,0.0,0,0.0,0,0,0,,,,1.0,0,100.0,,0,0,0.0,0,0,0,64.7,61.0,0,6,0.0,0,5,1,100.0,5,91.7,1,14.3,0,6,5,5.0,6.0,1.2,3.6,1,60.0,,0,0,40.0,2,2,0,28.0,58.2,1,14,0.0,0,6,3,83.3,5,31.7,5,71.4,0,23,13,4.3,7.7,4.6
Charlie Woerner,42257,TE,SF,18,7,,0,,,0,0,,0,0,0,,,0,0,,0,0,0,,0,0.0,0,0.0,0,0,0,,,,,0,,,0,0,,0,0,0,,,0,0,25.0,2,8,0,75.0,6,0.0,0,0.0,0,0,0,,,0.0,,0,,,0,0,,0,0,0,,60.0,0,0,33.3,1,3,0,33.3,1,0.0,0,0.0,0,0,0,,,0.0,,0,,,0,0,,0,0,0,,,0,0,40.0,6,15,0,60.0,9,0.0,0,0.0,0,0,0,,,0.0,5.5,0,100.0,,0,0,0.0,0,2,0,68.3,90.4,0,11,17.4,4,23,2,82.6,19,104.2,2,28.6,0,18,7,3.5,9.0,0.95,0,24.0,0,100.0,,0,0,0.0,0,1,0,64.7,91.8,0,27,0.0,0,2,1,50.0,1,118.8,1,14.3,0,27,3,3.0,27.0,27.0,28,,0,,,0,0,,0,0,0,,,0,0,50.0,2,4,0,50.0,2,0.0,0,0.0,0,0,0,,,0.0,,0,,,0,0,,0,0,0,,,0,0,0.0,0,3,0,100.0,3,0.0,0,0.0,0,0,0,,,0.0,,0,,,0,0,,0,0,0,,,0,0,66.7,2,3,0,33.3,1,0.0,0,0.0,0,0,0,,,0.0,3.5,0,100.0,,0,0,0.0,0,0,0,68.3,62.4,0,4,0.0,0,5,2,100.0,5,81.3,2,28.6,0,7,0,0.0,3.5,1.4,,0,,,0,0,,0,0,0,,,0,0,,0,0,0,,0,0.0,0,0.0,0,0,0,,,,0,,0,,,0,0,,0,0,0,,,0,0,0.0,0,2,0,50.0,1,0.0,0,0.0,0,0,0,,,0.0,64.7,90.9,24.0,0,100.0,,0,0,0.0,0,1,0,0,27,33.3,1,3,1,66.7,2,118.8,1,14.3,0,27,3,3.0,27.0,13.5,,0,,,0,0,,0,0,0,,,0,0,0.0,0,5,0,100.0,5,0.0,0,0.0,0,0,0,,,0.0,5.0,0,0.0,0.0,0,2,,0,0,0,,55.9,0,0,12.5,1,8,0,75.0,6,39.6,2,28.6,0,0,0,,,0.0,4.7,0,66.7,0.0,0,2,0.0,0,2,0,72.1,89.2,0,11,0.0,0,6,4,100.0,6,75.0,6,85.7,0,25,7,1.8,6.3,4.17
Jason Cabinda,50714,FB,DET,13,7,-7.0,0,0.0,,0,0,,0,0,0,,58.8,0,0,0.0,0,1,0,100.0,1,39.6,1,14.3,0,0,0,,,0.0,-7.0,0,0.0,,0,0,,0,0,0,,58.8,0,0,0.0,0,4,0,100.0,4,39.6,1,14.3,0,0,0,,,0.0,,0,,,0,0,,0,0,0,,,0,0,0.0,0,2,0,100.0,2,0.0,0,0.0,0,0,0,,,0.0,,0,,,0,0,,0,0,0,,,0,0,22.2,2,9,0,66.7,6,0.0,0,0.0,0,0,0,,,0.0,3.0,0,100.0,,0,0,0.0,0,1,0,64.7,90.4,0,6,16.7,1,6,1,83.3,5,131.3,1,14.3,1,6,3,3.0,6.0,1.2,0,,0,,,0,0,,0,0,0,,,0,0,,0,0,0,,0,0.0,0,0.0,0,0,0,,,,11,,0,,,0,0,,0,0,0,,,0,0,,0,0,0,,0,0.0,0,0.0,0,0,0,,,,,0,,,0,0,,0,0,0,,,0,0,100.0,2,2,0,0.0,0,0.0,0,0.0,0,0,0,,,,,0,,,0,0,,0,0,0,,,0,0,,0,0,0,,0,0.0,0,0.0,0,0,0,,,,2.0,0,75.0,,0,0,0.0,0,1,0,70.5,69.8,0,4,14.3,1,7,3,85.7,6,77.1,4,57.1,0,10,5,1.7,3.3,1.67,,0,,,0,0,,0,0,0,,,0,0,,0,0,0,,0,0.0,0,0.0,0,0,0,,,,0,,0,,,0,0,,0,0,0,,,0,0,0.0,0,3,0,100.0,3,0.0,0,0.0,0,0,0,,,0.0,,,,0,,,0,0,,0,0,0,0,0,0.0,0,1,0,100.0,1,0.0,0,0.0,0,0,0,,,0.0,,0,,,0,0,,0,0,0,,,0,0,,0,0,0,,0,0.0,0,0.0,0,0,0,,,,1.0,0,0.0,,0,0,100.0,1,0,0,27.9,25.7,0,0,0.0,0,5,0,80.0,4,39.6,1,14.3,0,0,0,,,0.0,2.0,0,66.7,,0,0,20.0,1,2,0,41.6,62.5,0,6,0.0,0,7,4,85.7,6,109.7,6,85.7,1,16,8,2.0,4.0,2.67
Tony Jones Jr.,40498,HB,NO,9,7,-3.5,0,100.0,,0,0,0.0,0,1,0,68.3,70.7,0,19,0.0,0,3,2,66.7,2,100.0,2,28.6,0,16,23,11.5,8.0,8.0,-3.0,0,100.0,,0,0,0.0,0,0,0,64.7,61.0,0,-3,0.0,0,5,1,80.0,4,79.2,1,14.3,0,-3,0,0.0,-3.0,-0.75,,0,,,0,0,,0,0,0,,,0,0,50.0,1,2,0,0.0,0,0.0,0,0.0,0,0,0,,,,,0,,,0,0,,0,0,0,,,0,0,33.3,2,6,0,66.7,4,0.0,0,0.0,0,0,0,,,0.0,3.5,0,50.0,0.0,0,1,0.0,0,0,0,64.7,64.5,0,4,9.1,1,11,1,90.9,10,56.3,2,28.6,0,4,2,2.0,4.0,0.4,0,,0,,,0,0,,0,0,0,,,0,0,,0,0,0,,0,0.0,0,0.0,0,0,0,,,,20,-4.0,0,100.0,,0,0,0.0,0,1,0,64.7,81.3,0,19,0.0,0,4,1,75.0,3,118.8,1,14.3,0,19,23,23.0,19.0,6.33,,0,,,0,0,,0,0,0,,,0,0,0.0,0,1,0,100.0,1,0.0,0,0.0,0,0,0,,,0.0,,0,,,0,0,,0,0,0,,,0,0,25.0,1,4,0,75.0,3,0.0,0,0.0,0,0,0,,,0.0,1.0,0,0.0,,0,0,,0,0,0,,60.0,0,0,11.1,1,9,0,88.9,8,39.6,1,14.3,0,0,0,,,0.0,,0,,,0,0,,0,0,0,,,0,0,,0,0,0,,0,0.0,0,0.0,0,0,0,,,,0,,0,,,0,0,,0,0,0,,,0,0,50.0,1,2,0,50.0,1,0.0,0,0.0,0,0,0,,,0.0,,,,0,,,0,0,,0,0,0,0,0,100.0,1,1,0,0.0,0,0.0,0,0.0,0,0,0,,,,,0,,,0,0,,0,0,0,,,0,0,0.0,0,1,0,100.0,1,0.0,0,0.0,0,0,0,,,0.0,2.5,0,100.0,,0,0,0.0,0,1,0,68.3,68.3,0,6,50.0,4,8,2,50.0,4,85.4,2,28.6,0,9,4,2.0,4.5,2.25,2.6,0,60.0,0.0,0,1,0.0,0,1,0,70.5,68.9,0,6,0.0,0,5,3,100.0,5,64.6,5,71.4,0,13,6,2.0,4.3,2.6
Tre' McKitty,60896,TE,LAC,10,7,-1.0,1,100.0,,0,0,0.0,0,1,0,64.7,90.3,0,7,0.0,0,1,1,100.0,1,95.8,1,14.3,0,7,8,8.0,7.0,7.0,,0,,,0,0,,0,0,0,,,0,0,33.3,1,3,0,66.7,2,0.0,0,0.0,0,0,0,,,0.0,,0,,,0,0,,0,0,0,,,0,0,,0,0,0,,0,0.0,0,0.0,0,0,0,,,,,0,,,0,0,,0,0,0,,,0,0,20.0,1,5,0,80.0,4,0.0,0,0.0,0,0,0,,,0.0,3.8,1,80.0,0.0,0,1,0.0,0,2,0,72.1,91.2,0,12,16.7,2,12,4,83.3,10,91.7,5,71.4,0,30,17,4.3,7.5,3.0,0,,0,,,0,0,,0,0,0,,,0,0,,0,0,0,,0,0.0,0,0.0,0,0,0,,,,27,,0,,,0,0,,0,0,0,,,0,0,50.0,1,2,0,50.0,1,0.0,0,0.0,0,0,0,,,0.0,,0,,,0,0,,0,0,0,,,0,0,66.7,2,3,0,0.0,0,0.0,0,0.0,0,0,0,,,,,0,,,0,0,,0,0,0,,,0,0,66.7,2,3,0,33.3,1,0.0,0,0.0,0,0,0,,,0.0,2.0,0,100.0,,0,0,0.0,0,0,0,64.7,62.6,0,8,28.6,2,7,1,71.4,5,100.0,1,14.3,0,8,6,6.0,8.0,1.6,,0,,,0,0,,0,0,0,,,0,0,,0,0,0,,0,0.0,0,0.0,0,0,0,,,,0,-1.0,1,100.0,,0,0,0.0,0,1,0,64.7,90.3,0,7,16.7,1,6,1,83.3,5,95.8,1,14.3,0,7,8,8.0,7.0,1.4,,,,0,,,0,0,,0,0,0,0,0,0.0,0,1,0,100.0,1,0.0,0,0.0,0,0,0,,,0.0,,0,,,0,0,,0,0,0,,,0,0,46.2,6,13,0,46.2,6,0.0,0,0.0,0,0,0,,,0.0,,0,,,0,0,,0,0,0,,,0,0,7.7,1,13,0,92.3,12,0.0,0,0.0,0,0,0,,,0.0,3.5,1,83.3,0.0,0,1,0.0,0,2,0,73.4,90.6,0,12,0.0,0,6,5,100.0,6,93.1,6,85.7,0,38,23,4.6,7.6,6.33
Le'Veon Bell,7829,HB,TB,8,7,-2.0,0,66.7,,0,0,0.0,0,1,0,68.3,67.0,0,1,0.0,0,3,2,100.0,3,109.7,3,42.9,1,0,2,1.0,0.0,0.0,,0,,,0,0,,0,0,0,,,0,0,50.0,1,2,0,50.0,1,0.0,0,0.0,0,0,0,,,0.0,,0,,,0,0,,0,0,0,,,0,0,0.0,0,1,0,100.0,1,0.0,0,0.0,0,0,0,,,0.0,,0,,,0,0,,0,0,0,,,0,0,25.0,3,12,0,75.0,9,0.0,0,0.0,0,0,0,,,0.0,2.5,0,50.0,,0,0,50.0,1,1,0,28.8,60.2,0,15,18.5,5,27,1,81.5,22,75.0,2,28.6,0,15,12,12.0,15.0,0.68,0,,0,,,0,0,,0,0,0,,,0,0,,0,0,0,,0,0.0,0,0.0,0,0,0,,,,30,-2.5,0,50.0,,0,0,0.0,0,0,0,64.7,63.9,0,-1,50.0,3,6,1,50.0,3,56.3,2,28.6,0,-1,0,0.0,-1.0,-0.33,,0,,,0,0,,0,0,0,,,0,0,0.0,0,6,0,100.0,6,0.0,0,0.0,0,0,0,,,0.0,,0,,,0,0,,0,0,0,,,0,0,0.0,0,2,0,100.0,2,0.0,0,0.0,0,0,0,,,0.0,1.5,0,100.0,,0,0,0.0,0,1,0,68.3,70.8,0,12,56.3,9,16,2,43.8,7,97.9,2,28.6,0,15,12,6.0,7.5,2.14,,0,,,0,0,,0,0,0,,,0,0,,0,0,0,,0,0.0,0,0.0,0,0,0,,,,0,-1.0,0,100.0,,0,0,0.0,0,1,0,64.7,64.9,0,1,25.0,1,4,1,75.0,3,118.8,1,14.3,1,1,2,2.0,1.0,0.33,,,,0,,,0,0,,0,0,0,0,0,28.6,2,7,0,71.4,5,0.0,0,0.0,0,0,0,,,0.0,,0,,,0,0,,0,0,0,,,0,0,0.0,0,7,0,100.0,7,0.0,0,0.0,0,0,0,,,0.0,,0,,,0,0,,0,0,0,,,0,0,71.4,5,7,0,28.6,2,0.0,0,0.0,0,0,0,,,0.0,2.0,0,75.0,,0,0,25.0,1,2,0,36.2,67.8,0,15,0.0,0,4,3,100.0,4,95.8,4,57.1,0,30,24,8.0,10.0,7.5
Colby Parkinson,52266,TE,SEA,11,7,-2.0,0,100.0,,0,0,0.0,0,0,0,68.3,62.3,0,2,0.0,0,2,2,100.0,2,79.2,2,28.6,0,3,7,3.5,1.5,1.5,,0,,,0,0,,0,0,0,,,0,0,0.0,0,2,0,100.0,2,0.0,0,0.0,0,0,0,,,0.0,20.0,0,0.0,0.0,0,1,,0,0,0,,59.6,0,0,33.3,1,3,0,66.7,2,39.6,1,14.3,0,0,0,,,0.0,18.0,0,0.0,,0,0,,0,0,0,,58.8,0,0,0.0,0,4,0,75.0,3,39.6,1,14.3,0,0,0,,,0.0,5.0,1,100.0,,0,0,0.0,0,1,0,64.7,78.3,0,12,0.0,0,11,1,100.0,11,116.7,1,14.3,0,12,7,7.0,12.0,1.09,0,20.0,0,0.0,0.0,0,1,,0,0,0,,59.6,0,0,0.0,0,1,0,100.0,1,39.6,1,14.3,0,0,0,,,0.0,29,-2.0,0,100.0,,0,0,0.0,0,0,0,68.3,62.3,0,2,14.3,1,7,2,85.7,6,79.2,2,28.6,0,3,7,3.5,1.5,0.5,,0,,,0,0,,0,0,0,,,0,0,75.0,3,4,0,25.0,1,0.0,0,0.0,0,0,0,,,0.0,,0,,,0,0,,0,0,0,,,0,0,62.5,5,8,0,37.5,3,0.0,0,0.0,0,0,0,,,0.0,2.0,0,100.0,,0,0,0.0,0,0,0,64.7,61.0,0,6,12.5,1,8,1,87.5,7,91.7,1,14.3,0,6,4,4.0,6.0,0.86,14.0,0,50.0,100.0,1,1,0.0,0,1,0,64.7,80.6,0,12,0.0,0,2,1,100.0,2,68.8,2,28.6,0,12,2,2.0,12.0,6.0,0,,0,,,0,0,,0,0,0,,,0,0,14.3,1,7,0,85.7,6,0.0,0,0.0,0,0,0,,,0.0,,,,0,,,0,0,,0,0,0,0,0,50.0,1,2,0,50.0,1,0.0,0,0.0,0,0,0,,,0.0,10.0,0,100.0,100.0,1,1,0.0,0,1,0,64.7,79.6,0,12,50.0,1,2,1,50.0,1,116.7,1,14.3,0,12,2,2.0,12.0,12.0,,0,,,0,0,,0,0,0,,,0,0,0.0,0,6,0,100.0,6,0.0,0,0.0,0,0,0,,,0.0,3.5,1,100.0,,0,0,0.0,0,1,0,68.3,76.2,0,12,0.0,0,2,2,100.0,2,104.2,2,28.6,0,18,11,5.5,9.0,9.0
Matt Breida,12271,HB,BUF,7,7,-3.3,0,100.0,,0,0,0.0,0,2,0,72.1,90.0,0,23,0.0,0,4,4,100.0,4,154.2,4,57.1,1,46,59,14.8,11.5,11.5,-3.3,0,100.0,,0,0,0.0,0,2,0,72.1,90.0,0,23,0.0,0,5,4,100.0,5,154.2,4,57.1,1,46,59,14.8,11.5,9.2,,0,,,0,0,,0,0,0,,,0,0,0.0,0,2,0,100.0,2,0.0,0,0.0,0,0,0,,,0.0,,0,,,0,0,,0,0,0,,,0,0,25.0,1,4,0,75.0,3,0.0,0,0.0,0,0,0,,,0.0,4.0,0,100.0,,0,0,0.0,0,0,0,64.7,65.2,0,6,16.7,1,6,1,83.3,5,91.7,1,14.3,0,6,2,2.0,6.0,1.2,0,,0,,,0,0,,0,0,0,,,0,0,,0,0,0,,0,0.0,0,0.0,0,0,0,,,,4,,0,,,0,0,,0,0,0,,,0,0,0.0,0,2,0,100.0,2,0.0,0,0.0,0,0,0,,,0.0,,0,,,0,0,,0,0,0,,,0,0,0.0,0,1,0,100.0,1,0.0,0,0.0,0,0,0,,,0.0,18.0,0,100.0,,0,0,0.0,0,1,0,64.7,81.8,0,15,0.0,0,3,1,100.0,3,158.3,1,14.3,1,15,0,0.0,15.0,5.0,3.0,0,100.0,,0,0,0.0,0,1,0,64.7,78.1,0,5,0.0,0,6,1,83.3,5,87.5,1,14.3,0,5,2,2.0,5.0,1.0,18.0,0,100.0,,0,0,0.0,0,1,0,64.7,81.8,0,15,0.0,0,1,1,100.0,1,158.3,1,14.3,1,15,0,0.0,15.0,15.0,0,,0,,,0,0,,0,0,0,,,0,0,,0,0,0,,0,0.0,0,0.0,0,0,0,,,,,,,0,,,0,0,,0,0,0,0,0,0.0,0,1,0,100.0,1,0.0,0,0.0,0,0,0,,,0.0,,0,,,0,0,,0,0,0,,,0,0,50.0,1,2,0,50.0,1,0.0,0,0.0,0,0,0,,,0.0,,0,,,0,0,,0,0,0,,,0,0,0.0,0,3,0,66.7,2,0.0,0,0.0,0,0,0,,,0.0,3.5,0,100.0,,0,0,0.0,0,1,0,68.3,86.2,0,6,0.0,0,2,2,100.0,2,89.6,2,28.6,0,11,4,2.0,5.5,5.5
Kalen Ballage,45741,HB,PIT,10,7,-2.0,0,25.0,,0,0,66.7,2,0,0,26.4,25.7,0,2,0.0,0,4,1,100.0,4,39.6,4,57.1,0,2,5,5.0,2.0,0.5,-1.5,0,0.0,,0,0,100.0,1,0,0,27.9,25.7,0,0,0.0,0,3,0,100.0,3,39.6,2,28.6,0,0,0,,,0.0,,0,,,0,0,,0,0,0,,,0,0,25.0,1,4,0,75.0,3,0.0,0,0.0,0,0,0,,,0.0,,0,,,0,0,,0,0,0,,,0,0,0.0,0,2,0,100.0,2,0.0,0,0.0,0,0,0,,,0.0,2.5,0,50.0,0.0,0,1,0.0,0,0,0,64.7,64.1,0,6,14.3,3,21,1,85.7,18,56.3,2,28.6,0,6,4,4.0,6.0,0.33,0,,0,,,0,0,,0,0,0,,,0,0,,0,0,0,,0,0.0,0,0.0,0,0,0,,,,25,-3.0,0,100.0,,0,0,0.0,0,0,0,64.7,61.0,0,2,0.0,0,1,1,100.0,1,79.2,1,14.3,0,2,5,5.0,2.0,2.0,,0,,,0,0,,0,0,0,,,0,0,50.0,2,4,0,50.0,2,0.0,0,0.0,0,0,0,,,0.0,,0,,,0,0,,0,0,0,,,0,0,0.0,0,2,0,100.0,2,0.0,0,0.0,0,0,0,,,0.0,,0,,,0,0,,0,0,0,,,0,0,20.0,1,5,0,80.0,4,0.0,0,0.0,0,0,0,,,0.0,,0,,,0,0,,0,0,0,,,0,0,,0,0,0,,0,0.0,0,0.0,0,0,0,,,,0,-2.0,0,0.0,,0,0,100.0,1,0,0,27.9,25.9,0,0,0.0,0,3,0,100.0,3,39.6,1,14.3,0,0,0,,,0.0,,,,0,,,0,0,,0,0,0,0,0,50.0,3,6,0,33.3,2,0.0,0,0.0,0,0,0,,,0.0,,0,,,0,0,,0,0,0,,,0,0,25.0,1,4,0,50.0,2,0.0,0,0.0,0,0,0,,,0.0,1.0,0,0.0,,0,0,,0,0,0,,60.0,1,0,25.0,1,4,0,75.0,3,0.0,1,14.3,0,0,0,,,0.0,2.0,0,33.3,0.0,0,1,0.0,0,0,0,64.7,63.1,1,6,0.0,0,3,1,100.0,3,2.8,3,42.9,0,6,4,4.0,6.0,2.0
Ihmir Smith-Marsette,61324,WR,MIN,6,6,,0,,,0,0,,0,0,0,,,0,0,,0,0,0,,0,0.0,0,0.0,0,0,0,,,,,0,,,0,0,,0,0,0,,,0,0,0.0,0,3,0,100.0,3,0.0,0,0.0,0,0,0,,,0.0,34.0,0,100.0,,0,0,0.0,0,1,0,64.7,91.0,0,44,0.0,0,4,1,75.0,3,158.3,1,16.7,1,44,10,10.0,44.0,14.67,,0,,,0,0,,0,0,0,,,0,0,0.0,0,4,0,100.0,4,0.0,0,0.0,0,0,0,,,0.0,,0,,,0,0,,0,0,0,,,0,0,0.0,0,10,0,90.0,9,0.0,0,0.0,0,0,0,,,0.0,0,31.3,0,66.7,0.0,0,1,0.0,0,2,0,68.3,94.3,0,44,0.0,0,3,2,100.0,3,149.3,3,50.0,1,84,15,7.5,42.0,28.0,18,,0,,,0,0,,0,0,0,,,0,0,0.0,0,1,0,100.0,1,0.0,0,0.0,0,0,0,,,0.0,35.0,0,100.0,,0,0,0.0,0,1,0,64.7,90.7,0,40,0.0,0,6,1,100.0,6,118.8,1,16.7,0,40,5,5.0,40.0,6.67,,0,,,0,0,,0,0,0,,,0,0,0.0,0,2,0,100.0,2,0.0,0,0.0,0,0,0,,,0.0,4.0,0,100.0,,0,0,0.0,0,0,0,64.7,61.0,0,6,0.0,0,8,1,75.0,6,91.7,1,16.7,0,6,2,2.0,6.0,1.0,16.0,0,100.0,,0,0,0.0,0,2,0,68.3,90.2,0,19,0.0,0,2,2,100.0,2,158.3,2,33.3,1,26,0,0.0,13.0,13.0,0,,0,,,0,0,,0,0,0,,,0,0,0.0,0,3,0,100.0,3,0.0,0,0.0,0,0,0,,,0.0,,59.0,25.0,0,0.0,0.0,0,1,,0,0,0,0,0,0.0,0,4,0,100.0,4,39.6,1,16.7,0,0,0,,,0.0,16.0,0,100.0,,0,0,0.0,0,2,0,68.3,90.2,0,19,0.0,0,4,2,100.0,4,158.3,2,33.3,1,26,0,0.0,13.0,6.5,,0,,,0,0,,0,0,0,,,0,0,0.0,0,3,0,100.0,3,0.0,0,0.0,0,0,0,,,0.0,4.0,0,100.0,,0,0,0.0,0,0,0,64.7,61.0,0,6,0.0,0,1,1,100.0,1,91.7,1,16.7,0,6,2,2.0,6.0,6.0
Jakob Johnson,32565,FB,NE,17,6,-1.0,0,0.0,,0,0,,0,0,0,,59.6,0,0,0.0,0,1,0,100.0,1,39.6,1,16.7,0,0,0,,,0.0,,0,,,0,0,,0,0,0,,,0,0,0.0,0,2,0,100.0,2,0.0,0,0.0,0,0,0,,,0.0,,0,,,0,0,,0,0,0,,,0,0,33.3,1,3,0,33.3,1,0.0,0,0.0,0,0,0,,,0.0,,0,,,0,0,,0,0,0,,,0,0,38.5,5,13,0,61.5,8,0.0,0,0.0,0,0,0,,,0.0,2.0,0,100.0,,0,0,0.0,0,1,0,68.3,81.9,0,9,15.8,3,19,2,84.2,16,89.6,2,33.3,0,11,7,3.5,5.5,0.69,0,,0,,,0,0,,0,0,0,,,0,0,,0,0,0,,0,0.0,0,0.0,0,0,0,,,,19,,0,,,0,0,,0,0,0,,,0,0,0.0,0,1,0,100.0,1,0.0,0,0.0,0,0,0,,,0.0,,0,,,0,0,,0,0,0,,,0,0,0.0,0,3,0,100.0,3,0.0,0,0.0,0,0,0,,,0.0,,0,,,0,0,,0,0,0,,,0,0,22.2,2,9,0,66.7,6,0.0,0,0.0,0,0,0,,,0.0,2.0,0,100.0,,0,0,0.0,0,0,0,64.7,61.8,0,3,27.3,3,11,1,72.7,8,79.2,1,16.7,0,3,1,1.0,3.0,0.38,,0,,,0,0,,0,0,0,,,0,0,,0,0,0,,0,0.0,0,0.0,0,0,0,,,,0,-1.0,0,0.0,,0,0,,0,0,0,,59.6,0,0,0.0,0,3,0,100.0,3,39.6,1,16.7,0,0,0,,,0.0,,,,0,,,0,0,,0,0,0,0,0,33.3,1,3,0,66.7,2,0.0,0,0.0,0,0,0,,,0.0,,0,,,0,0,,0,0,0,,,0,0,25.0,1,4,0,50.0,2,0.0,0,0.0,0,0,0,,,0.0,1.5,1,50.0,,0,0,50.0,1,1,0,28.8,38.5,0,29,0.0,0,5,1,100.0,5,95.8,2,33.3,0,29,27,27.0,29.0,5.8,1.8,1,80.0,,0,0,20.0,1,2,0,41.6,62.5,0,29,0.0,0,5,4,100.0,5,102.5,5,83.3,0,43,35,8.8,10.8,8.6
Darrell Daniels,12122,TE,ARZ,16,6,-3.8,0,75.0,,0,0,25.0,1,0,0,36.2,34.4,0,2,0.0,0,4,3,100.0,4,77.1,4,66.7,0,2,14,4.7,0.7,0.5,-3.0,0,100.0,,0,0,0.0,0,0,0,68.3,66.2,0,2,21.1,4,19,2,78.9,15,79.2,2,33.3,0,2,8,4.0,1.0,0.13,,0,,,0,0,,0,0,0,,,0,0,66.7,2,3,0,33.3,1,0.0,0,0.0,0,0,0,,,0.0,,0,,,0,0,,0,0,0,,,0,0,40.0,2,5,0,60.0,3,0.0,0,0.0,0,0,0,,,0.0,,0,,,0,0,,0,0,0,,,0,0,13.3,2,15,0,86.7,13,0.0,0,0.0,0,0,0,,,0.0,0,27.0,0,0.0,0.0,0,1,,0,0,0,,59.9,0,0,0.0,0,1,0,100.0,1,39.6,1,16.7,0,0,0,,,0.0,1,-4.5,0,50.0,,0,0,50.0,1,0,0,28.8,28.2,0,0,14.3,1,7,1,85.7,6,56.3,2,33.3,0,0,6,6.0,0.0,0.0,,0,,,0,0,,0,0,0,,,0,0,25.0,1,4,0,50.0,2,0.0,0,0.0,0,0,0,,,0.0,,0,,,0,0,,0,0,0,,,0,0,75.0,3,4,0,25.0,1,0.0,0,0.0,0,0,0,,,0.0,,0,,,0,0,,0,0,0,,,0,0,0.0,0,6,0,100.0,6,0.0,0,0.0,0,0,0,,,0.0,,0,,,0,0,,0,0,0,,,0,0,,0,0,0,,0,0.0,0,0.0,0,0,0,,,,0,,0,,,0,0,,0,0,0,,,0,0,16.7,1,6,0,83.3,5,0.0,0,0.0,0,0,0,,,0.0,,59.9,27.0,0,0.0,0.0,0,1,,0,0,0,0,0,50.0,2,4,0,50.0,2,39.6,1,16.7,0,0,0,,,0.0,,0,,,0,0,,0,0,0,,,0,0,60.0,3,5,0,40.0,2,0.0,0,0.0,0,0,0,,,0.0,2.0,0,0.0,,0,0,,0,0,0,64.7,62.8,0,0,0.0,0,6,0,83.3,5,39.6,1,16.7,0,0,0,,,0.0,2.0,0,0.0,,0,0,,0,0,0,64.7,62.8,0,0,0.0,0,2,0,50.0,1,39.6,1,16.7,0,0,0,,,0.0
Joshua Kelley,13750,HB,LAC,10,6,-8.0,0,100.0,,0,0,0.0,0,0,0,64.7,65.4,0,-2,0.0,0,1,1,100.0,1,79.2,1,16.7,0,-2,6,6.0,-2.0,-2.0,-8.0,0,100.0,,0,0,0.0,0,0,0,64.7,65.4,0,-2,0.0,0,4,1,100.0,4,79.2,1,16.7,0,-2,6,6.0,-2.0,-0.5,,0,,,0,0,,0,0,0,,,0,0,0.0,0,3,0,100.0,3,0.0,0,0.0,0,0,0,,,0.0,,0,,,0,0,,0,0,0,,,0,0,0.0,0,4,0,100.0,4,0.0,0,0.0,0,0,0,,,0.0,4.0,0,66.7,,0,0,0.0,0,0,0,68.3,66.8,0,5,19.0,4,21,2,76.2,16,70.1,3,50.0,0,9,2,1.0,4.5,0.56,0,,0,,,0,0,,0,0,0,,,0,0,,0,0,0,,0,0.0,0,0.0,0,0,0,,,,27,,0,,,0,0,,0,0,0,,,0,0,50.0,1,2,0,50.0,1,0.0,0,0.0,0,0,0,,,0.0,,0,,,0,0,,0,0,0,,,0,0,50.0,2,4,0,50.0,2,0.0,0,0.0,0,0,0,,,0.0,,0,,,0,0,,0,0,0,,,0,0,60.0,3,5,0,40.0,2,0.0,0,0.0,0,0,0,,,0.0,4.0,1,100.0,,0,0,0.0,0,1,0,64.7,81.7,0,14,11.1,1,9,1,88.9,8,118.8,1,16.7,0,14,10,10.0,14.0,1.75,,0,,,0,0,,0,0,0,,,0,0,,0,0,0,,0,0.0,0,0.0,0,0,0,,,,0,,0,,,0,0,,0,0,0,,,0,0,0.0,0,1,0,100.0,1,0.0,0,0.0,0,0,0,,,0.0,,,,0,,,0,0,,0,0,0,0,0,0.0,0,3,0,100.0,3,0.0,0,0.0,0,0,0,,,0.0,,0,,,0,0,,0,0,0,,,0,0,33.3,1,3,0,33.3,1,0.0,0,0.0,0,0,0,,,0.0,1.0,0,100.0,,0,0,0.0,0,0,0,64.7,81.7,0,17,14.3,2,14,1,85.7,12,118.8,1,16.7,0,17,16,16.0,17.0,1.42,3.4,1,80.0,,0,0,0.0,0,1,0,72.1,89.3,0,17,0.0,0,6,4,83.3,5,100.0,5,83.3,0,40,28,7.0,10.0,8.0
Parker Hesse,48369,TE,ATL,8,6,,0,,,0,0,,0,0,0,,,0,0,,0,0,0,,0,0.0,0,0.0,0,0,0,,,,,0,,,0,0,,0,0,0,,,0,0,75.0,3,4,0,25.0,1,0.0,0,0.0,0,0,0,,,0.0,,0,,,0,0,,0,0,0,,,0,0,100.0,1,1,0,0.0,0,0.0,0,0.0,0,0,0,,,,,0,,,0,0,,0,0,0,,,0,0,50.0,3,6,0,50.0,3,0.0,0,0.0,0,0,0,,,0.0,3.2,0,80.0,0.0,0,1,0.0,0,3,0,72.1,94.1,0,17,0.0,0,13,4,92.3,12,98.3,5,83.3,0,38,22,5.5,9.5,3.17,0,,0,,,0,0,,0,0,0,,,0,0,,0,0,0,,0,0.0,0,0.0,0,0,0,,,,2,,0,,,0,0,,0,0,0,,,0,0,0.0,0,3,0,100.0,3,0.0,0,0.0,0,0,0,,,0.0,,0,,,0,0,,0,0,0,,,0,0,20.0,1,5,0,80.0,4,0.0,0,0.0,0,0,0,,,0.0,,0,,,0,0,,0,0,0,,,0,0,0.0,0,2,0,100.0,2,0.0,0,0.0,0,0,0,,,0.0,,0,,,0,0,,0,0,0,,,0,0,0.0,0,3,0,66.7,2,0.0,0,0.0,0,0,0,,,0.0,,0,,,0,0,,0,0,0,,,0,0,,0,0,0,,0,0.0,0,0.0,0,0,0,,,,0,,0,,,0,0,,0,0,0,,,0,0,0.0,0,2,0,50.0,1,0.0,0,0.0,0,0,0,,,0.0,,,,0,,,0,0,,0,0,0,0,0,0.0,0,2,0,100.0,2,0.0,0,0.0,0,0,0,,,0.0,,0,,,0,0,,0,0,0,,,0,0,0.0,0,2,0,100.0,2,0.0,0,0.0,0,0,0,,,0.0,5.0,0,100.0,,0,0,0.0,0,0,0,64.7,61.0,0,5,0.0,0,3,1,100.0,3,87.5,1,16.7,0,5,0,0.0,5.0,1.67,3.5,0,83.3,0.0,0,1,0.0,0,3,0,73.4,92.5,0,17,0.0,0,6,5,100.0,6,96.5,6,100.0,0,43,22,4.4,8.6,7.17
Cody White,61448,WR,PIT,7,6,,0,,,0,0,,0,0,0,,,0,0,,0,0,0,,0,0.0,0,0.0,0,0,0,,,,,0,,,0,0,,0,0,0,,,0,0,0.0,0,1,0,100.0,1,0.0,0,0.0,0,0,0,,,0.0,,0,,,0,0,,0,0,0,,,0,0,,0,0,0,,0,0.0,0,0.0,0,0,0,,,,,0,,,0,0,,0,0,0,,,0,0,,0,0,0,,0,0.0,0,0.0,0,0,0,,,,1.0,0,100.0,,0,0,0.0,0,1,0,70.5,62.5,0,6,0.0,0,15,3,93.3,14,88.9,3,50.0,0,16,13,4.3,5.3,1.14,0,20.0,0,0.0,,0,0,100.0,1,0,0,27.9,39.9,0,0,0.0,0,1,0,100.0,1,39.6,1,16.7,0,0,0,,,0.0,25,,0,,,0,0,,0,0,0,,,0,0,0.0,0,2,0,100.0,2,0.0,0,0.0,0,0,0,,,0.0,20.0,0,0.0,,0,0,100.0,1,0,0,27.9,39.9,0,0,0.0,0,1,0,100.0,1,39.6,1,16.7,0,0,0,,,0.0,11.0,0,100.0,,0,0,0.0,0,1,0,64.7,79.0,0,11,0.0,0,3,1,100.0,3,112.5,1,16.7,0,11,0,0.0,11.0,3.67,,0,,,0,0,,0,0,0,,,0,0,0.0,0,4,0,75.0,3,0.0,0,0.0,0,0,0,,,0.0,11.0,0,100.0,,0,0,0.0,0,1,0,64.7,79.0,0,11,0.0,0,1,1,100.0,1,112.5,1,16.7,0,11,0,0.0,11.0,11.0,0,,0,,,0,0,,0,0,0,,,0,0,0.0,0,2,0,100.0,2,0.0,0,0.0,0,0,0,,,0.0,,,,0,,,0,0,,0,0,0,0,0,0.0,0,1,0,100.0,1,0.0,0,0.0,0,0,0,,,0.0,,0,,,0,0,,0,0,0,,,0,0,0.0,0,1,0,100.0,1,0.0,0,0.0,0,0,0,,,0.0,1.0,0,100.0,,0,0,0.0,0,1,0,64.7,78.1,0,6,0.0,0,5,1,100.0,5,91.7,1,16.7,0,6,5,5.0,6.0,1.2,1.0,0,100.0,,0,0,0.0,0,2,0,72.1,73.1,0,6,0.0,0,4,4,100.0,4,89.6,4,66.7,0,22,18,4.5,5.5,5.5
D.J. Montgomery,55003,WR,NYJ,3,6,,0,,,0,0,,0,0,0,,,0,0,,0,0,0,,0,0.0,0,0.0,0,0,0,,,,,0,,,0,0,,0,0,0,,,0,0,0.0,0,3,0,100.0,3,0.0,0,0.0,0,0,0,,,0.0,,0,,,0,0,,0,0,0,,,0,0,,0,0,0,,0,0.0,0,0.0,0,0,0,,,,,0,,,0,0,,0,0,0,,,0,0,0.0,0,3,0,100.0,3,0.0,0,0.0,0,0,0,,,0.0,6.2,0,60.0,33.3,1,3,0.0,0,2,0,70.5,70.4,0,14,0.0,0,10,3,100.0,10,82.1,5,83.3,0,36,15,5.0,12.0,3.6,0,,0,,,0,0,,0,0,0,,,0,0,,0,0,0,,0,0.0,0,0.0,0,0,0,,,,22,,0,,,0,0,,0,0,0,,,0,0,0.0,0,1,0,100.0,1,0.0,0,0.0,0,0,0,,,0.0,,0,,,0,0,,0,0,0,,,0,0,0.0,0,3,0,100.0,3,0.0,0,0.0,0,0,0,,,0.0,,0,,,0,0,,0,0,0,,,0,0,0.0,0,1,0,100.0,1,0.0,0,0.0,0,0,0,,,0.0,7.0,0,0.0,0.0,0,1,,0,0,0,,59.7,0,0,0.0,0,2,0,100.0,2,39.6,1,16.7,0,0,0,,,0.0,,0,,,0,0,,0,0,0,,,0,0,,0,0,0,,0,0.0,0,0.0,0,0,0,,,,0,,0,,,0,0,,0,0,0,,,0,0,,0,0,0,,0,0.0,0,0.0,0,0,0,,,,,,,0,,,0,0,,0,0,0,0,0,0.0,0,2,0,50.0,1,0.0,0,0.0,0,0,0,,,0.0,,0,,,0,0,,0,0,0,,,0,0,0.0,0,1,0,100.0,1,0.0,0,0.0,0,0,0,,,0.0,,0,,,0,0,,0,0,0,,,0,0,0.0,0,3,0,100.0,3,0.0,0,0.0,0,0,0,,,0.0,6.3,0,50.0,25.0,1,4,0.0,0,2,0,70.5,69.4,0,14,0.0,0,6,3,100.0,6,68.8,6,100.0,0,36,15,5.0,12.0,6.0
David Sills,34579,WR,NYG,4,6,,0,,,0,0,,0,0,0,,,0,0,,0,0,0,,0,0.0,0,0.0,0,0,0,,,,,0,,,0,0,,0,0,0,,,0,0,0.0,0,6,0,83.3,5,0.0,0,0.0,0,0,0,,,0.0,,0,,,0,0,,0,0,0,,,0,0,,0,0,0,,0,0.0,0,0.0,0,0,0,,,,15.0,0,0.0,,0,0,,0,0,0,,59.3,0,0,0.0,0,3,0,100.0,3,39.6,1,16.7,0,0,0,,,0.0,7.3,0,33.3,,0,0,50.0,1,0,0,28.8,43.7,1,5,0.0,0,13,1,100.0,13,2.8,3,50.0,0,5,0,0.0,5.0,0.38,0,,0,,,0,0,,0,0,0,,,0,0,,0,0,0,,0,0.0,0,0.0,0,0,0,,,,21,,0,,,0,0,,0,0,0,,,0,0,0.0,0,3,0,100.0,3,0.0,0,0.0,0,0,0,,,0.0,,0,,,0,0,,0,0,0,,,0,0,,0,0,0,,0,0.0,0,0.0,0,0,0,,,,11.0,0,100.0,,0,0,0.0,0,1,0,64.7,79.2,0,12,0.0,0,1,1,100.0,1,116.7,1,16.7,0,12,1,1.0,12.0,12.0,2.0,0,0.0,,0,0,,0,0,0,,59.7,0,0,0.0,0,3,0,100.0,3,39.6,1,16.7,0,0,0,,,0.0,13.0,0,50.0,,0,0,0.0,0,1,0,64.7,77.0,0,12,0.0,0,2,1,100.0,2,68.8,2,33.3,0,12,1,1.0,12.0,6.0,0,,0,,,0,0,,0,0,0,,,0,0,0.0,0,1,0,100.0,1,0.0,0,0.0,0,0,0,,,0.0,,,,0,,,0,0,,0,0,0,0,0,0.0,0,1,0,100.0,1,0.0,0,0.0,0,0,0,,,0.0,,0,,,0,0,,0,0,0,,,0,0,100.0,1,1,0,0.0,0,0.0,0,0.0,0,0,0,,,,,0,,,0,0,,0,0,0,,,0,0,0.0,0,6,0,100.0,6,0.0,0,0.0,0,0,0,,,0.0,6.0,0,25.0,,0,0,50.0,1,0,0,28.8,44.1,1,5,0.0,0,4,1,100.0,4,0.0,4,66.7,0,5,0,0.0,5.0,1.25
Chris Carson,12004,HB,SEA,4,6,-6.3,4,100.0,,0,0,0.0,0,0,0,72.1,82.6,0,6,0.0,0,4,3,75.0,3,79.2,3,50.0,0,4,23,7.7,1.3,1.33,-6.3,4,100.0,,0,0,0.0,0,0,0,72.1,82.6,0,6,0.0,0,7,3,71.4,5,79.2,3,50.0,0,4,23,7.7,1.3,0.8,,0,,,0,0,,0,0,0,,,0,0,0.0,0,1,0,100.0,1,0.0,0,0.0,0,0,0,,,0.0,,0,,,0,0,,0,0,0,,,0,0,0.0,0,3,0,100.0,3,0.0,0,0.0,0,0,0,,,0.0,3.0,0,100.0,,0,0,0.0,0,0,0,64.7,65.7,0,5,25.0,3,12,1,75.0,9,87.5,1,16.7,0,5,2,2.0,5.0,0.56,0,,0,,,0,0,,0,0,0,,,0,0,,0,0,0,,0,0.0,0,0.0,0,0,0,,,,29,,0,,,0,0,,0,0,0,,,0,0,0.0,0,3,0,100.0,3,0.0,0,0.0,0,0,0,,,0.0,,0,,,0,0,,0,0,0,,,0,0,0.0,0,7,0,100.0,7,0.0,0,0.0,0,0,0,,,0.0,,0,,,0,0,,0,0,0,,,0,0,0.0,0,1,0,100.0,1,0.0,0,0.0,0,0,0,,,0.0,1.0,1,100.0,,0,0,0.0,0,0,0,64.7,65.4,0,4,0.0,0,8,1,100.0,8,83.3,1,16.7,0,4,3,3.0,4.0,0.5,,0,,,0,0,,0,0,0,,,0,0,,0,0,0,,0,0.0,0,0.0,0,0,0,,,,0,,0,,,0,0,,0,0,0,,,0,0,0.0,0,4,0,100.0,4,0.0,0,0.0,0,0,0,,,0.0,,,,0,,,0,0,,0,0,0,0,0,,0,0,0,,0,0.0,0,0.0,0,0,0,,,,,0,,,0,0,,0,0,0,,,0,0,33.3,1,3,0,66.7,2,0.0,0,0.0,0,0,0,,,0.0,1.0,1,100.0,,0,0,0.0,0,1,0,64.7,81.8,0,16,0.0,0,4,1,100.0,4,118.8,1,16.7,0,16,15,15.0,16.0,4.0,1.7,2,100.0,,0,0,0.0,0,1,0,70.5,83.6,0,16,0.0,0,3,3,100.0,3,101.4,3,50.0,0,25,20,6.7,8.3,8.33
C.J. Board,12088,WR,NYG,6,6,-1.5,1,100.0,,0,0,0.0,0,1,0,68.3,75.4,0,5,0.0,0,2,2,100.0,2,81.3,2,33.3,0,7,10,5.0,3.5,3.5,,0,,,0,0,,0,0,0,,,0,0,0.0,0,4,0,50.0,2,0.0,0,0.0,0,0,0,,,0.0,52.0,0,0.0,0.0,0,1,,0,0,0,,59.3,1,0,0.0,0,1,0,100.0,1,0.0,1,16.7,0,0,0,,,0.0,12.0,0,0.0,,0,0,,0,0,0,,59.3,0,0,0.0,0,7,0,85.7,6,39.6,1,16.7,0,0,0,,,0.0,,0,,,0,0,,0,0,0,,,0,0,0.0,0,9,0,100.0,9,0.0,0,0.0,0,0,0,,,0.0,0,44.0,0,50.0,50.0,1,2,0.0,0,1,0,64.7,89.5,1,38,0.0,0,2,1,100.0,2,56.3,2,33.3,0,38,2,2.0,38.0,19.0,21,-1.5,1,100.0,,0,0,0.0,0,1,0,68.3,75.4,0,5,0.0,0,4,2,100.0,4,81.3,2,33.3,0,7,10,5.0,3.5,1.75,,0,,,0,0,,0,0,0,,,0,0,,0,0,0,,0,0.0,0,0.0,0,0,0,,,,,0,,,0,0,,0,0,0,,,0,0,0.0,0,1,0,100.0,1,0.0,0,0.0,0,0,0,,,0.0,6.0,0,100.0,,0,0,0.0,0,1,0,64.7,77.9,0,6,0.0,0,3,1,100.0,3,91.7,1,16.7,0,6,0,0.0,6.0,2.0,12.0,0,0.0,,0,0,,0,0,0,64.7,42.4,0,0,0.0,0,2,0,50.0,1,39.6,1,16.7,0,0,0,,,0.0,0,,0,,,0,0,,0,0,0,,,0,0,0.0,0,3,0,100.0,3,0.0,0,0.0,0,0,0,,,0.0,64.7,90.6,36.0,0,100.0,100.0,1,1,0.0,0,1,0,0,38,0.0,0,4,1,100.0,4,118.8,1,16.7,0,38,2,2.0,38.0,9.5,,0,,,0,0,,0,0,0,64.7,42.4,0,0,0.0,0,3,0,66.7,2,0.0,0,0.0,0,0,0,,,0.0,,0,,,0,0,,0,0,0,,,0,0,0.0,0,3,0,100.0,3,0.0,0,0.0,0,0,0,,,0.0,6.0,0,100.0,,0,0,0.0,0,1,0,64.7,77.9,0,6,0.0,0,1,1,100.0,1,91.7,1,16.7,0,6,0,0.0,6.0,6.0
Taysom Hill,12112,QB,NO,12,6,-1.0,0,100.0,,0,0,0.0,0,1,0,64.7,90.4,0,11,0.0,0,1,1,100.0,1,112.5,1,16.7,0,11,12,12.0,11.0,11.0,,0,,,0,0,,0,0,0,,,0,0,0.0,0,7,0,0.0,0,0.0,0,0.0,0,0,0,,,,20.0,0,0.0,,0,0,,0,0,0,,60.0,1,0,0.0,0,9,0,33.3,3,0.0,1,16.7,0,0,0,,,0.0,,0,,,0,0,,0,0,0,,,0,0,0.0,0,13,0,46.2,6,0.0,0,0.0,0,0,0,,,0.0,6.0,0,100.0,,0,0,0.0,0,1,0,64.7,79.4,0,15,0.0,0,54,1,14.8,8,118.8,1,16.7,0,15,9,9.0,15.0,1.88,0,20.0,0,0.0,,0,0,,0,0,0,,58.8,1,0,0.0,0,2,0,50.0,1,0.0,1,16.7,0,0,0,,,0.0,20,,0,,,0,0,,0,0,0,,,0,0,42.9,3,7,0,14.3,1,0.0,0,0.0,0,0,0,,,0.0,,0,,,0,0,,0,0,0,,,0,0,0.0,0,8,0,12.5,1,0.0,0,0.0,0,0,0,,,0.0,,0,,,0,0,,0,0,0,,,0,0,0.0,0,11,0,27.3,3,0.0,0,0.0,0,0,0,,,0.0,1.5,0,50.0,0.0,0,1,0.0,0,1,0,64.7,70.3,0,15,7.1,1,14,1,28.6,4,75.0,2,33.3,0,15,14,14.0,15.0,3.75,,0,,,0,0,,0,0,0,,,0,0,,0,0,0,,0,0.0,0,0.0,0,0,0,,,,0,-1.0,0,100.0,,0,0,0.0,0,1,0,64.7,90.4,0,11,0.0,0,9,1,44.4,4,112.5,1,16.7,0,11,12,12.0,11.0,2.75,,60.0,,0,,,0,0,,0,0,0,0,0,0.0,0,6,0,0.0,0,0.0,0,0.0,0,0,0,,,,,0,,,0,0,,0,0,0,,,0,0,0.0,0,10,0,40.0,4,0.0,0,0.0,0,0,0,,,0.0,1.0,1,100.0,,0,0,0.0,0,1,0,64.7,90.6,0,11,0.0,0,24,1,20.8,5,112.5,1,16.7,0,11,10,10.0,11.0,2.2,2.5,1,75.0,0.0,0,1,0.0,0,3,0,70.5,92.5,0,15,0.0,0,4,3,100.0,4,107.3,4,66.7,0,41,33,11.0,13.7,10.25
Sean McKeon,42266,TE,DAL,9,6,,0,,,0,0,,0,0,0,,,0,0,,0,0,0,,0,0.0,0,0.0,0,0,0,,,,,0,,,0,0,,0,0,0,,,0,0,100.0,2,2,0,0.0,0,0.0,0,0.0,0,0,0,,,,,0,,,0,0,,0,0,0,,,0,0,50.0,2,4,0,25.0,1,0.0,0,0.0,0,0,0,,,0.0,,0,,,0,0,,0,0,0,,,0,0,,0,0,0,,0,0.0,0,0.0,0,0,0,,,,4.5,0,50.0,0.0,0,1,0.0,0,0,0,64.7,58.9,0,3,36.4,4,11,1,63.6,7,56.3,2,33.3,0,3,0,0.0,3.0,0.43,0,,0,,,0,0,,0,0,0,,,0,0,,0,0,0,,0,0.0,0,0.0,0,0,0,,,,9,,0,,,0,0,,0,0,0,,,0,0,0.0,0,5,0,100.0,5,0.0,0,0.0,0,0,0,,,0.0,,0,,,0,0,,0,0,0,,,0,0,100.0,1,1,0,0.0,0,0.0,0,0.0,0,0,0,,,,10.0,0,100.0,,0,0,0.0,0,1,0,64.7,81.2,0,12,0.0,0,2,1,100.0,2,116.7,1,16.7,0,12,2,2.0,12.0,6.0,4.5,1,50.0,,0,0,0.0,0,1,0,64.7,86.2,0,10,0.0,0,2,1,100.0,2,104.2,2,33.3,1,10,6,6.0,10.0,5.0,10.0,0,100.0,,0,0,0.0,0,1,0,64.7,81.2,0,12,0.0,0,1,1,100.0,1,116.7,1,16.7,0,12,2,2.0,12.0,12.0,0,,0,,,0,0,,0,0,0,,,0,0,0.0,0,1,0,100.0,1,0.0,0,0.0,0,0,0,,,0.0,,,,0,,,0,0,,0,0,0,0,0,100.0,2,2,0,0.0,0,0.0,0,0.0,0,0,0,,,,,0,,,0,0,,0,0,0,,,0,0,33.3,1,3,0,66.7,2,0.0,0,0.0,0,0,0,,,0.0,0.0,0,100.0,,0,0,0.0,0,0,0,64.7,65.4,0,2,20.0,1,5,1,80.0,4,79.2,1,16.7,0,2,2,2.0,2.0,0.5,3.6,1,60.0,0.0,0,1,0.0,0,1,0,70.5,77.2,0,10,0.0,0,5,3,100.0,5,104.2,5,83.3,1,15,8,2.7,5.0,3.0
Dominique Dafney,62825,TE,GB,11,6,-1.3,0,33.3,0.0,0,1,0.0,0,1,0,64.7,87.0,0,26,0.0,0,3,1,100.0,3,66.0,3,50.0,0,26,27,27.0,26.0,8.67,-1.0,0,100.0,,0,0,0.0,0,1,0,64.7,90.4,0,26,16.7,1,6,1,83.3,5,118.8,1,16.7,0,26,27,27.0,26.0,5.2,,0,,,0,0,,0,0,0,,,0,0,0.0,0,1,0,100.0,1,0.0,0,0.0,0,0,0,,,0.0,,0,,,0,0,,0,0,0,,,0,0,33.3,1,3,0,66.7,2,0.0,0,0.0,0,0,0,,,0.0,2.0,0,0.0,,0,0,,0,0,0,,59.9,0,0,8.3,1,12,0,83.3,10,39.6,1,16.7,0,0,0,,,0.0,0,32.0,0,0.0,,0,0,,0,0,0,,59.9,0,0,0.0,0,1,0,100.0,1,39.6,1,16.7,0,0,0,,,0.0,12,-1.5,0,0.0,0.0,0,1,,0,0,0,,53.9,0,0,0.0,0,8,0,87.5,7,39.6,2,33.3,0,0,0,,,0.0,,0,,,0,0,,0,0,0,,,0,0,0.0,0,4,0,100.0,4,0.0,0,0.0,0,0,0,,,0.0,,0,,,0,0,,0,0,0,,,0,0,0.0,0,4,0,100.0,4,0.0,0,0.0,0,0,0,,,0.0,,0,,,0,0,,0,0,0,,,0,0,16.7,1,6,0,83.3,5,0.0,0,0.0,0,0,0,,,0.0,,0,,,0,0,,0,0,0,,,0,0,,0,0,0,,0,0.0,0,0.0,0,0,0,,,,0,,0,,,0,0,,0,0,0,,,0,0,0.0,0,1,0,100.0,1,0.0,0,0.0,0,0,0,,,0.0,,59.9,32.0,0,0.0,,0,0,,0,0,0,0,0,0.0,0,2,0,100.0,2,39.6,1,16.7,0,0,0,,,0.0,,0,,,0,0,,0,0,0,,,0,0,100.0,3,3,0,0.0,0,0.0,0,0.0,0,0,0,,,,4.0,0,100.0,,0,0,0.0,0,1,0,64.7,90.5,0,8,36.4,4,11,1,63.6,7,100.0,1,16.7,0,8,4,4.0,8.0,1.14,3.0,0,50.0,,0,0,0.0,0,1,0,64.7,89.9,0,8,0.0,0,2,1,100.0,2,60.4,2,33.3,0,8,4,4.0,8.0,4.0
Chris Hogan,6468,WR,NO,5,6,,0,,,0,0,,0,0,0,,,0,0,,0,0,0,,0,0.0,0,0.0,0,0,0,,,,,0,,,0,0,,0,0,0,,,0,0,0.0,0,1,0,0.0,0,0.0,0,0.0,0,0,0,,,,,0,,,0,0,,0,0,0,,,0,0,0.0,0,2,0,100.0,2,0.0,0,0.0,0,0,0,,,0.0,14.5,0,50.0,,0,0,0.0,0,1,0,64.7,76.6,0,10,0.0,0,2,1,100.0,2,104.2,2,33.3,1,10,0,0.0,10.0,5.0,7.0,0,100.0,,0,0,0.0,0,1,0,64.7,79.5,0,16,0.0,0,5,1,100.0,5,118.8,1,16.7,0,16,9,9.0,16.0,3.2,0,,0,,,0,0,,0,0,0,,,0,0,,0,0,0,,0,0.0,0,0.0,0,0,0,,,,20,,0,,,0,0,,0,0,0,,,0,0,0.0,0,1,0,100.0,1,0.0,0,0.0,0,0,0,,,0.0,,0,,,0,0,,0,0,0,,,0,0,,0,0,0,,0,0.0,0,0.0,0,0,0,,,,13.0,0,0.0,,0,0,,0,0,0,,59.9,0,0,0.0,0,1,0,100.0,1,39.6,1,16.7,0,0,0,,,0.0,,0,,,0,0,,0,0,0,,,0,0,0.0,0,1,0,100.0,1,0.0,0,0.0,0,0,0,,,0.0,14.0,0,33.3,,0,0,0.0,0,1,0,64.7,74.8,0,10,0.0,0,3,1,100.0,3,83.3,3,50.0,1,10,0,0.0,10.0,3.33,0,,0,,,0,0,,0,0,0,,,0,0,0.0,0,2,0,100.0,2,0.0,0,0.0,0,0,0,,,0.0,,,,0,,,0,0,,0,0,0,0,0,,0,0,0,,0,0.0,0,0.0,0,0,0,,,,,0,,,0,0,,0,0,0,,,0,0,,0,0,0,,0,0.0,0,0.0,0,0,0,,,,5.5,0,100.0,,0,0,0.0,0,0,0,68.3,75.9,0,9,0.0,0,2,2,100.0,2,97.9,2,33.3,0,15,4,2.0,7.5,7.5,6.0,0,100.0,,0,0,0.0,0,1,0,70.5,86.9,0,16,0.0,0,3,3,100.0,3,109.7,3,50.0,0,31,13,4.3,10.3,10.33
Benny Snell Jr.,45954,HB,PIT,14,6,-2.7,0,100.0,,0,0,0.0,0,1,0,70.5,71.1,0,7,0.0,0,3,3,100.0,3,91.7,3,50.0,0,18,26,8.7,6.0,6.0,-2.0,0,100.0,,0,0,0.0,0,1,0,64.7,64.9,0,5,0.0,0,4,1,100.0,4,87.5,1,16.7,0,5,7,7.0,5.0,1.25,,0,,,0,0,,0,0,0,,,0,0,0.0,0,3,0,100.0,3,0.0,0,0.0,0,0,0,,,0.0,,0,,,0,0,,0,0,0,,,0,0,0.0,0,8,0,87.5,7,0.0,0,0.0,0,0,0,,,0.0,2.0,0,33.3,,0,0,50.0,1,1,0,29.9,46.4,0,11,13.3,4,30,1,80.0,24,45.1,3,50.0,0,11,8,8.0,11.0,0.46,0,,0,,,0,0,,0,0,0,,,0,0,,0,0,0,,0,0.0,0,0.0,0,0,0,,,,25,,0,,,0,0,,0,0,0,,,0,0,,0,0,0,,0,0.0,0,0.0,0,0,0,,,,,0,,,0,0,,0,0,0,,,0,0,25.0,1,4,0,75.0,3,0.0,0,0.0,0,0,0,,,0.0,,0,,,0,0,,0,0,0,,,0,0,0.0,0,5,0,100.0,5,0.0,0,0.0,0,0,0,,,0.0,,0,,,0,0,,0,0,0,,,0,0,11.1,1,9,0,88.9,8,0.0,0,0.0,0,0,0,,,0.0,,0,,,0,0,,0,0,0,,,0,0,,0,0,0,,0,0.0,0,0.0,0,0,0,,,,0,-3.0,0,100.0,,0,0,0.0,0,0,0,68.3,69.2,0,7,0.0,0,3,2,100.0,3,93.8,2,33.3,0,13,19,9.5,6.5,4.33,,,,0,,,0,0,,0,0,0,0,0,0.0,0,3,0,100.0,3,0.0,0,0.0,0,0,0,,,0.0,,0,,,0,0,,0,0,0,,,0,0,25.0,1,4,0,75.0,3,0.0,0,0.0,0,0,0,,,0.0,,0,,,0,0,,0,0,0,,,0,0,20.0,1,5,0,80.0,4,0.0,0,0.0,0,0,0,,,0.0,2.0,0,33.3,,0,0,50.0,1,1,0,29.9,46.4,0,11,0.0,0,4,1,75.0,3,45.1,3,50.0,0,11,8,8.0,11.0,3.67
Chris Myarick,47358,TE,NYG,8,6,,0,,,0,0,,0,0,0,,,0,0,,0,0,0,,0,0.0,0,0.0,0,0,0,,,,,0,,,0,0,,0,0,0,,,0,0,14.3,1,7,0,71.4,5,0.0,0,0.0,0,0,0,,,0.0,,0,,,0,0,,0,0,0,,,0,0,50.0,1,2,0,50.0,1,0.0,0,0.0,0,0,0,,,0.0,,0,,,0,0,,0,0,0,,,0,0,71.4,5,7,0,28.6,2,0.0,0,0.0,0,0,0,,,0.0,3.3,0,66.7,,0,0,0.0,0,1,0,68.3,80.0,1,6,18.2,2,11,2,81.8,9,70.1,3,50.0,1,7,2,1.0,3.5,0.78,0,,0,,,0,0,,0,0,0,,,0,0,,0,0,0,,0,0.0,0,0.0,0,0,0,,,,21,,0,,,0,0,,0,0,0,,,0,0,0.0,0,1,0,100.0,1,0.0,0,0.0,0,0,0,,,0.0,,0,,,0,0,,0,0,0,,,0,0,100.0,1,1,0,0.0,0,0.0,0,0.0,0,0,0,,,,,0,,,0,0,,0,0,0,,,0,0,100.0,1,1,0,0.0,0,0.0,0,0.0,0,0,0,,,,,0,,,0,0,,0,0,0,,,0,0,0.0,0,1,0,100.0,1,0.0,0,0.0,0,0,0,,,0.0,,0,,,0,0,,0,0,0,,,0,0,,0,0,0,,0,0.0,0,0.0,0,0,0,,,,0,,0,,,0,0,,0,0,0,,,0,0,,0,0,0,,0,0.0,0,0.0,0,0,0,,,,,,,0,,,0,0,,0,0,0,0,0,,0,0,0,,0,0.0,0,0.0,0,0,0,,,,,0,,,0,0,,0,0,0,,,0,0,50.0,1,2,0,50.0,1,0.0,0,0.0,0,0,0,,,0.0,2.7,0,33.3,,0,0,66.7,2,1,0,26.4,31.3,0,10,28.6,2,7,1,71.4,5,43.8,3,50.0,0,10,5,5.0,10.0,2.0,3.0,0,50.0,,0,0,40.0,2,2,0,28.0,55.1,1,10,0.0,0,6,3,100.0,6,56.3,6,100.0,1,17,7,2.3,5.7,2.83
Tyree Jackson,46481,TE,PHI,8,6,-1.0,0,100.0,,0,0,0.0,0,1,0,64.7,90.3,0,3,0.0,0,1,1,100.0,1,118.8,1,16.7,1,3,4,4.0,3.0,3.0,-1.0,0,100.0,,0,0,0.0,0,1,0,64.7,90.3,0,3,0.0,0,8,1,87.5,7,118.8,1,16.7,1,3,4,4.0,3.0,0.43,,0,,,0,0,,0,0,0,,,0,0,0.0,0,2,0,100.0,2,0.0,0,0.0,0,0,0,,,0.0,15.0,0,50.0,0.0,0,1,0.0,0,1,0,64.7,68.5,0,13,0.0,0,3,1,100.0,3,70.8,2,33.3,0,13,0,0.0,13.0,4.33,,0,,,0,0,,0,0,0,,,0,0,0.0,0,9,0,100.0,9,0.0,0,0.0,0,0,0,,,0.0,0,,0,,,0,0,,0,0,0,,,0,0,,0,0,0,,0,0.0,0,0.0,0,0,0,,,,24,,0,,,0,0,,0,0,0,,,0,0,0.0,0,1,0,100.0,1,0.0,0,0.0,0,0,0,,,0.0,,0,,,0,0,,0,0,0,,,0,0,0.0,0,4,0,100.0,4,0.0,0,0.0,0,0,0,,,0.0,13.0,0,0.0,0.0,0,2,100.0,1,0,0,28.0,34.5,0,0,0.0,0,5,0,100.0,5,39.6,2,33.3,0,0,0,,,0.0,4.0,0,100.0,,0,0,0.0,0,0,0,64.7,61.8,0,6,20.0,1,5,1,60.0,3,91.7,1,16.7,0,6,2,2.0,6.0,2.0,14.0,0,25.0,0.0,0,3,50.0,1,1,0,28.9,42.3,0,13,0.0,0,4,1,100.0,4,40.6,4,66.7,0,13,0,0.0,13.0,3.25,0,,0,,,0,0,,0,0,0,,,0,0,0.0,0,2,0,100.0,2,0.0,0,0.0,0,0,0,,,0.0,,,,0,,,0,0,,0,0,0,0,0,50.0,2,4,0,50.0,2,0.0,0,0.0,0,0,0,,,0.0,,0,,,0,0,,0,0,0,,,0,0,50.0,2,4,0,50.0,2,0.0,0,0.0,0,0,0,,,0.0,,0,,,0,0,,0,0,0,,,0,0,0.0,0,9,0,100.0,9,0.0,0,0.0,0,0,0,,,0.0,4.0,0,100.0,,0,0,0.0,0,0,0,64.7,61.8,0,6,0.0,0,1,1,100.0,1,91.7,1,16.7,0,6,2,2.0,6.0,6.0
Duke Johnson Jr.,9510,HB,MIA,5,5,-6.5,2,100.0,,0,0,0.0,0,2,0,68.3,92.5,0,20,0.0,0,2,2,100.0,2,118.8,2,40.0,0,25,38,19.0,12.5,12.5,-8.0,2,100.0,,0,0,0.0,0,1,0,64.7,90.4,0,20,14.3,1,7,1,85.7,6,118.8,1,20.0,0,20,28,28.0,20.0,3.33,,0,,,0,0,,0,0,0,,,0,0,,0,0,0,,0,0.0,0,0.0,0,0,0,,,,,0,,,0,0,,0,0,0,,,0,0,23.1,3,13,0,76.9,10,0.0,0,0.0,0,0,0,,,0.0,3.0,0,0.0,,0,0,100.0,1,0,0,27.9,25.9,0,0,0.0,0,6,0,83.3,5,39.6,1,20.0,0,0,0,,,0.0,0,,0,,,0,0,,0,0,0,,,0,0,,0,0,0,,0,0.0,0,0.0,0,0,0,,,,17,-5.0,0,100.0,,0,0,0.0,0,1,0,64.7,81.0,0,5,0.0,0,4,1,100.0,4,87.5,1,20.0,0,5,10,10.0,5.0,1.25,,0,,,0,0,,0,0,0,,,0,0,60.0,3,5,0,40.0,2,0.0,0,0.0,0,0,0,,,0.0,,0,,,0,0,,0,0,0,,,0,0,0.0,0,6,0,100.0,6,0.0,0,0.0,0,0,0,,,0.0,,0,,,0,0,,0,0,0,,,0,0,20.0,1,5,0,80.0,4,0.0,0,0.0,0,0,0,,,0.0,,0,,,0,0,,0,0,0,,,0,0,,0,0,0,,0,0.0,0,0.0,0,0,0,,,,0,,0,,,0,0,,0,0,0,,,0,0,0.0,0,2,0,100.0,2,0.0,0,0.0,0,0,0,,,0.0,,,,0,,,0,0,,0,0,0,0,0,0.0,0,2,0,100.0,2,0.0,0,0.0,0,0,0,,,0.0,,0,,,0,0,,0,0,0,,,0,0,100.0,1,1,0,0.0,0,0.0,0,0.0,0,0,0,,,,2.5,0,100.0,,0,0,0.0,0,1,0,68.3,82.2,0,10,0.0,0,8,2,100.0,8,100.0,2,40.0,0,16,11,5.5,8.0,2.0,2.7,0,66.7,,0,0,33.3,1,1,0,29.9,36.1,0,10,0.0,0,3,2,100.0,3,79.9,3,60.0,0,16,11,5.5,8.0,5.33
Trenton Irwin,48080,WR,CIN,7,5,,0,,,0,0,,0,0,0,,,0,0,,0,0,0,,0,0.0,0,0.0,0,0,0,,,,,0,,,0,0,,0,0,0,,,0,0,0.0,0,4,0,100.0,4,0.0,0,0.0,0,0,0,,,0.0,,0,,,0,0,,0,0,0,,,0,0,0.0,0,1,0,100.0,1,0.0,0,0.0,0,0,0,,,0.0,12.5,0,0.0,0.0,0,2,,0,0,0,,58.2,0,0,0.0,0,4,0,100.0,4,39.6,2,40.0,0,0,0,,,0.0,6.0,0,100.0,,0,0,0.0,0,0,0,64.7,61.1,0,9,0.0,0,12,1,91.7,11,104.2,1,20.0,0,9,3,3.0,9.0,0.82,0,26.0,0,50.0,,0,0,0.0,0,1,0,64.7,89.4,0,25,0.0,0,2,1,100.0,2,95.8,2,40.0,0,25,0,0.0,25.0,12.5,7,,0,,,0,0,,0,0,0,,,0,0,0.0,0,2,0,100.0,2,0.0,0,0.0,0,0,0,,,0.0,26.0,0,50.0,,0,0,0.0,0,1,0,64.7,89.4,0,25,0.0,0,4,1,75.0,3,95.8,2,40.0,0,25,0,0.0,25.0,8.33,,0,,,0,0,,0,0,0,,,0,0,0.0,0,4,0,75.0,3,0.0,0,0.0,0,0,0,,,0.0,,0,,,0,0,,0,0,0,,,0,0,0.0,0,4,0,100.0,4,0.0,0,0.0,0,0,0,,,0.0,12.5,0,0.0,0.0,0,2,,0,0,0,,58.2,0,0,0.0,0,2,0,100.0,2,39.6,2,40.0,0,0,0,,,0.0,0,,0,,,0,0,,0,0,0,,,0,0,0.0,0,1,0,100.0,1,0.0,0,0.0,0,0,0,,,0.0,,,,0,,,0,0,,0,0,0,0,0,0.0,0,3,0,100.0,3,0.0,0,0.0,0,0,0,,,0.0,,0,,,0,0,,0,0,0,,,0,0,0.0,0,2,0,100.0,2,0.0,0,0.0,0,0,0,,,0.0,,0,,,0,0,,0,0,0,,,0,0,0.0,0,10,0,90.0,9,0.0,0,0.0,0,0,0,,,0.0,6.0,0,100.0,,0,0,0.0,0,0,0,64.7,61.1,0,9,0.0,0,1,1,100.0,1,104.2,1,20.0,0,9,3,3.0,9.0,9.0
Joe Fortson,94384,TE,KC,6,5,,0,,,0,0,,0,0,0,,,0,0,,0,0,0,,0,0.0,0,0.0,0,0,0,,,,,0,,,0,0,,0,0,0,,,0,0,0.0,0,3,0,100.0,3,0.0,0,0.0,0,0,0,,,0.0,,0,,,0,0,,0,0,0,,,0,0,,0,0,0,,0,0.0,0,0.0,0,0,0,,,,,0,,,0,0,,0,0,0,,,0,0,50.0,1,2,0,50.0,1,0.0,0,0.0,0,0,0,,,0.0,4.3,0,100.0,,0,0,0.0,0,2,0,70.5,89.9,0,5,0.0,0,9,3,100.0,9,118.8,3,60.0,2,9,3,1.0,3.0,1.0,0,24.0,0,100.0,100.0,1,1,0.0,0,1,0,64.7,94.7,0,27,0.0,0,1,1,100.0,1,118.8,1,20.0,0,27,3,3.0,27.0,27.0,16,,0,,,0,0,,0,0,0,,,0,0,0.0,0,3,0,66.7,2,0.0,0,0.0,0,0,0,,,0.0,24.0,0,100.0,100.0,1,1,0.0,0,1,0,64.7,94.7,0,27,0.0,0,2,1,100.0,2,118.8,1,20.0,0,27,3,3.0,27.0,13.5,,0,,,0,0,,0,0,0,,,0,0,,0,0,0,,0,0.0,0,0.0,0,0,0,,,,7.0,0,100.0,,0,0,0.0,0,0,0,64.7,61.2,0,11,25.0,1,4,1,75.0,3,112.5,1,20.0,0,11,4,4.0,11.0,3.67,,0,,,0,0,,0,0,0,,,0,0,,0,0,0,,0,0.0,0,0.0,0,0,0,,,,0,,0,,,0,0,,0,0,0,,,0,0,0.0,0,1,0,100.0,1,0.0,0,0.0,0,0,0,,,0.0,,,,0,,,0,0,,0,0,0,0,0,0.0,0,1,0,100.0,1,0.0,0,0.0,0,0,0,,,0.0,,0,,,0,0,,0,0,0,,,0,0,50.0,1,2,0,50.0,1,0.0,0,0.0,0,0,0,,,0.0,,0,,,0,0,,0,0,0,,,0,0,0.0,0,3,0,100.0,3,0.0,0,0.0,0,0,0,,,0.0,5.0,0,100.0,,0,0,0.0,0,2,0,72.1,85.2,0,11,0.0,0,4,4,100.0,4,127.1,4,80.0,2,20,7,1.8,5.0,5.0
Racey McMath,61401,WR,TEN,10,5,-4.0,0,100.0,,0,0,0.0,0,0,0,64.7,79.1,0,9,0.0,0,1,1,100.0,1,104.2,1,20.0,0,9,13,13.0,9.0,9.0,-4.0,0,100.0,,0,0,0.0,0,0,0,64.7,79.1,0,9,0.0,0,7,1,100.0,7,104.2,1,20.0,0,9,13,13.0,9.0,1.29,,0,,,0,0,,0,0,0,,60.0,0,0,0.0,0,1,0,0.0,0,0.0,0,0.0,0,0,0,,,,,0,,,0,0,,0,0,0,,,0,0,0.0,0,2,0,100.0,2,0.0,0,0.0,0,0,0,,,0.0,4.5,0,50.0,,0,0,0.0,0,0,1,64.7,29.5,0,-1,0.0,0,15,1,93.3,14,56.3,2,40.0,0,-1,-4,-4.0,-1.0,-0.07,0,25.0,0,0.0,,0,0,,0,0,0,,57.7,0,0,0.0,0,3,0,66.7,2,39.6,2,40.0,0,0,0,,,0.0,31,,0,,,0,0,,0,0,0,,,0,0,0.0,0,1,0,100.0,1,0.0,0,0.0,0,0,0,,,0.0,,0,,,0,0,,0,0,0,,,0,0,,0,0,0,,0,0.0,0,0.0,0,0,0,,,,,0,,,0,0,,0,0,0,,,0,0,0.0,0,2,0,100.0,2,0.0,0,0.0,0,0,0,,,0.0,,0,,,0,0,,0,0,0,,,0,0,,0,0,0,,0,0.0,0,0.0,0,0,0,,,,,0,,,0,0,,0,0,0,,,0,0,,0,0,0,,0,0.0,0,0.0,0,0,0,,,,0,,0,,,0,0,,0,0,0,,,0,0,0.0,0,1,0,100.0,1,0.0,0,0.0,0,0,0,,,0.0,,58.1,25.0,0,0.0,,0,0,,0,0,0,0,0,0.0,0,4,0,100.0,4,39.6,2,40.0,0,0,0,,,0.0,,0,,,0,0,,0,0,0,,,0,0,0.0,0,2,0,100.0,2,0.0,0,0.0,0,0,0,,,0.0,,0,,,0,0,,0,0,0,,,0,0,0.0,0,5,0,100.0,5,0.0,0,0.0,0,0,0,,,0.0,4.5,0,50.0,,0,0,0.0,0,0,1,64.7,29.5,0,-1,0.0,0,2,1,100.0,2,56.3,2,40.0,0,-1,-4,-4.0,-1.0,-0.5
Kevin White,9440,WR,NO,5,5,,0,,,0,0,,0,0,0,,,0,0,,0,0,0,,0,0.0,0,0.0,0,0,0,,,,,0,,,0,0,,0,0,0,,,0,0,0.0,0,1,0,100.0,1,0.0,0,0.0,0,0,0,,,0.0,38.0,0,0.0,0.0,0,1,,0,0,0,,59.0,0,0,0.0,0,1,0,100.0,1,39.6,1,20.0,0,0,0,,,0.0,,0,,,0,0,,0,0,0,,,0,0,0.0,0,1,0,100.0,1,0.0,0,0.0,0,0,0,,,0.0,,0,,,0,0,,0,0,0,,,0,0,0.0,0,9,0,100.0,9,0.0,0,0.0,0,0,0,,,0.0,0,32.0,0,20.0,0.0,0,1,50.0,1,1,0,28.9,66.3,0,38,0.0,0,5,1,100.0,5,58.8,5,100.0,0,38,8,8.0,38.0,7.6,20,,0,,,0,0,,0,0,0,,,0,0,,0,0,0,,0,0.0,0,0.0,0,0,0,,,,29.5,0,0.0,,0,0,,0,0,0,,57.2,0,0,0.0,0,2,0,100.0,2,39.6,2,40.0,0,0,0,,,0.0,,0,,,0,0,,0,0,0,,,0,0,0.0,0,1,0,100.0,1,0.0,0,0.0,0,0,0,,,0.0,,0,,,0,0,,0,0,0,,,0,0,,0,0,0,,0,0.0,0,0.0,0,0,0,,,,,0,,,0,0,,0,0,0,,,0,0,,0,0,0,,0,0.0,0,0.0,0,0,0,,,,0,,0,,,0,0,,0,0,0,,,0,0,,0,0,0,,0,0.0,0,0.0,0,0,0,,,,28.9,72.0,31.5,0,50.0,,0,0,50.0,1,1,0,0,38,0.0,0,2,1,100.0,2,95.8,2,40.0,0,38,8,8.0,38.0,19.0,,0,,,0,0,,0,0,0,,,0,0,0.0,0,1,0,100.0,1,0.0,0,0.0,0,0,0,,,0.0,,0,,,0,0,,0,0,0,,,0,0,0.0,0,1,0,100.0,1,0.0,0,0.0,0,0,0,,,0.0,,0,,,0,0,,0,0,0,,,0,0,,0,0,0,,0,0.0,0,0.0,0,0,0,,,
Jake Kumerow,9883,WR,BUF,16,5,,0,,,0,0,,0,0,0,,,0,0,,0,0,0,,0,0.0,0,0.0,0,0,0,,,,,0,,,0,0,,0,0,0,,,0,0,0.0,0,5,0,100.0,5,0.0,0,0.0,0,0,0,,,0.0,21.0,0,0.0,,0,0,,0,0,0,,59.9,0,0,0.0,0,2,0,100.0,2,39.6,1,20.0,0,0,0,,,0.0,,0,,,0,0,,0,0,0,,,0,0,50.0,1,2,0,50.0,1,0.0,0,0.0,0,0,0,,,0.0,9.0,0,100.0,,0,0,0.0,0,1,0,64.7,79.1,0,13,0.0,0,9,1,100.0,9,118.8,1,20.0,0,13,4,4.0,13.0,1.44,0,26.0,0,0.0,0.0,0,1,100.0,1,0,0,28.0,40.8,0,0,0.0,0,3,0,100.0,3,39.6,3,60.0,0,0,0,,,0.0,4,,0,,,0,0,,0,0,0,,,0,0,,0,0,0,,0,0.0,0,0.0,0,0,0,,,,28.0,0,0.0,,0,0,100.0,1,0,0,28.0,40.9,0,0,0.0,0,1,0,100.0,1,39.6,1,20.0,0,0,0,,,0.0,11.0,0,100.0,,0,0,0.0,0,1,0,64.7,76.3,0,15,0.0,0,4,1,75.0,3,118.8,1,20.0,0,15,4,4.0,15.0,5.0,,0,,,0,0,,0,0,0,,,0,0,0.0,0,5,0,100.0,5,0.0,0,0.0,0,0,0,,,0.0,11.0,0,100.0,,0,0,0.0,0,1,0,64.7,76.3,0,15,0.0,0,2,1,50.0,1,118.8,1,20.0,0,15,4,4.0,15.0,15.0,0,,0,,,0,0,,0,0,0,,,0,0,0.0,0,1,0,100.0,1,0.0,0,0.0,0,0,0,,,0.0,,59.7,29.0,0,0.0,0.0,0,1,,0,0,0,0,0,0.0,0,3,0,100.0,3,39.6,1,20.0,0,0,0,,,0.0,,0,,,0,0,,0,0,0,,,0,0,0.0,0,4,0,100.0,4,0.0,0,0.0,0,0,0,,,0.0,,0,,,0,0,,0,0,0,,,0,0,0.0,0,4,0,100.0,4,0.0,0,0.0,0,0,0,,,0.0,9.0,0,100.0,,0,0,0.0,0,1,0,64.7,79.1,0,13,0.0,0,1,1,100.0,1,118.8,1,20.0,0,13,4,4.0,13.0,13.0
Rodney Smith,26306,HB,CAR,2,5,,0,,,0,0,,0,0,0,,,0,0,,0,0,0,,0,0.0,0,0.0,0,0,0,,,,,0,,,0,0,,0,0,0,,,0,0,,0,0,0,,0,0.0,0,0.0,0,0,0,,,,,0,,,0,0,,0,0,0,,,0,0,,0,0,0,,0,0.0,0,0.0,0,0,0,,,,,0,,,0,0,,0,0,0,,,0,0,33.3,1,3,0,66.7,2,0.0,0,0.0,0,0,0,,,0.0,2.3,1,100.0,,0,0,0.0,0,2,0,72.1,91.8,0,17,0.0,0,6,4,100.0,6,111.5,4,80.0,0,43,34,8.5,10.8,7.17,0,,0,,,0,0,,0,0,0,,,0,0,,0,0,0,,0,0.0,0,0.0,0,0,0,,,,5,,0,,,0,0,,0,0,0,,,0,0,,0,0,0,,0,0.0,0,0.0,0,0,0,,,,,0,,,0,0,,0,0,0,,,0,0,0.0,0,2,0,100.0,2,0.0,0,0.0,0,0,0,,,0.0,,0,,,0,0,,0,0,0,,,0,0,0.0,0,2,0,100.0,2,0.0,0,0.0,0,0,0,,,0.0,4.0,0,100.0,,0,0,0.0,0,0,0,64.7,65.4,0,5,28.6,2,7,1,71.4,5,87.5,1,20.0,0,5,1,1.0,5.0,1.0,,0,,,0,0,,0,0,0,,,0,0,,0,0,0,,0,0.0,0,0.0,0,0,0,,,,0,,0,,,0,0,,0,0,0,,,0,0,,0,0,0,,0,0.0,0,0.0,0,0,0,,,,,,,0,,,0,0,,0,0,0,0,0,,0,0,0,,0,0.0,0,0.0,0,0,0,,,,,0,,,0,0,,0,0,0,,,0,0,0.0,0,2,0,100.0,2,0.0,0,0.0,0,0,0,,,0.0,,0,,,0,0,,0,0,0,,,0,0,50.0,1,2,0,50.0,1,0.0,0,0.0,0,0,0,,,0.0,2.6,1,100.0,,0,0,0.0,0,2,0,73.4,91.5,0,17,0.0,0,5,5,100.0,5,106.7,5,100.0,0,48,35,7.0,9.6,9.6
Jack Stoll,42058,TE,PHI,17,5,-6.0,0,100.0,,0,0,0.0,0,0,0,64.7,63.6,0,9,0.0,0,1,1,100.0,1,104.2,1,20.0,0,9,15,15.0,9.0,9.0,-6.0,0,100.0,,0,0,0.0,0,0,0,64.7,63.6,0,9,0.0,0,7,1,100.0,7,104.2,1,20.0,0,9,15,15.0,9.0,1.29,,0,,,0,0,,0,0,0,,,0,0,75.0,3,4,0,25.0,1,0.0,0,0.0,0,0,0,,,0.0,,0,,,0,0,,0,0,0,,,0,0,50.0,2,4,0,50.0,2,0.0,0,0.0,0,0,0,,,0.0,2.0,0,100.0,,0,0,0.0,0,0,0,64.7,61.0,0,2,0.0,0,12,1,100.0,12,79.2,1,20.0,0,2,0,0.0,2.0,0.17,0,,0,,,0,0,,0,0,0,,,0,0,,0,0,0,,0,0.0,0,0.0,0,0,0,,,,24,,0,,,0,0,,0,0,0,,,0,0,0.0,0,3,0,100.0,3,0.0,0,0.0,0,0,0,,,0.0,,0,,,0,0,,0,0,0,,,0,0,37.5,3,8,0,62.5,5,0.0,0,0.0,0,0,0,,,0.0,12.0,0,0.0,,0,0,,0,0,0,,59.7,0,0,33.3,2,6,0,66.7,4,39.6,1,20.0,0,0,0,,,0.0,4.0,0,100.0,,0,0,0.0,0,0,0,64.7,62.9,0,7,33.3,2,6,1,66.7,4,95.8,1,20.0,0,7,3,3.0,7.0,1.75,12.0,0,0.0,,0,0,,0,0,0,,59.7,0,0,0.0,0,1,0,100.0,1,39.6,1,20.0,0,0,0,,,0.0,0,,0,,,0,0,,0,0,0,,,0,0,0.0,0,1,0,100.0,1,0.0,0,0.0,0,0,0,,,0.0,,,,0,,,0,0,,0,0,0,0,0,62.5,5,8,0,37.5,3,0.0,0,0.0,0,0,0,,,0.0,,0,,,0,0,,0,0,0,,,0,0,37.5,3,8,0,62.5,5,0.0,0,0.0,0,0,0,,,0.0,2.0,0,100.0,,0,0,0.0,0,0,0,64.7,62.9,0,4,37.5,6,16,1,62.5,10,83.3,1,20.0,0,4,2,2.0,4.0,0.4,2.7,0,100.0,,0,0,0.0,0,0,0,70.5,64.1,0,7,0.0,0,3,3,100.0,3,84.7,3,60.0,0,13,5,1.7,4.3,4.33
Antony Auclair,24606,TE,HST,16,5,,0,,,0,0,,0,0,0,,,0,0,,0,0,0,,0,0.0,0,0.0,0,0,0,,,,,0,,,0,0,,0,0,0,,,0,0,50.0,3,6,0,50.0,3,0.0,0,0.0,0,0,0,,,0.0,,0,,,0,0,,0,0,0,,,0,0,100.0,2,2,0,0.0,0,0.0,0,0.0,0,0,0,,,,12.0,0,100.0,,0,0,0.0,0,1,0,64.7,90.1,0,11,58.3,7,12,1,41.7,5,152.1,1,20.0,1,11,0,0.0,11.0,2.2,3.0,1,100.0,,0,0,0.0,0,1,0,70.5,90.2,0,15,20.0,3,15,3,80.0,12,106.9,3,60.0,0,29,20,6.7,9.7,2.42,0,,0,,,0,0,,0,0,0,,,0,0,,0,0,0,,0,0.0,0,0.0,0,0,0,,,,13,,0,,,0,0,,0,0,0,,,0,0,57.1,4,7,0,42.9,3,0.0,0,0.0,0,0,0,,,0.0,,0,,,0,0,,0,0,0,,,0,0,77.8,7,9,0,22.2,2,0.0,0,0.0,0,0,0,,,0.0,,0,,,0,0,,0,0,0,,,0,0,100.0,5,5,0,0.0,0,0.0,0,0.0,0,0,0,,,,,0,,,0,0,,0,0,0,,,0,0,12.5,1,8,0,87.5,7,0.0,0,0.0,0,0,0,,,0.0,12.0,0,100.0,,0,0,0.0,0,1,0,64.7,90.1,0,11,0.0,0,1,1,100.0,1,152.1,1,20.0,1,11,0,0.0,11.0,11.0,0,,0,,,0,0,,0,0,0,,,0,0,0.0,0,2,0,100.0,2,0.0,0,0.0,0,0,0,,,0.0,,,,0,,,0,0,,0,0,0,0,0,55.6,5,9,0,44.4,4,0.0,0,0.0,0,0,0,,,0.0,,0,,,0,0,,0,0,0,,,0,0,62.5,5,8,0,37.5,3,0.0,0,0.0,0,0,0,,,0.0,1.0,1,100.0,,0,0,0.0,0,0,0,64.7,90.4,0,7,57.9,11,19,1,36.8,7,95.8,1,20.0,0,7,6,6.0,7.0,1.0,2.5,2,100.0,,0,0,0.0,0,1,0,72.1,93.1,0,15,0.0,0,4,4,100.0,4,104.2,4,80.0,0,36,26,6.5,9.0,9.0
Mitchell Wilcox,47234,TE,CIN,11,5,,0,,,0,0,,0,0,0,,,0,0,,0,0,0,,0,0.0,0,0.0,0,0,0,,,,,0,,,0,0,,0,0,0,,,0,0,0.0,0,4,0,100.0,4,0.0,0,0.0,0,0,0,,,0.0,,0,,,0,0,,0,0,0,,,0,0,0.0,0,2,0,100.0,2,0.0,0,0.0,0,0,0,,,0.0,,0,,,0,0,,0,0,0,,,0,0,0.0,0,1,0,100.0,1,0.0,0,0.0,0,0,0,,,0.0,8.0,0,0.0,0.0,0,1,,0,0,0,,59.6,0,0,0.0,0,5,0,100.0,5,39.6,1,20.0,0,0,0,,,0.0,0,,0,,,0,0,,0,0,0,,,0,0,,0,0,0,,0,0.0,0,0.0,0,0,0,,,,7,,0,,,0,0,,0,0,0,,,0,0,0.0,0,3,0,100.0,3,0.0,0,0.0,0,0,0,,,0.0,,0,,,0,0,,0,0,0,,,0,0,0.0,0,2,0,50.0,1,0.0,0,0.0,0,0,0,,,0.0,,0,,,0,0,,0,0,0,,,0,0,0.0,0,4,0,100.0,4,0.0,0,0.0,0,0,0,,,0.0,2.0,0,100.0,,0,0,0.0,0,0,0,64.7,62.6,0,3,14.3,1,7,1,85.7,6,79.2,1,20.0,0,3,1,1.0,3.0,0.5,,0,,,0,0,,0,0,0,,,0,0,,0,0,0,,0,0.0,0,0.0,0,0,0,,,,0,,0,,,0,0,,0,0,0,,,0,0,0.0,0,2,0,100.0,2,0.0,0,0.0,0,0,0,,,0.0,,,,0,,,0,0,,0,0,0,0,0,0.0,0,2,0,100.0,2,0.0,0,0.0,0,0,0,,,0.0,,0,,,0,0,,0,0,0,,,0,0,,0,0,0,,0,0.0,0,0.0,0,0,0,,,,2.3,1,66.7,,0,0,0.0,0,0,0,68.3,71.3,0,8,0.0,0,7,2,85.7,6,75.7,3,60.0,0,13,7,3.5,6.5,2.17,3.4,1,60.0,0.0,0,1,0.0,0,0,0,70.5,69.3,0,8,0.0,0,5,3,100.0,5,65.4,5,100.0,0,16,8,2.7,5.3,3.2
Ross Dwelley,20994,TE,SF,12,5,,0,,,0,0,,0,0,0,,,0,0,,0,0,0,,0,0.0,0,0.0,0,0,0,,,,,0,,,0,0,,0,0,0,,,0,0,0.0,0,6,0,100.0,6,0.0,0,0.0,0,0,0,,,0.0,,0,,,0,0,,0,0,0,,,0,0,33.3,1,3,0,66.7,2,0.0,0,0.0,0,0,0,,,0.0,11.0,0,100.0,,0,0,0.0,0,0,0,68.3,61.8,0,13,18.2,2,11,2,81.8,9,118.8,2,40.0,0,25,3,1.5,12.5,2.78,4.0,0,100.0,,0,0,0.0,0,1,0,64.7,60.5,0,5,17.4,4,23,1,78.3,18,87.5,1,20.0,0,5,1,1.0,5.0,0.28,0,22.0,0,100.0,100.0,1,1,0.0,0,1,0,64.7,94.9,0,21,0.0,0,1,1,100.0,1,158.3,1,20.0,1,21,0,0.0,21.0,21.0,28,,0,,,0,0,,0,0,0,,,0,0,0.0,0,2,0,100.0,2,0.0,0,0.0,0,0,0,,,0.0,,0,,,0,0,,0,0,0,,,0,0,0.0,0,1,0,100.0,1,0.0,0,0.0,0,0,0,,,0.0,12.0,0,0.0,,0,0,,0,0,0,,59.0,0,0,25.0,1,4,0,75.0,3,39.6,1,20.0,0,0,0,,,0.0,,0,,,0,0,,0,0,0,,,0,0,0.0,0,9,0,88.9,8,0.0,0,0.0,0,0,0,,,0.0,11.3,0,66.7,,0,0,0.0,0,0,0,68.3,60.3,0,13,0.0,0,3,2,100.0,3,92.4,3,60.0,0,25,3,1.5,12.5,8.33,0,,0,,,0,0,,0,0,0,,,0,0,0.0,0,2,0,100.0,2,0.0,0,0.0,0,0,0,,,0.0,64.7,94.9,22.0,0,100.0,100.0,1,1,0.0,0,1,0,0,21,0.0,0,3,1,100.0,3,158.3,1,20.0,1,21,0,0.0,21.0,7.0,,0,,,0,0,,0,0,0,,,0,0,0.0,0,1,0,0.0,0,0.0,0,0.0,0,0,0,,,,,0,,,0,0,,0,0,0,,,0,0,25.0,1,4,0,50.0,2,0.0,0,0.0,0,0,0,,,0.0,4.0,0,100.0,,0,0,0.0,0,1,0,64.7,60.5,0,5,0.0,0,1,1,100.0,1,87.5,1,20.0,0,5,1,1.0,5.0,5.0
Qadree Ollison,45934,HB,ATL,6,5,-3.0,1,50.0,,0,0,50.0,1,0,0,28.9,27.5,0,0,0.0,0,2,1,100.0,2,56.3,2,40.0,0,0,3,3.0,0.0,0.0,-3.0,0,0.0,,0,0,100.0,1,0,0,28.0,26.0,0,0,0.0,0,2,0,100.0,2,39.6,1,20.0,0,0,0,,,0.0,,0,,,0,0,,0,0,0,,,0,0,50.0,1,2,0,50.0,1,0.0,0,0.0,0,0,0,,,0.0,,0,,,0,0,,0,0,0,,,0,0,80.0,4,5,0,20.0,1,0.0,0,0.0,0,0,0,,,0.0,4.0,0,100.0,,0,0,0.0,0,1,0,64.7,80.3,0,8,36.4,4,11,1,63.6,7,100.0,1,20.0,0,8,4,4.0,8.0,1.14,0,,0,,,0,0,,0,0,0,,,0,0,,0,0,0,,0,0.0,0,0.0,0,0,0,,,,2,,0,,,0,0,,0,0,0,,,0,0,,0,0,0,,0,0.0,0,0.0,0,0,0,,,,,0,,,0,0,,0,0,0,,,0,0,,0,0,0,,0,0.0,0,0.0,0,0,0,,,,,0,,,0,0,,0,0,0,,,0,0,100.0,1,1,0,0.0,0,0.0,0,0.0,0,0,0,,,,3.0,0,100.0,,0,0,0.0,0,0,0,64.7,65.1,0,4,0.0,0,6,1,100.0,6,83.3,1,20.0,0,4,1,1.0,4.0,0.67,,0,,,0,0,,0,0,0,,,0,0,,0,0,0,,0,0.0,0,0.0,0,0,0,,,,0,-3.0,1,100.0,,0,0,0.0,0,0,0,64.7,65.5,0,0,0.0,0,1,1,100.0,1,79.2,1,20.0,0,0,3,3.0,0.0,0.0,,,,0,,,0,0,,0,0,0,0,0,100.0,1,1,0,0.0,0,0.0,0,0.0,0,0,0,,,,,0,,,0,0,,0,0,0,,,0,0,50.0,1,2,0,0.0,0,0.0,0,0.0,0,0,0,,,,0.0,0,100.0,,0,0,0.0,0,0,0,64.7,65.5,0,0,75.0,3,4,1,25.0,1,79.2,1,20.0,0,0,0,0.0,0.0,0.0,2.3,0,100.0,,0,0,0.0,0,1,0,70.5,81.6,0,8,0.0,0,3,3,100.0,3,83.3,3,60.0,0,12,5,1.7,4.0,4.0
Travis Benjamin,7100,WR,SF,9,5,,0,,,0,0,,0,0,0,,,0,0,,0,0,0,,0,0.0,0,0.0,0,0,0,,,,,0,,,0,0,,0,0,0,,,0,0,0.0,0,2,0,100.0,2,0.0,0,0.0,0,0,0,,,0.0,34.0,0,0.0,,0,0,,0,0,0,,59.9,1,0,0.0,0,2,0,100.0,2,0.0,1,20.0,0,0,0,,,0.0,19.0,0,0.0,,0,0,,0,0,0,,59.7,1,0,0.0,0,3,0,100.0,3,0.0,1,20.0,0,0,0,,,0.0,,0,,,0,0,,0,0,0,,,0,0,0.0,0,1,0,100.0,1,0.0,0,0.0,0,0,0,,,0.0,0,43.5,0,0.0,0.0,0,1,,0,0,0,,58.9,1,0,0.0,0,2,0,100.0,2,0.0,2,40.0,0,0,0,,,0.0,28,,0,,,0,0,,0,0,0,,,0,0,0.0,0,2,0,100.0,2,0.0,0,0.0,0,0,0,,,0.0,53.0,0,0.0,0.0,0,1,,0,0,0,,60.0,0,0,0.0,0,3,0,100.0,3,39.6,1,20.0,0,0,0,,,0.0,14.0,0,50.0,,0,0,0.0,0,1,0,64.7,76.5,0,17,0.0,0,3,1,100.0,3,79.2,2,40.0,0,17,5,5.0,17.0,5.67,,0,,,0,0,,0,0,0,,,0,0,,0,0,0,,0,0.0,0,0.0,0,0,0,,,,15.7,0,33.3,,0,0,0.0,0,1,0,64.7,72.4,1,17,0.0,0,4,1,75.0,3,13.9,3,60.0,0,17,5,5.0,17.0,5.67,0,,0,,,0,0,,0,0,0,,,0,0,,0,0,0,,0,0.0,0,0.0,0,0,0,,,,,,,0,,,0,0,,0,0,0,0,0,,0,0,0,,0,0.0,0,0.0,0,0,0,,,,,0,,,0,0,,0,0,0,,59.7,0,0,0.0,0,2,0,50.0,1,0.0,0,0.0,0,0,0,,,0.0,,0,,,0,0,,0,0,0,,,0,0,,0,0,0,,0,0.0,0,0.0,0,0,0,,,,,0,,,0,0,,0,0,0,,,0,0,,0,0,0,,0,0.0,0,0.0,0,0,0,,,
Tommy Hudson,47412,TE,TEN,4,5,-3.0,0,100.0,,0,0,0.0,0,1,0,68.3,76.1,0,14,0.0,0,2,2,100.0,2,102.1,2,40.0,0,17,23,11.5,8.5,8.5,-1.0,0,100.0,,0,0,0.0,0,1,0,64.7,78.1,0,14,0.0,0,1,1,100.0,1,118.8,1,20.0,0,14,15,15.0,14.0,14.0,,0,,,0,0,,0,0,0,,,0,0,,0,0,0,,0,0.0,0,0.0,0,0,0,,,,15.0,0,0.0,,0,0,,0,0,0,,59.9,0,0,0.0,0,3,0,100.0,3,39.6,1,20.0,0,0,0,,,0.0,1.0,0,0.0,,0,0,,0,0,0,,59.3,1,0,75.0,3,4,0,25.0,1,0.0,1,20.0,0,0,0,,,0.0,0,,0,,,0,0,,0,0,0,,,0,0,,0,0,0,,0,0.0,0,0.0,0,0,0,,,,31,,0,,,0,0,,0,0,0,,,0,0,50.0,1,2,0,50.0,1,0.0,0,0.0,0,0,0,,,0.0,,0,,,0,0,,0,0,0,,,0,0,33.3,1,3,0,66.7,2,0.0,0,0.0,0,0,0,,,0.0,12.0,0,100.0,100.0,1,1,0.0,0,1,0,64.7,94.7,0,14,50.0,1,2,1,50.0,1,118.8,1,20.0,0,14,2,2.0,14.0,14.0,,0,,,0,0,,0,0,0,,,0,0,,0,0,0,,0,0.0,0,0.0,0,0,0,,,,13.5,0,50.0,100.0,1,1,0.0,0,1,0,64.7,92.9,0,14,0.0,0,2,1,100.0,2,72.9,2,40.0,0,14,2,2.0,14.0,7.0,0,-5.0,0,100.0,,0,0,0.0,0,0,0,64.7,61.2,0,3,0.0,0,1,1,100.0,1,79.2,1,20.0,0,3,8,8.0,3.0,3.0,,,,0,,,0,0,,0,0,0,0,0,,0,0,0,,0,0.0,0,0.0,0,0,0,,,,,0,,,0,0,,0,0,0,,,0,0,25.0,1,4,0,75.0,3,0.0,0,0.0,0,0,0,,,0.0,,0,,,0,0,,0,0,0,,,0,0,0.0,0,1,0,100.0,1,0.0,0,0.0,0,0,0,,,0.0,1.0,0,0.0,,0,0,,0,0,0,,59.3,1,0,0.0,0,1,0,100.0,1,0.0,1,20.0,0,0,0,,,0.0
Phillip Lindsay,12660,HB,MIA,14,5,-3.3,1,75.0,,0,0,25.0,1,1,0,42.1,55.6,0,22,0.0,0,5,3,80.0,4,141.7,4,80.0,1,36,45,15.0,12.0,9.0,-4.0,0,0.0,,0,0,100.0,1,0,0,28.9,30.5,0,0,0.0,0,7,0,85.7,6,39.6,1,20.0,0,0,0,,,0.0,,0,,,0,0,,0,0,0,,,0,0,25.0,1,4,0,50.0,2,0.0,0,0.0,0,0,0,,,0.0,,0,,,0,0,,0,0,0,,,0,0,66.7,4,6,0,33.3,2,0.0,0,0.0,0,0,0,,,0.0,1.0,0,100.0,,0,0,0.0,0,0,0,64.7,81.8,0,9,10.0,1,10,1,80.0,8,104.2,1,20.0,0,9,8,8.0,9.0,1.13,0,,0,,,0,0,,0,0,0,,,0,0,,0,0,0,,0,0.0,0,0.0,0,0,0,,,,17,-2.5,1,100.0,,0,0,0.0,0,0,0,68.3,82.5,0,8,25.0,1,4,2,75.0,3,95.8,2,40.0,0,14,19,9.5,7.0,4.67,,0,,,0,0,,0,0,0,,,0,0,,0,0,0,,0,0.0,0,0.0,0,0,0,,,,,0,,,0,0,,0,0,0,,,0,0,0.0,0,2,0,100.0,2,0.0,0,0.0,0,0,0,,,0.0,,0,,,0,0,,0,0,0,,,0,0,0.0,0,2,0,100.0,2,0.0,0,0.0,0,0,0,,,0.0,,0,,,0,0,,0,0,0,,,0,0,,0,0,0,,0,0.0,0,0.0,0,0,0,,,,0,-4.0,0,100.0,,0,0,0.0,0,1,0,64.7,81.2,0,22,33.3,1,3,1,66.7,2,158.3,1,20.0,1,22,26,26.0,22.0,11.0,,,,0,,,0,0,,0,0,0,0,0,,0,0,0,,0,0.0,0,0.0,0,0,0,,,,,0,,,0,0,,0,0,0,,,0,0,0.0,0,4,0,75.0,3,0.0,0,0.0,0,0,0,,,0.0,,0,,,0,0,,0,0,0,,,0,0,33.3,2,6,0,66.7,4,0.0,0,0.0,0,0,0,,,0.0,1.0,0,100.0,,0,0,0.0,0,0,0,64.7,81.8,0,9,0.0,0,1,1,100.0,1,104.2,1,20.0,0,9,8,8.0,9.0,9.0
Kene Nwangwu,40547,HB,MIN,4,5,-4.0,0,100.0,,0,0,0.0,0,0,0,70.5,71.1,0,6,0.0,0,3,3,100.0,3,79.2,3,60.0,0,3,15,5.0,1.0,1.0,-4.0,0,100.0,,0,0,0.0,0,0,0,68.3,68.7,0,-1,0.0,0,3,2,100.0,3,79.2,2,40.0,0,-3,5,2.5,-1.5,-1.0,,0,,,0,0,,0,0,0,,,0,0,,0,0,0,,0,0.0,0,0.0,0,0,0,,,,,0,,,0,0,,0,0,0,,,0,0,25.0,1,4,0,75.0,3,0.0,0,0.0,0,0,0,,,0.0,,0,,,0,0,,0,0,0,,,0,0,0.0,0,3,0,100.0,3,0.0,0,0.0,0,0,0,,,0.0,0,,0,,,0,0,,0,0,0,,,0,0,,0,0,0,,0,0.0,0,0.0,0,0,0,,,,18,-4.0,0,100.0,,0,0,0.0,0,0,0,64.7,65.4,0,6,0.0,0,1,1,100.0,1,91.7,1,20.0,0,6,10,10.0,6.0,6.0,,0,,,0,0,,0,0,0,,,0,0,0.0,0,1,0,100.0,1,0.0,0,0.0,0,0,0,,,0.0,,0,,,0,0,,0,0,0,,,0,0,,0,0,0,,0,0.0,0,0.0,0,0,0,,,,4.0,0,0.0,,0,0,,0,0,0,,59.7,0,0,0.0,0,2,0,100.0,2,39.6,1,20.0,0,0,0,,,0.0,,0,,,0,0,,0,0,0,,,0,0,,0,0,0,,0,0.0,0,0.0,0,0,0,,,,0,,0,,,0,0,,0,0,0,,,0,0,,0,0,0,,0,0.0,0,0.0,0,0,0,,,,,,,0,,,0,0,,0,0,0,0,0,,0,0,0,,0,0.0,0,0.0,0,0,0,,,,,0,,,0,0,,0,0,0,,,0,0,,0,0,0,,0,0.0,0,0.0,0,0,0,,,,1.0,0,100.0,,0,0,0.0,0,0,0,64.7,64.3,0,6,0.0,0,1,1,100.0,1,91.7,1,20.0,0,6,5,5.0,6.0,6.0,2.5,0,50.0,,0,0,0.0,0,0,0,64.7,63.7,0,6,0.0,0,2,1,100.0,2,56.3,2,40.0,0,6,5,5.0,6.0,3.0
Darren Fells,8549,TE,TB,9,5,,0,,,0,0,,0,0,0,,,0,0,,0,0,0,,0,0.0,0,0.0,0,0,0,,,,,0,,,0,0,,0,0,0,,,0,0,11.1,1,9,0,77.8,7,0.0,0,0.0,0,0,0,,,0.0,,0,,,0,0,,0,0,0,,,0,0,,0,0,0,,0,0.0,0,0.0,0,0,0,,,,,0,,,0,0,,0,0,0,,,0,0,16.7,1,6,0,66.7,4,0.0,0,0.0,0,0,0,,,0.0,3.5,1,100.0,,0,0,0.0,0,1,0,68.3,89.5,0,11,0.0,0,20,2,100.0,20,102.1,2,40.0,0,17,10,5.0,8.5,0.85,0,,0,,,0,0,,0,0,0,,,0,0,,0,0,0,,0,0.0,0,0.0,0,0,0,,,,30,,0,,,0,0,,0,0,0,,,0,0,50.0,3,6,0,50.0,3,0.0,0,0.0,0,0,0,,,0.0,,0,,,0,0,,0,0,0,,,0,0,16.7,1,6,0,50.0,3,0.0,0,0.0,0,0,0,,,0.0,,0,,,0,0,,0,0,0,,,0,0,,0,0,0,,0,0.0,0,0.0,0,0,0,,,,6.0,0,66.7,,0,0,0.0,0,1,0,68.3,85.8,0,24,22.2,2,9,2,77.8,7,93.8,3,60.0,0,26,17,8.5,13.0,3.71,,0,,,0,0,,0,0,0,,,0,0,,0,0,0,,0,0.0,0,0.0,0,0,0,,,,0,,0,,,0,0,,0,0,0,,,0,0,0.0,0,4,0,100.0,4,0.0,0,0.0,0,0,0,,,0.0,,,,0,,,0,0,,0,0,0,0,0,,0,0,0,,0,0.0,0,0.0,0,0,0,,,,,0,,,0,0,,0,0,0,,,0,0,100.0,2,2,0,0.0,0,0.0,0,0.0,0,0,0,,,,,0,,,0,0,,0,0,0,,,0,0,25.0,2,8,0,62.5,5,0.0,0,0.0,0,0,0,,,0.0,5.0,1,80.0,,0,0,0.0,0,2,0,72.1,91.1,0,24,0.0,0,5,4,100.0,5,102.5,5,100.0,0,43,27,6.8,10.8,8.6
Cameron Batson,47669,WR,TEN,3,5,,0,,,0,0,,0,0,0,,,0,0,,0,0,0,,0,0.0,0,0.0,0,0,0,,,,,0,,,0,0,,0,0,0,,,0,0,0.0,0,5,0,80.0,4,0.0,0,0.0,0,0,0,,,0.0,,0,,,0,0,,0,0,0,,,0,0,,0,0,0,,0,0.0,0,0.0,0,0,0,,,,,0,,,0,0,,0,0,0,,,0,0,0.0,0,2,0,100.0,2,0.0,0,0.0,0,0,0,,,0.0,,0,,,0,0,,0,0,0,,,0,0,0.0,0,8,0,87.5,7,0.0,0,0.0,0,0,0,,,0.0,0,33.0,0,0.0,,0,0,,0,0,0,,58.9,0,0,0.0,0,2,0,100.0,2,39.6,2,40.0,0,0,0,,,0.0,31,,0,,,0,0,,0,0,0,,,0,0,,0,0,0,,0,0.0,0,0.0,0,0,0,,,,,0,,,0,0,,0,0,0,,,0,0,0.0,0,2,0,50.0,1,0.0,0,0.0,0,0,0,,,0.0,13.0,0,100.0,,0,0,0.0,0,1,0,64.7,78.5,0,13,0.0,0,1,1,100.0,1,118.8,1,20.0,0,13,0,0.0,13.0,13.0,3.0,0,100.0,,0,0,0.0,0,1,0,64.7,78.6,0,2,0.0,0,3,1,100.0,3,118.8,1,20.0,1,2,0,0.0,2.0,0.67,13.5,0,50.0,0.0,0,1,0.0,0,1,0,64.7,75.6,0,13,0.0,0,2,1,100.0,2,70.8,2,40.0,0,13,0,0.0,13.0,6.5,0,,0,,,0,0,,0,0,0,,,0,0,0.0,0,1,0,100.0,1,0.0,0,0.0,0,0,0,,,0.0,,58.9,33.0,0,0.0,,0,0,,0,0,0,0,0,0.0,0,2,0,100.0,2,39.6,2,40.0,0,0,0,,,0.0,14.0,0,0.0,0.0,0,1,,0,0,0,,59.0,0,0,0.0,0,2,0,100.0,2,39.6,1,20.0,0,0,0,,,0.0,,0,,,0,0,,0,0,0,,,0,0,0.0,0,2,0,100.0,2,0.0,0,0.0,0,0,0,,,0.0,3.0,0,100.0,,0,0,0.0,0,1,0,64.7,78.6,0,2,0.0,0,1,1,100.0,1,118.8,1,20.0,1,2,0,0.0,2.0,2.0
Jermar Jefferson,83740,HB,DET,5,5,-3.0,0,100.0,,0,0,0.0,0,0,0,64.7,65.2,0,0,0.0,0,1,1,100.0,1,79.2,1,20.0,0,0,3,3.0,0.0,0.0,-3.0,0,100.0,,0,0,0.0,0,0,0,64.7,65.2,0,0,50.0,1,2,1,50.0,1,79.2,1,20.0,0,0,3,3.0,0.0,0.0,,0,,,0,0,,0,0,0,,,0,0,,0,0,0,,0,0.0,0,0.0,0,0,0,,,,,0,,,0,0,,0,0,0,,,0,0,0.0,0,1,0,100.0,1,0.0,0,0.0,0,0,0,,,0.0,1.7,0,100.0,,0,0,0.0,0,2,0,70.5,90.3,0,11,0.0,0,6,3,100.0,6,98.6,3,60.0,0,23,18,6.0,7.7,3.83,0,,0,,,0,0,,0,0,0,,,0,0,,0,0,0,,0,0.0,0,0.0,0,0,0,,,,11,,0,,,0,0,,0,0,0,,,0,0,,0,0,0,,0,0.0,0,0.0,0,0,0,,,,,0,,,0,0,,0,0,0,,,0,0,,0,0,0,,0,0.0,0,0.0,0,0,0,,,,,0,,,0,0,,0,0,0,,,0,0,100.0,1,1,0,0.0,0,0.0,0,0.0,0,0,0,,,,,0,,,0,0,,0,0,0,,,0,0,,0,0,0,,0,0.0,0,0.0,0,0,0,,,,,0,,,0,0,,0,0,0,,,0,0,,0,0,0,,0,0.0,0,0.0,0,0,0,,,,0,,0,,,0,0,,0,0,0,,,0,0,,0,0,0,,0,0.0,0,0.0,0,0,0,,,,,,,0,,,0,0,,0,0,0,0,0,0.0,0,1,0,100.0,1,0.0,0,0.0,0,0,0,,,0.0,,0,,,0,0,,0,0,0,,,0,0,0.0,0,2,0,100.0,2,0.0,0,0.0,0,0,0,,,0.0,0.0,0,0.0,,0,0,,0,0,0,,60.0,0,0,0.0,0,1,0,100.0,1,39.6,1,20.0,0,0,0,,,0.0,1.3,0,75.0,,0,0,0.0,0,2,0,70.5,89.9,0,11,0.0,0,4,3,100.0,4,88.5,4,80.0,0,23,18,6.0,7.7,5.75
Tyler Davis,47743,TE,GB,11,5,,0,,,0,0,,0,0,0,,,0,0,,0,0,0,,0,0.0,0,0.0,0,0,0,,,,,0,,,0,0,,0,0,0,,,0,0,0.0,0,5,0,100.0,5,0.0,0,0.0,0,0,0,,,0.0,,0,,,0,0,,0,0,0,,,0,0,,0,0,0,,0,0.0,0,0.0,0,0,0,,,,17.0,0,100.0,,0,0,0.0,0,1,0,64.7,94.9,0,22,62.5,5,8,1,37.5,3,118.8,1,20.0,0,22,5,5.0,22.0,7.33,,0,,,0,0,,0,0,0,,,0,0,9.1,1,11,0,81.8,9,0.0,0,0.0,0,0,0,,,0.0,0,,0,,,0,0,,0,0,0,,,0,0,,0,0,0,,0,0.0,0,0.0,0,0,0,,,,12,,0,,,0,0,,0,0,0,,,0,0,0.0,0,4,0,100.0,4,0.0,0,0.0,0,0,0,,,0.0,,0,,,0,0,,0,0,0,,,0,0,100.0,1,1,0,0.0,0,0.0,0,0.0,0,0,0,,,,,0,,,0,0,,0,0,0,,,0,0,0.0,0,2,0,100.0,2,0.0,0,0.0,0,0,0,,,0.0,2.0,0,100.0,,0,0,0.0,0,0,0,64.7,61.2,0,4,15.4,2,13,1,76.9,10,83.3,1,20.0,0,4,2,2.0,4.0,0.4,16.5,0,50.0,,0,0,50.0,1,1,0,28.9,80.6,0,22,0.0,0,2,1,100.0,2,89.6,2,40.0,0,22,5,5.0,22.0,11.0,0,,0,,,0,0,,0,0,0,,,0,0,0.0,0,3,0,100.0,3,0.0,0,0.0,0,0,0,,,0.0,,,,0,,,0,0,,0,0,0,0,0,0.0,0,2,0,100.0,2,0.0,0,0.0,0,0,0,,,0.0,16.0,0,0.0,,0,0,100.0,1,0,0,28.0,28.3,0,0,0.0,0,3,0,100.0,3,39.6,1,20.0,0,0,0,,,0.0,1.0,0,100.0,,0,0,0.0,0,0,0,68.3,67.0,0,9,0.0,0,10,2,100.0,10,85.4,2,40.0,0,9,7,3.5,4.5,0.9,1.3,0,100.0,,0,0,0.0,0,0,0,70.5,67.1,0,9,0.0,0,3,3,100.0,3,84.7,3,60.0,0,13,9,3.0,4.3,4.33
Marcus Kemp,12137,WR,KC,17,5,,0,,,0,0,,0,0,0,,,0,0,,0,0,0,,0,0.0,0,0.0,0,0,0,,,,,0,,,0,0,,0,0,0,,,0,0,0.0,0,3,0,100.0,3,0.0,0,0.0,0,0,0,,,0.0,,0,,,0,0,,0,0,0,,59.7,0,0,0.0,0,3,0,66.7,2,0.0,0,0.0,0,0,0,,,0.0,12.0,0,0.0,,0,0,100.0,1,0,0,27.9,39.6,1,0,0.0,0,4,0,100.0,4,0.0,1,20.0,0,0,0,,,0.0,5.5,0,50.0,,0,0,0.0,0,0,0,64.7,60.1,0,8,0.0,0,9,1,100.0,9,60.4,2,40.0,0,8,2,2.0,8.0,0.89,0,,0,,,0,0,,0,0,0,,59.7,0,0,0.0,0,1,0,0.0,0,0.0,0,0.0,0,0,0,,,,16,,0,,,0,0,,0,0,0,,,0,0,,0,0,0,,0,0.0,0,0.0,0,0,0,,,,,0,,,0,0,,0,0,0,,,0,0,,0,0,0,,0,0.0,0,0.0,0,0,0,,,,11.0,0,100.0,,0,0,0.0,0,1,0,64.7,76.9,0,16,0.0,0,5,1,80.0,4,118.8,1,20.0,0,16,5,5.0,16.0,4.0,,0,,,0,0,,0,0,0,,,0,0,0.0,0,2,0,100.0,2,0.0,0,0.0,0,0,0,,,0.0,13.7,0,33.3,,0,0,50.0,1,1,0,28.8,57.1,1,16,0.0,0,3,1,100.0,3,12.5,3,60.0,0,16,5,5.0,16.0,5.33,0,,0,,,0,0,,0,0,0,,,0,0,0.0,0,1,0,100.0,1,0.0,0,0.0,0,0,0,,,0.0,,,,0,,,0,0,,0,0,0,0,0,0.0,0,1,0,100.0,1,0.0,0,0.0,0,0,0,,,0.0,18.0,0,0.0,,0,0,,0,0,0,,59.3,0,0,0.0,0,2,0,100.0,2,39.6,1,20.0,0,0,0,,,0.0,,0,,,0,0,,0,0,0,,,0,0,0.0,0,4,0,100.0,4,0.0,0,0.0,0,0,0,,,0.0,5.5,0,50.0,,0,0,0.0,0,0,0,64.7,60.1,0,8,0.0,0,2,1,100.0,2,60.4,2,40.0,0,8,2,2.0,8.0,4.0
Jonathan Williams,10790,HB,WAS,5,5,-3.7,0,100.0,,0,0,0.0,0,1,0,70.5,82.8,0,11,0.0,0,3,3,100.0,3,79.2,3,60.0,0,9,20,6.7,3.0,3.0,-5.0,0,100.0,,0,0,0.0,0,0,0,68.3,69.0,0,2,0.0,0,2,2,100.0,2,79.2,2,40.0,0,-2,8,4.0,-1.0,-1.0,,0,,,0,0,,0,0,0,,,0,0,0.0,0,1,0,100.0,1,0.0,0,0.0,0,0,0,,,0.0,,0,,,0,0,,0,0,0,,,0,0,,0,0,0,,0,0.0,0,0.0,0,0,0,,,,2.5,0,50.0,,0,0,0.0,0,1,0,64.7,71.0,1,19,10.0,1,10,1,90.0,9,43.8,2,40.0,0,19,18,18.0,19.0,2.11,0,,0,,,0,0,,0,0,0,,,0,0,,0,0,0,,0,0.0,0,0.0,0,0,0,,,,32,-1.0,0,100.0,,0,0,0.0,0,1,0,64.7,81.5,0,11,0.0,0,1,1,100.0,1,112.5,1,20.0,0,11,12,12.0,11.0,11.0,,0,,,0,0,,0,0,0,,,0,0,,0,0,0,,0,0.0,0,0.0,0,0,0,,,,,0,,,0,0,,0,0,0,,,0,0,0.0,0,1,0,100.0,1,0.0,0,0.0,0,0,0,,,0.0,,0,,,0,0,,0,0,0,,,0,0,0.0,0,3,0,100.0,3,0.0,0,0.0,0,0,0,,,0.0,,0,,,0,0,,0,0,0,,,0,0,,0,0,0,,0,0.0,0,0.0,0,0,0,,,,0,,0,,,0,0,,0,0,0,,,0,0,0.0,0,1,0,100.0,1,0.0,0,0.0,0,0,0,,,0.0,,,,0,,,0,0,,0,0,0,0,0,50.0,1,2,0,50.0,1,0.0,0,0.0,0,0,0,,,0.0,,0,,,0,0,,0,0,0,,,0,0,0.0,0,4,0,100.0,4,0.0,0,0.0,0,0,0,,,0.0,,0,,,0,0,,0,0,0,,,0,0,0.0,0,2,0,50.0,1,0.0,0,0.0,0,0,0,,,0.0,2.5,0,50.0,,0,0,0.0,0,1,0,64.7,71.0,1,19,0.0,0,2,1,100.0,2,43.8,2,40.0,0,19,18,18.0,19.0,9.5
J.J. Arcega-Whiteside,35014,WR,PHI,12,5,,0,,,0,0,,0,0,0,,,0,0,,0,0,0,,0,0.0,0,0.0,0,0,0,,,,,0,,,0,0,,0,0,0,,,0,0,0.0,0,8,0,100.0,8,0.0,0,0.0,0,0,0,,,0.0,,0,,,0,0,,0,0,0,,,0,0,100.0,1,1,0,0.0,0,0.0,0,0.0,0,0,0,,,,,0,,,0,0,,0,0,0,,,0,0,0.0,0,3,0,100.0,3,0.0,0,0.0,0,0,0,,,0.0,5.0,0,33.3,0.0,0,1,50.0,1,1,0,28.9,48.5,1,23,0.0,0,11,1,81.8,9,22.2,3,60.0,0,23,17,17.0,23.0,2.56,0,26.0,0,0.0,,0,0,100.0,1,0,0,27.9,41.3,0,0,0.0,0,1,0,100.0,1,39.6,1,20.0,0,0,0,,,0.0,24,,0,,,0,0,,0,0,0,,,0,0,0.0,0,1,0,100.0,1,0.0,0,0.0,0,0,0,,,0.0,26.0,0,0.0,,0,0,100.0,1,0,0,27.9,41.3,0,0,25.0,1,4,0,75.0,3,39.6,1,20.0,0,0,0,,,0.0,,0,,,0,0,,0,0,0,,,0,0,75.0,3,4,0,25.0,1,0.0,0,0.0,0,0,0,,,0.0,2.0,0,100.0,,0,0,0.0,0,1,0,64.7,78.0,0,13,0.0,0,9,1,88.9,8,118.8,1,20.0,0,13,11,11.0,13.0,1.63,,0,,,0,0,,0,0,0,,,0,0,,0,0,0,,0,0.0,0,0.0,0,0,0,,,,0,,0,,,0,0,,0,0,0,,,0,0,0.0,0,5,0,100.0,5,0.0,0,0.0,0,0,0,,,0.0,,,,0,,,0,0,,0,0,0,0,0,,0,0,0,,0,0.0,0,0.0,0,0,0,,,,,0,,,0,0,,0,0,0,,,0,0,0.0,0,1,0,100.0,1,0.0,0,0.0,0,0,0,,,0.0,,0,,,0,0,,0,0,0,,,0,0,8.3,1,12,0,83.3,10,0.0,0,0.0,0,0,0,,,0.0,4.3,0,50.0,0.0,0,1,33.3,1,2,0,30.0,62.6,1,23,0.0,0,4,2,100.0,4,41.7,4,80.0,0,36,28,14.0,18.0,9.0
Tylan Wallace,61577,WR,BLT,10,5,,0,,,0,0,,0,0,0,,,0,0,,0,0,0,,0,0.0,0,0.0,0,0,0,,,,,0,,,0,0,,0,0,0,,,0,0,,0,0,0,,0,0.0,0,0.0,0,0,0,,,,,0,,,0,0,,0,0,0,,,0,0,,0,0,0,,0,0.0,0,0.0,0,0,0,,,,,0,,,0,0,,0,0,0,,,0,0,0.0,0,9,0,88.9,8,0.0,0,0.0,0,0,0,,,0.0,4.5,2,50.0,,0,0,0.0,0,1,0,64.7,76.8,0,18,0.0,0,18,1,88.9,16,81.3,2,40.0,0,18,13,13.0,18.0,1.13,0,,0,,,0,0,,0,0,0,,,0,0,,0,0,0,,0,0.0,0,0.0,0,0,0,,,,3,,0,,,0,0,,0,0,0,,,0,0,,0,0,0,,0,0.0,0,0.0,0,0,0,,,,,0,,,0,0,,0,0,0,,,0,0,,0,0,0,,0,0.0,0,0.0,0,0,0,,,,19.0,0,0.0,,0,0,,0,0,0,,59.9,0,0,0.0,0,2,0,100.0,2,39.6,1,20.0,0,0,0,,,0.0,7.0,0,50.0,,0,0,0.0,0,0,0,64.7,59.6,0,5,0.0,0,4,1,100.0,4,56.3,2,40.0,0,5,0,0.0,5.0,1.25,19.0,0,0.0,,0,0,,0,0,0,,59.9,0,0,0.0,0,1,0,100.0,1,39.6,1,20.0,0,0,0,,,0.0,0,,0,,,0,0,,0,0,0,,,0,0,,0,0,0,,0,0.0,0,0.0,0,0,0,,,,,,,0,,,0,0,,0,0,0,0,0,0.0,0,2,0,100.0,2,0.0,0,0.0,0,0,0,,,0.0,,0,,,0,0,,0,0,0,,,0,0,0.0,0,1,0,100.0,1,0.0,0,0.0,0,0,0,,,0.0,,0,,,0,0,,0,0,0,,,0,0,8.3,1,12,0,91.7,11,0.0,0,0.0,0,0,0,,,0.0,5.8,2,50.0,,0,0,0.0,0,1,0,68.3,71.8,0,18,0.0,0,4,2,100.0,4,67.7,4,80.0,0,23,13,6.5,11.5,5.75
Shane Zylstra,143786,TE,DET,3,5,,0,,,0,0,,0,0,0,,,0,0,,0,0,0,,0,0.0,0,0.0,0,0,0,,,,,0,,,0,0,,0,0,0,,,0,0,33.3,1,3,0,66.7,2,0.0,0,0.0,0,0,0,,,0.0,,0,,,0,0,,0,0,0,,,0,0,0.0,0,2,0,50.0,1,0.0,0,0.0,0,0,0,,,0.0,12.0,0,100.0,,0,0,0.0,0,2,0,68.3,90.3,0,16,0.0,0,2,2,100.0,2,118.8,2,40.0,0,30,6,3.0,15.0,15.0,5.0,0,50.0,0.0,0,1,0.0,0,0,0,64.7,59.8,0,4,0.0,0,12,1,100.0,12,56.3,2,40.0,0,4,-1,-1.0,4.0,0.33,0,,0,,,0,0,,0,0,0,,,0,0,,0,0,0,,0,0.0,0,0.0,0,0,0,,,,11,,0,,,0,0,,0,0,0,,,0,0,50.0,1,2,0,50.0,1,0.0,0,0.0,0,0,0,,,0.0,,0,,,0,0,,0,0,0,,,0,0,0.0,0,2,0,100.0,2,0.0,0,0.0,0,0,0,,,0.0,,0,,,0,0,,0,0,0,,,0,0,0.0,0,2,0,100.0,2,0.0,0,0.0,0,0,0,,,0.0,,0,,,0,0,,0,0,0,,,0,0,0.0,0,5,0,100.0,5,0.0,0,0.0,0,0,0,,,0.0,14.0,0,66.7,,0,0,0.0,0,2,0,68.3,87.6,0,16,0.0,0,3,2,100.0,3,99.3,3,60.0,0,30,6,3.0,15.0,10.0,0,,0,,,0,0,,0,0,0,,,0,0,,0,0,0,,0,0.0,0,0.0,0,0,0,,,,,,,0,,,0,0,,0,0,0,0,0,,0,0,0,,0,0.0,0,0.0,0,0,0,,,,18.0,0,0.0,,0,0,,0,0,0,,59.1,0,0,0.0,0,3,0,100.0,3,39.6,1,20.0,0,0,0,,,0.0,,0,,,0,0,,0,0,0,,,0,0,25.0,1,4,0,75.0,3,0.0,0,0.0,0,0,0,,,0.0,5.0,0,50.0,0.0,0,1,0.0,0,0,0,64.7,59.8,0,4,0.0,0,2,1,100.0,2,56.3,2,40.0,0,4,-1,-1.0,4.0,2.0
Ryquell Armstead,45810,HB,JAX,2,4,-4.0,0,100.0,,0,0,0.0,0,0,0,68.3,82.5,0,9,0.0,0,2,2,100.0,2,87.5,2,50.0,0,10,18,9.0,5.0,5.0,-5.0,0,100.0,,0,0,0.0,0,0,0,64.7,65.2,0,1,0.0,0,1,1,100.0,1,79.2,1,25.0,0,1,6,6.0,1.0,1.0,,0,,,0,0,,0,0,0,,,0,0,,0,0,0,,0,0.0,0,0.0,0,0,0,,,,,0,,,0,0,,0,0,0,,,0,0,0.0,0,2,0,100.0,2,0.0,0,0.0,0,0,0,,,0.0,3.0,0,100.0,,0,0,0.0,0,1,0,64.7,65.1,0,6,0.0,0,2,1,100.0,2,91.7,1,25.0,0,6,3,3.0,6.0,3.0,0,,0,,,0,0,,0,0,0,,,0,0,,0,0,0,,0,0.0,0,0.0,0,0,0,,,,15,-3.0,0,100.0,,0,0,0.0,0,0,0,64.7,81.5,0,9,0.0,0,1,1,100.0,1,104.2,1,25.0,0,9,12,12.0,9.0,9.0,,0,,,0,0,,0,0,0,,,0,0,0.0,0,1,0,100.0,1,0.0,0,0.0,0,0,0,,,0.0,,0,,,0,0,,0,0,0,,,0,0,,0,0,0,,0,0.0,0,0.0,0,0,0,,,,1.0,0,0.0,,0,0,100.0,1,0,0,27.9,25.8,1,0,0.0,0,2,0,100.0,2,0.0,1,25.0,0,0,0,,,0.0,,0,,,0,0,,0,0,0,,,0,0,,0,0,0,,0,0.0,0,0.0,0,0,0,,,,0,,0,,,0,0,,0,0,0,,,0,0,,0,0,0,,0,0.0,0,0.0,0,0,0,,,,,,,0,,,0,0,,0,0,0,0,0,,0,0,0,,0,0.0,0,0.0,0,0,0,,,,,0,,,0,0,,0,0,0,,,0,0,,0,0,0,,0,0.0,0,0.0,0,0,0,,,,,0,,,0,0,,0,0,0,,,0,0,0.0,0,3,0,100.0,3,0.0,0,0.0,0,0,0,,,0.0,2.0,0,50.0,,0,0,50.0,1,1,0,28.8,27.4,1,6,0.0,0,2,1,100.0,2,16.7,2,50.0,0,6,3,3.0,6.0,3.0
Diontae Spencer,91248,WR,DEN,13,4,-2.0,0,100.0,,0,0,0.0,0,0,0,64.7,60.8,0,-3,0.0,0,1,1,100.0,1,79.2,1,25.0,0,-3,-1,-1.0,-3.0,-3.0,,0,,,0,0,,0,0,0,,,0,0,0.0,0,5,0,100.0,5,0.0,0,0.0,0,0,0,,,0.0,,0,,,0,0,,0,0,0,,,0,0,,0,0,0,,0,0.0,0,0.0,0,0,0,,,,,0,,,0,0,,0,0,0,,,0,0,,0,0,0,,0,0.0,0,0.0,0,0,0,,,,,0,,,0,0,,0,0,0,,,0,0,0.0,0,5,0,80.0,4,0.0,0,0.0,0,0,0,,,0.0,0,,0,,,0,0,,0,0,0,,,0,0,,0,0,0,,0,0.0,0,0.0,0,0,0,,,,10,,0,,,0,0,,0,0,0,,,0,0,0.0,0,1,0,100.0,1,0.0,0,0.0,0,0,0,,,0.0,,0,,,0,0,,0,0,0,,,0,0,0.0,0,3,0,66.7,2,0.0,0,0.0,0,0,0,,,0.0,,0,,,0,0,,0,0,0,,,0,0,,0,0,0,,0,0.0,0,0.0,0,0,0,,,,,0,,,0,0,,0,0,0,,,0,0,0.0,0,4,0,100.0,4,0.0,0,0.0,0,0,0,,,0.0,11.0,0,0.0,,0,0,,0,0,0,,58.9,0,0,0.0,0,1,0,100.0,1,39.6,1,25.0,0,0,0,,,0.0,0,-2.0,0,100.0,,0,0,0.0,0,0,0,64.7,60.8,0,-3,0.0,0,3,1,100.0,3,79.2,1,25.0,0,-3,-1,-1.0,-3.0,-1.0,,,,0,,,0,0,,0,0,0,0,0,0.0,0,2,0,100.0,2,0.0,0,0.0,0,0,0,,,0.0,11.0,0,0.0,,0,0,,0,0,0,,58.9,0,0,0.0,0,1,0,100.0,1,39.6,1,25.0,0,0,0,,,0.0,4.5,0,0.0,0.0,0,1,100.0,1,0,0,27.9,40.0,0,0,0.0,0,4,0,100.0,4,39.6,2,50.0,0,0,0,,,0.0,4.5,0,0.0,0.0,0,1,100.0,1,0,0,27.9,40.0,0,0,0.0,0,2,0,100.0,2,39.6,2,50.0,0,0,0,,,0.0
Trey Sermon,57372,HB,SF,4,4,-4.0,0,100.0,,0,0,0.0,0,0,0,64.7,65.2,0,0,0.0,0,1,1,100.0,1,79.2,1,25.0,0,0,4,4.0,0.0,0.0,,0,,,0,0,,0,0,0,,,0,0,25.0,1,4,0,75.0,3,0.0,0,0.0,0,0,0,,,0.0,,0,,,0,0,,0,0,0,,,0,0,0.0,0,1,0,100.0,1,0.0,0,0.0,0,0,0,,,0.0,,0,,,0,0,,0,0,0,,,0,0,33.3,2,6,0,66.7,4,0.0,0,0.0,0,0,0,,,0.0,1.0,0,0.0,,0,0,100.0,1,0,0,27.9,25.9,0,0,8.3,1,12,0,91.7,11,39.6,1,25.0,0,0,0,,,0.0,0,,0,,,0,0,,0,0,0,,,0,0,,0,0,0,,0,0.0,0,0.0,0,0,0,,,,28,-4.0,0,100.0,,0,0,0.0,0,0,0,64.7,65.2,0,0,0.0,0,3,1,100.0,3,79.2,1,25.0,0,0,4,4.0,0.0,0.0,,0,,,0,0,,0,0,0,,,0,0,0.0,0,1,0,100.0,1,0.0,0,0.0,0,0,0,,,0.0,,0,,,0,0,,0,0,0,,,0,0,0.0,0,1,0,100.0,1,0.0,0,0.0,0,0,0,,,0.0,3.0,0,100.0,,0,0,0.0,0,0,0,64.7,65.4,0,3,0.0,0,3,1,100.0,3,79.2,1,25.0,0,3,0,0.0,3.0,1.0,,0,,,0,0,,0,0,0,,,0,0,,0,0,0,,0,0.0,0,0.0,0,0,0,,,,0,,0,,,0,0,,0,0,0,,,0,0,0.0,0,1,0,100.0,1,0.0,0,0.0,0,0,0,,,0.0,,,,0,,,0,0,,0,0,0,0,0,25.0,1,4,0,75.0,3,0.0,0,0.0,0,0,0,,,0.0,,0,,,0,0,,0,0,0,,,0,0,100.0,2,2,0,0.0,0,0.0,0,0.0,0,0,0,,,,8.0,0,100.0,,0,0,0.0,0,1,0,64.7,81.0,0,23,0.0,0,4,1,100.0,4,118.8,1,25.0,0,23,15,15.0,23.0,5.75,4.0,0,66.7,,0,0,33.3,1,1,0,29.9,36.1,0,23,0.0,0,3,2,100.0,3,93.8,3,75.0,0,26,15,7.5,13.0,8.67
Ja'Marcus Bradley,27003,WR,CLV,2,4,,0,,,0,0,,0,0,0,,,0,0,,0,0,0,,0,0.0,0,0.0,0,0,0,,,,,0,,,0,0,,0,0,0,,,0,0,0.0,0,2,0,100.0,2,0.0,0,0.0,0,0,0,,,0.0,,0,,,0,0,,0,0,0,,58.8,0,0,0.0,0,1,0,0.0,0,0.0,0,0.0,0,0,0,,,,,0,,,0,0,,0,0,0,,,0,0,0.0,0,4,0,50.0,2,0.0,0,0.0,0,0,0,,,0.0,4.0,0,100.0,100.0,1,1,0.0,0,0,0,64.7,61.2,0,8,0.0,0,5,1,100.0,5,100.0,1,25.0,0,8,4,4.0,8.0,1.6,0,36.0,0,100.0,,0,0,0.0,0,1,0,64.7,89.1,0,37,0.0,0,2,1,50.0,1,118.8,1,25.0,0,37,1,1.0,37.0,37.0,8,,0,,,0,0,,0,0,0,,,0,0,0.0,0,1,0,100.0,1,0.0,0,0.0,0,0,0,,,0.0,,0,,,0,0,,0,0,0,,,0,0,0.0,0,1,0,100.0,1,0.0,0,0.0,0,0,0,,,0.0,,0,,,0,0,,0,0,0,,,0,0,0.0,0,4,0,75.0,3,0.0,0,0.0,0,0,0,,,0.0,4.0,0,100.0,,0,0,0.0,0,0,0,64.7,61.2,0,9,0.0,0,7,1,85.7,6,104.2,1,25.0,0,9,5,5.0,9.0,1.5,,0,,,0,0,,0,0,0,,,0,0,,0,0,0,,0,0.0,0,0.0,0,0,0,,,,0,,0,,,0,0,,0,0,0,,,0,0,,0,0,0,,0,0.0,0,0.0,0,0,0,,,,64.7,90.7,36.0,0,100.0,,0,0,0.0,0,1,0,0,37,0.0,0,1,1,100.0,1,118.8,1,25.0,0,37,1,1.0,37.0,37.0,,0,,,0,0,,0,0,0,,,0,0,0.0,0,4,0,75.0,3,0.0,0,0.0,0,0,0,,,0.0,4.0,0,100.0,,0,0,0.0,0,1,0,64.7,78.4,0,10,0.0,0,4,1,100.0,4,108.3,1,25.0,0,10,6,6.0,10.0,2.5,4.0,0,100.0,100.0,1,1,0.0,0,1,0,70.5,74.4,0,10,0.0,0,3,3,100.0,3,104.2,3,75.0,0,27,15,5.0,9.0,9.0
Jason Moore,91472,WR,LAC,1,4,,0,,,0,0,,0,0,0,,,0,0,,0,0,0,,0,0.0,0,0.0,0,0,0,,,,,0,,,0,0,,0,0,0,,,0,0,,0,0,0,,0,0.0,0,0.0,0,0,0,,,,,0,,,0,0,,0,0,0,,,0,0,0.0,0,2,0,100.0,2,0.0,0,0.0,0,0,0,,,0.0,,0,,,0,0,,0,0,0,,,0,0,0.0,0,1,0,100.0,1,0.0,0,0.0,0,0,0,,,0.0,5.0,0,100.0,,0,0,0.0,0,1,0,64.7,78.2,0,16,0.0,0,14,1,78.6,11,118.8,1,25.0,0,16,11,11.0,16.0,1.45,0,24.5,0,50.0,0.0,0,1,0.0,0,1,0,64.7,76.5,0,24,0.0,0,2,1,100.0,2,93.8,2,50.0,0,24,4,4.0,24.0,12.0,27,,0,,,0,0,,0,0,0,,,0,0,,0,0,0,,0,0.0,0,0.0,0,0,0,,,,24.5,0,50.0,0.0,0,1,0.0,0,1,0,64.7,76.5,0,24,0.0,0,2,1,100.0,2,93.8,2,50.0,0,24,4,4.0,24.0,12.0,,0,,,0,0,,0,0,0,,,0,0,0.0,0,1,0,100.0,1,0.0,0,0.0,0,0,0,,,0.0,,0,,,0,0,,0,0,0,,,0,0,0.0,0,3,0,100.0,3,0.0,0,0.0,0,0,0,,,0.0,,0,,,0,0,,0,0,0,,,0,0,,0,0,0,,0,0.0,0,0.0,0,0,0,,,,0,,0,,,0,0,,0,0,0,,,0,0,,0,0,0,,0,0.0,0,0.0,0,0,0,,,,,,,0,,,0,0,,0,0,0,0,0,,0,0,0,,0,0.0,0,0.0,0,0,0,,,,,0,,,0,0,,0,0,0,,,0,0,,0,0,0,,0,0.0,0,0.0,0,0,0,,,,6.0,0,100.0,,0,0,0.0,0,1,0,64.7,78.5,0,16,0.0,0,3,1,100.0,3,118.8,1,25.0,0,16,10,10.0,16.0,5.33,5.5,0,100.0,,0,0,0.0,0,2,0,68.3,90.0,0,16,0.0,0,2,2,100.0,2,118.8,2,50.0,0,32,21,10.5,16.0,16.0
J.J. Taylor,25512,HB,NE,5,4,-2.3,1,100.0,,0,0,0.0,0,0,1,70.5,26.7,0,5,0.0,0,3,3,100.0,3,79.2,3,75.0,0,4,11,3.7,1.3,1.33,-2.5,1,100.0,,0,0,0.0,0,0,0,68.3,82.1,0,5,0.0,0,2,2,100.0,2,79.2,2,50.0,0,4,9,4.5,2.0,2.0,,0,,,0,0,,0,0,0,,,0,0,0.0,0,2,0,100.0,2,0.0,0,0.0,0,0,0,,,0.0,,0,,,0,0,,0,0,0,,,0,0,0.0,0,2,0,100.0,2,0.0,0,0.0,0,0,0,,,0.0,,0,,,0,0,,0,0,0,,,0,0,0.0,0,7,0,100.0,7,0.0,0,0.0,0,0,0,,,0.0,0,,0,,,0,0,,0,0,0,,,0,0,,0,0,0,,0,0.0,0,0.0,0,0,0,,,,19,,0,,,0,0,,0,0,0,,,0,0,0.0,0,1,0,100.0,1,0.0,0,0.0,0,0,0,,,0.0,,0,,,0,0,,0,0,0,,,0,0,0.0,0,1,0,100.0,1,0.0,0,0.0,0,0,0,,,0.0,,0,,,0,0,,0,0,0,,,0,0,,0,0,0,,0,0.0,0,0.0,0,0,0,,,,4.0,0,100.0,,0,0,0.0,0,0,0,64.7,60.8,0,4,0.0,0,1,1,100.0,1,83.3,1,25.0,0,4,0,0.0,4.0,4.0,,0,,,0,0,,0,0,0,,,0,0,,0,0,0,,0,0.0,0,0.0,0,0,0,,,,0,-2.0,0,100.0,,0,0,0.0,0,0,1,64.7,21.4,0,0,0.0,0,2,1,100.0,2,79.2,1,25.0,0,0,2,2.0,0.0,0.0,,,,0,,,0,0,,0,0,0,0,0,0.0,0,1,0,100.0,1,0.0,0,0.0,0,0,0,,,0.0,,0,,,0,0,,0,0,0,,,0,0,,0,0,0,,0,0.0,0,0.0,0,0,0,,,,,0,,,0,0,,0,0,0,,,0,0,14.3,1,7,0,85.7,6,0.0,0,0.0,0,0,0,,,0.0,4.0,0,100.0,,0,0,0.0,0,0,0,64.7,60.8,0,4,0.0,0,1,1,100.0,1,83.3,1,25.0,0,4,0,0.0,4.0,4.0
Jaylen Samuels,47297,HB,HST,2,4,-2.5,1,50.0,,0,0,50.0,1,0,0,28.9,27.4,0,6,0.0,0,2,1,100.0,2,56.3,2,50.0,0,6,10,10.0,6.0,3.0,-4.0,1,100.0,,0,0,0.0,0,0,0,64.7,65.7,0,6,0.0,0,1,1,100.0,1,91.7,1,25.0,0,6,10,10.0,6.0,6.0,,0,,,0,0,,0,0,0,,,0,0,,0,0,0,,0,0.0,0,0.0,0,0,0,,,,,0,,,0,0,,0,0,0,,,0,0,,0,0,0,,0,0.0,0,0.0,0,0,0,,,,,0,,,0,0,,0,0,0,,,0,0,0.0,0,1,0,100.0,1,0.0,0,0.0,0,0,0,,,0.0,0,,0,,,0,0,,0,0,0,,,0,0,,0,0,0,,0,0.0,0,0.0,0,0,0,,,,13,-1.0,0,0.0,,0,0,100.0,1,0,0,28.0,26.3,0,0,0.0,0,2,0,100.0,2,39.6,1,25.0,0,0,0,,,0.0,,0,,,0,0,,0,0,0,,,0,0,0.0,0,3,0,33.3,1,0.0,0,0.0,0,0,0,,,0.0,,0,,,0,0,,0,0,0,,,0,0,0.0,0,1,0,100.0,1,0.0,0,0.0,0,0,0,,,0.0,1.0,0,100.0,,0,0,0.0,0,1,0,68.3,69.9,0,5,0.0,0,3,2,100.0,3,83.3,2,50.0,0,8,6,3.0,4.0,2.67,,0,,,0,0,,0,0,0,,,0,0,,0,0,0,,0,0.0,0,0.0,0,0,0,,,,0,,0,,,0,0,,0,0,0,,,0,0,,0,0,0,,0,0.0,0,0.0,0,0,0,,,,,,,0,,,0,0,,0,0,0,0,0,,0,0,0,,0,0.0,0,0.0,0,0,0,,,,,0,,,0,0,,0,0,0,,,0,0,,0,0,0,,0,0.0,0,0.0,0,0,0,,,,,0,,,0,0,,0,0,0,,,0,0,0.0,0,1,0,100.0,1,0.0,0,0.0,0,0,0,,,0.0,1.0,0,100.0,,0,0,0.0,0,1,0,68.3,69.9,0,5,0.0,0,2,2,100.0,2,83.3,2,50.0,0,8,6,3.0,4.0,4.0
Wendell Smallwood,10787,HB,WAS,2,4,-2.0,0,100.0,,0,0,0.0,0,0,0,64.7,65.4,0,6,0.0,0,1,1,100.0,1,91.7,1,25.0,0,6,8,8.0,6.0,6.0,,0,,,0,0,,0,0,0,,,0,0,,0,0,0,,0,0.0,0,0.0,0,0,0,,,,,0,,,0,0,,0,0,0,,,0,0,,0,0,0,,0,0.0,0,0.0,0,0,0,,,,,0,,,0,0,,0,0,0,,,0,0,0.0,0,2,0,100.0,2,0.0,0,0.0,0,0,0,,,0.0,3.0,0,100.0,,0,0,0.0,0,0,0,68.3,69.2,0,7,0.0,0,5,2,100.0,5,91.7,2,50.0,0,12,6,3.0,6.0,2.4,0,,0,,,0,0,,0,0,0,,,0,0,,0,0,0,,0,0.0,0,0.0,0,0,0,,,,32,,0,,,0,0,,0,0,0,,,0,0,,0,0,0,,0,0.0,0,0.0,0,0,0,,,,,0,,,0,0,,0,0,0,,,0,0,,0,0,0,,0,0.0,0,0.0,0,0,0,,,,,0,,,0,0,,0,0,0,,,0,0,,0,0,0,,0,0.0,0,0.0,0,0,0,,,,4.0,0,100.0,100.0,1,1,0.0,0,0,0,64.7,65.7,0,4,0.0,0,1,1,100.0,1,83.3,1,25.0,0,4,0,0.0,4.0,4.0,,0,,,0,0,,0,0,0,,,0,0,,0,0,0,,0,0.0,0,0.0,0,0,0,,,,0,-2.0,0,100.0,,0,0,0.0,0,0,0,64.7,65.4,0,6,0.0,0,1,1,100.0,1,91.7,1,25.0,0,6,8,8.0,6.0,6.0,,,,0,,,0,0,,0,0,0,0,0,0.0,0,1,0,100.0,1,0.0,0,0.0,0,0,0,,,0.0,,0,,,0,0,,0,0,0,,,0,0,,0,0,0,,0,0.0,0,0.0,0,0,0,,,,,0,,,0,0,,0,0,0,,,0,0,0.0,0,1,0,100.0,1,0.0,0,0.0,0,0,0,,,0.0,3.3,0,100.0,100.0,1,1,0.0,0,0,0,70.5,71.8,0,7,0.0,0,3,3,100.0,3,88.9,3,75.0,0,16,6,2.0,5.3,5.33
Demetrius Harris,8524,TE,ARZ,14,4,-4.0,1,100.0,,0,0,0.0,0,0,0,64.7,61.8,0,0,0.0,0,1,1,100.0,1,79.2,1,25.0,0,0,4,4.0,0.0,0.0,-4.0,1,100.0,,0,0,0.0,0,0,0,64.7,61.8,0,0,10.0,1,10,1,90.0,9,79.2,1,25.0,0,0,4,4.0,0.0,0.0,,0,,,0,0,,0,0,0,,,0,0,,0,0,0,,0,0.0,0,0.0,0,0,0,,,,,0,,,0,0,,0,0,0,,,0,0,0.0,0,8,0,100.0,8,0.0,0,0.0,0,0,0,,,0.0,1.0,0,100.0,,0,0,0.0,0,0,0,64.7,65.4,0,7,20.0,3,15,1,80.0,12,95.8,1,25.0,0,7,6,6.0,7.0,0.58,0,22.0,0,0.0,,0,0,,0,0,0,,58.9,1,0,0.0,0,1,0,100.0,1,0.0,1,25.0,0,0,0,,,0.0,1,,0,,,0,0,,0,0,0,,,0,0,33.3,1,3,0,66.7,2,0.0,0,0.0,0,0,0,,,0.0,22.0,0,0.0,,0,0,,0,0,0,,58.9,1,0,50.0,4,8,0,50.0,4,0.0,1,25.0,0,0,0,,,0.0,,0,,,0,0,,0,0,0,,,0,0,44.4,4,9,0,44.4,4,0.0,0,0.0,0,0,0,,,0.0,,0,,,0,0,,0,0,0,,,0,0,0.0,0,8,0,100.0,8,0.0,0,0.0,0,0,0,,,0.0,,0,,,0,0,,0,0,0,,,0,0,,0,0,0,,0,0.0,0,0.0,0,0,0,,,,0,,0,,,0,0,,0,0,0,,,0,0,0.0,0,4,0,100.0,4,0.0,0,0.0,0,0,0,,,0.0,,,,0,,,0,0,,0,0,0,0,0,40.0,2,5,0,40.0,2,0.0,0,0.0,0,0,0,,,0.0,,0,,,0,0,,0,0,0,,,0,0,57.1,4,7,0,42.9,3,0.0,0,0.0,0,0,0,,,0.0,0.0,0,100.0,,0,0,0.0,0,0,0,64.7,65.5,0,3,25.0,1,4,1,75.0,3,79.2,1,25.0,0,3,3,3.0,3.0,1.0,0.5,0,100.0,,0,0,0.0,0,0,0,68.3,69.3,0,7,0.0,0,2,2,100.0,2,87.5,2,50.0,0,10,9,4.5,5.0,5.0
Tyron Johnson,34427,WR,LV,8,4,-4.0,0,100.0,,0,0,0.0,0,0,0,64.7,61.0,0,6,0.0,0,1,1,100.0,1,91.7,1,25.0,0,6,10,10.0,6.0,6.0,,0,,,0,0,,0,0,0,,,0,0,0.0,0,2,0,100.0,2,0.0,0,0.0,0,0,0,,,0.0,,0,,,0,0,,0,0,0,,,0,0,,0,0,0,,0,0.0,0,0.0,0,0,0,,,,,0,,,0,0,,0,0,0,,,0,0,0.0,0,2,0,100.0,2,0.0,0,0.0,0,0,0,,,0.0,,0,,,0,0,,0,0,0,,,0,0,0.0,0,2,0,100.0,2,0.0,0,0.0,0,0,0,,,0.0,0,32.5,0,0.0,0.0,0,2,,0,0,0,,45.6,1,0,0.0,0,2,0,100.0,2,0.0,2,50.0,0,0,0,,,0.0,23,-4.0,0,100.0,,0,0,0.0,0,0,0,64.7,61.0,0,6,0.0,0,2,1,100.0,2,91.7,1,25.0,0,6,10,10.0,6.0,3.0,44.0,0,0.0,0.0,0,1,,0,0,0,,59.3,1,0,0.0,0,3,0,66.7,2,0.0,1,25.0,0,0,0,,,0.0,,0,,,0,0,,0,0,0,,,0,0,0.0,0,2,0,100.0,2,0.0,0,0.0,0,0,0,,,0.0,,0,,,0,0,,0,0,0,,,0,0,0.0,0,5,0,100.0,5,0.0,0,0.0,0,0,0,,,0.0,10.0,0,100.0,,0,0,0.0,0,1,0,64.7,78.2,0,10,0.0,0,1,1,100.0,1,108.3,1,25.0,0,10,0,0.0,10.0,10.0,0,,0,,,0,0,,0,0,0,,,0,0,0.0,0,1,0,100.0,1,0.0,0,0.0,0,0,0,,,0.0,,53.0,21.0,0,0.0,0.0,0,1,,0,0,0,0,0,0.0,0,2,0,100.0,2,39.6,1,25.0,0,0,0,,,0.0,10.0,0,100.0,,0,0,0.0,0,1,0,64.7,78.2,0,10,0.0,0,3,1,100.0,3,108.3,1,25.0,0,10,0,0.0,10.0,3.33,,0,,,0,0,,0,0,0,,,0,0,0.0,0,3,0,100.0,3,0.0,0,0.0,0,0,0,,,0.0,,0,,,0,0,,0,0,0,,,0,0,,0,0,0,,0,0.0,0,0.0,0,0,0,,,
Frank Darby,40988,WR,ATL,3,4,,0,,,0,0,,0,0,0,,,0,0,,0,0,0,,0,0.0,0,0.0,0,0,0,,,,,0,,,0,0,,0,0,0,,,0,0,,0,0,0,,0,0.0,0,0.0,0,0,0,,,,,0,,,0,0,,0,0,0,,,0,0,,0,0,0,,0,0.0,0,0.0,0,0,0,,,,,0,,,0,0,,0,0,0,,,0,0,0.0,0,1,0,100.0,1,0.0,0,0.0,0,0,0,,,0.0,,0,,,0,0,,0,0,0,,,0,0,0.0,0,2,0,100.0,2,0.0,0,0.0,0,0,0,,,0.0,0,38.5,0,0.0,0.0,0,1,,0,0,0,,57.5,0,0,0.0,0,2,0,100.0,2,39.6,2,50.0,0,0,0,,,0.0,2,,0,,,0,0,,0,0,0,,,0,0,,0,0,0,,0,0.0,0,0.0,0,0,0,,,,38.5,0,0.0,0.0,0,1,,0,0,0,,57.5,0,0,0.0,0,2,0,100.0,2,39.6,2,50.0,0,0,0,,,0.0,,0,,,0,0,,0,0,0,,,0,0,0.0,0,1,0,100.0,1,0.0,0,0.0,0,0,0,,,0.0,,0,,,0,0,,0,0,0,,,0,0,0.0,0,2,0,100.0,2,0.0,0,0.0,0,0,0,,,0.0,12.0,0,0.0,,0,0,,0,0,0,,58.8,0,0,0.0,0,1,0,100.0,1,39.6,1,25.0,0,0,0,,,0.0,0,,0,,,0,0,,0,0,0,,,0,0,,0,0,0,,0,0.0,0,0.0,0,0,0,,,,,,,0,,,0,0,,0,0,0,0,0,,0,0,0,,0,0.0,0,0.0,0,0,0,,,,12.0,0,0.0,,0,0,,0,0,0,,58.8,0,0,0.0,0,1,0,100.0,1,39.6,1,25.0,0,0,0,,,0.0,2.0,2,100.0,,0,0,0.0,0,1,0,64.7,90.9,0,14,0.0,0,2,1,100.0,2,118.8,1,25.0,0,14,12,12.0,14.0,7.0,2.0,2,100.0,,0,0,0.0,0,1,0,64.7,90.9,0,14,0.0,0,1,1,100.0,1,118.8,1,25.0,0,14,12,12.0,14.0,14.0
Stanley Morgan Jr.,48110,WR,CIN,11,4,-5.5,0,100.0,,0,0,0.0,0,0,0,68.3,61.7,0,8,0.0,0,2,2,100.0,2,89.6,2,50.0,0,11,22,11.0,5.5,5.5,,0,,,0,0,,0,0,0,,,0,0,0.0,0,9,0,100.0,9,0.0,0,0.0,0,0,0,,,0.0,,0,,,0,0,,0,0,0,,,0,0,0.0,0,1,0,100.0,1,0.0,0,0.0,0,0,0,,,0.0,,0,,,0,0,,0,0,0,,,0,0,0.0,0,1,0,100.0,1,0.0,0,0.0,0,0,0,,,0.0,,0,,,0,0,,0,0,0,,,0,0,0.0,0,11,0,100.0,11,0.0,0,0.0,0,0,0,,,0.0,0,38.0,0,0.0,,0,0,,0,0,0,,57.4,0,0,0.0,0,2,0,50.0,1,39.6,1,25.0,0,0,0,,,0.0,7,,0,,,0,0,,0,0,0,,,0,0,25.0,1,4,0,75.0,3,0.0,0,0.0,0,0,0,,,0.0,,0,,,0,0,,0,0,0,,58.9,0,0,0.0,0,1,0,0.0,0,0.0,0,0.0,0,0,0,,,,,0,,,0,0,,0,0,0,,,0,0,,0,0,0,,0,0.0,0,0.0,0,0,0,,,,,0,,,0,0,,0,0,0,,,0,0,0.0,0,4,0,100.0,4,0.0,0,0.0,0,0,0,,,0.0,,0,,,0,0,,0,0,0,,,0,0,,0,0,0,,0,0.0,0,0.0,0,0,0,,,,0,-5.5,0,100.0,,0,0,0.0,0,0,0,68.3,61.7,0,8,20.0,1,5,2,80.0,4,89.6,2,50.0,0,11,22,11.0,5.5,2.75,,59.9,38.0,0,0.0,,0,0,,0,0,0,0,0,0.0,0,1,0,100.0,1,39.6,1,25.0,0,0,0,,,0.0,,0,,,0,0,,0,0,0,,,0,0,0.0,0,1,0,100.0,1,0.0,0,0.0,0,0,0,,,0.0,2.0,0,0.0,,0,0,,0,0,0,,59.9,0,0,0.0,0,6,0,100.0,6,39.6,1,25.0,0,0,0,,,0.0,2.0,0,0.0,,0,0,,0,0,0,,59.9,0,0,0.0,0,1,0,100.0,1,39.6,1,25.0,0,0,0,,,0.0
Marlon Mack,11898,HB,IND,5,4,,0,,,0,0,,0,0,0,,,0,0,,0,0,0,,0,0.0,0,0.0,0,0,0,,,,,0,,,0,0,,0,0,0,,,0,0,,0,0,0,,0,0.0,0,0.0,0,0,0,,,,,0,,,0,0,,0,0,0,,,0,0,,0,0,0,,0,0.0,0,0.0,0,0,0,,,,,0,,,0,0,,0,0,0,,,0,0,0.0,0,2,0,100.0,2,0.0,0,0.0,0,0,0,,,0.0,4.0,0,100.0,,0,0,0.0,0,0,0,64.7,65.7,0,7,33.3,2,6,1,66.7,4,95.8,1,25.0,0,7,3,3.0,7.0,1.75,0,,0,,,0,0,,0,0,0,,,0,0,,0,0,0,,0,0.0,0,0.0,0,0,0,,,,14,,0,,,0,0,,0,0,0,,,0,0,,0,0,0,,0,0.0,0,0.0,0,0,0,,,,,0,,,0,0,,0,0,0,,,0,0,0.0,0,3,0,100.0,3,0.0,0,0.0,0,0,0,,,0.0,,0,,,0,0,,0,0,0,,,0,0,100.0,2,2,0,0.0,0,0.0,0,0.0,0,0,0,,,,,0,,,0,0,,0,0,0,,,0,0,,0,0,0,,0,0.0,0,0.0,0,0,0,,,,13.0,0,0.0,0.0,0,1,,0,0,0,,60.0,0,0,0.0,0,1,0,100.0,1,39.6,1,25.0,0,0,0,,,0.0,0,,0,,,0,0,,0,0,0,,,0,0,,0,0,0,,0,0.0,0,0.0,0,0,0,,,,,,,0,,,0,0,,0,0,0,0,0,,0,0,0,,0,0.0,0,0.0,0,0,0,,,,13.0,0,0.0,0.0,0,1,,0,0,0,,60.0,0,0,25.0,1,4,0,75.0,3,39.6,1,25.0,0,0,0,,,0.0,0.0,0,50.0,,0,0,0.0,0,0,0,64.7,64.6,0,1,0.0,0,4,1,100.0,4,56.3,2,50.0,0,1,1,1.0,1.0,0.25,1.3,0,66.7,,0,0,0.0,0,0,0,68.3,68.4,0,7,0.0,0,3,2,100.0,3,70.1,3,75.0,0,8,4,2.0,4.0,2.67
Auden Tate,48192,WR,CIN,7,4,-6.0,0,100.0,,0,0,0.0,0,1,0,64.7,90.4,0,7,0.0,0,1,1,100.0,1,135.4,1,25.0,1,7,13,13.0,7.0,7.0,,0,,,0,0,,0,0,0,,,0,0,0.0,0,2,0,100.0,2,0.0,0,0.0,0,0,0,,,0.0,,0,,,0,0,,0,0,0,,,0,0,0.0,0,1,0,100.0,1,0.0,0,0.0,0,0,0,,,0.0,10.0,2,100.0,100.0,1,1,0.0,0,1,0,68.3,93.1,0,18,0.0,0,4,1,75.0,3,118.8,1,25.0,0,18,8,8.0,18.0,6.0,8.0,0,100.0,,0,0,0.0,0,1,0,64.7,78.5,0,14,0.0,0,12,1,100.0,12,118.8,1,25.0,0,14,6,6.0,14.0,1.17,0,28.0,0,0.0,,0,0,,0,0,0,,60.0,1,0,0.0,0,1,0,100.0,1,0.0,1,25.0,0,0,0,,,0.0,7,-6.0,0,100.0,,0,0,0.0,0,1,0,64.7,90.4,0,7,0.0,0,3,1,100.0,3,135.4,1,25.0,1,7,13,13.0,7.0,2.33,,0,,,0,0,,0,0,0,,,0,0,,0,0,0,,0,0.0,0,0.0,0,0,0,,,,,0,,,0,0,,0,0,0,,59.7,0,0,0.0,0,2,0,50.0,1,0.0,0,0.0,0,0,0,,,0.0,,0,,,0,0,,0,0,0,,,0,0,0.0,0,3,0,100.0,3,0.0,0,0.0,0,0,0,,,0.0,10.0,2,100.0,100.0,1,1,0.0,0,1,0,68.3,92.2,0,18,0.0,0,3,1,33.3,1,118.8,1,25.0,0,18,8,8.0,18.0,18.0,0,,0,,,0,0,,0,0,0,,,0,0,,0,0,0,,0,0.0,0,0.0,0,0,0,,,,,60.0,28.0,0,0.0,,0,0,,0,0,0,1,0,0.0,0,4,0,100.0,4,0.0,1,25.0,0,0,0,,,0.0,,0,,,0,0,,0,0,0,,,0,0,0.0,0,1,0,100.0,1,0.0,0,0.0,0,0,0,,,0.0,,0,,,0,0,,0,0,0,,,0,0,0.0,0,2,0,100.0,2,0.0,0,0.0,0,0,0,,,0.0,8.0,0,100.0,,0,0,0.0,0,1,0,64.7,78.5,0,14,0.0,0,1,1,100.0,1,118.8,1,25.0,0,14,6,6.0,14.0,14.0
Garrett Griffin,11439,TE,NO,13,4,,0,,,0,0,,0,0,0,,,0,0,,0,0,0,,0,0.0,0,0.0,0,0,0,,,,,0,,,0,0,,0,0,0,,,0,0,75.0,3,4,0,25.0,1,0.0,0,0.0,0,0,0,,,0.0,,0,,,0,0,,0,0,0,,,0,0,100.0,3,3,0,0.0,0,0.0,0,0.0,0,0,0,,,,,0,,,0,0,,0,0,0,,,0,0,16.7,1,6,0,83.3,5,0.0,0,0.0,0,0,0,,,0.0,4.0,1,100.0,,0,0,0.0,0,2,0,68.3,92.8,0,14,25.0,3,12,2,75.0,9,118.8,2,50.0,0,26,18,9.0,13.0,2.89,0,,0,,,0,0,,0,0,0,,,0,0,,0,0,0,,0,0.0,0,0.0,0,0,0,,,,20,,0,,,0,0,,0,0,0,,,0,0,,0,0,0,,0,0.0,0,0.0,0,0,0,,,,,0,,,0,0,,0,0,0,,,0,0,50.0,2,4,0,50.0,2,0.0,0,0.0,0,0,0,,,0.0,,0,,,0,0,,0,0,0,,,0,0,83.3,5,6,0,16.7,1,0.0,0,0.0,0,0,0,,,0.0,1.0,0,100.0,,0,0,0.0,0,0,0,64.7,62.6,0,4,33.3,3,9,1,66.7,6,83.3,1,25.0,0,4,3,3.0,4.0,0.67,,0,,,0,0,,0,0,0,,,0,0,,0,0,0,,0,0.0,0,0.0,0,0,0,,,,0,,0,,,0,0,,0,0,0,,,0,0,40.0,2,5,0,60.0,3,0.0,0,0.0,0,0,0,,,0.0,,,,0,,,0,0,,0,0,0,0,0,33.3,1,3,0,66.7,2,0.0,0,0.0,0,0,0,,,0.0,,0,,,0,0,,0,0,0,,,0,0,66.7,4,6,0,33.3,2,0.0,0,0.0,0,0,0,,,0.0,3.0,0,100.0,,0,0,0.0,0,0,1,64.7,24.8,0,9,50.0,4,8,1,50.0,4,104.2,1,25.0,0,9,6,6.0,9.0,2.25,3.0,1,100.0,,0,0,0.0,0,2,1,72.1,65.8,0,14,0.0,0,4,4,100.0,4,107.3,4,100.0,0,39,27,6.8,9.8,9.75
Malcolm Brown,9902,HB,MIA,7,4,-2.0,0,100.0,,0,0,0.0,0,0,0,64.7,65.1,0,-1,0.0,0,1,1,100.0,1,79.2,1,25.0,0,-1,1,1.0,-1.0,-1.0,-2.0,0,100.0,,0,0,0.0,0,0,0,64.7,65.1,0,-1,0.0,0,2,1,100.0,2,79.2,1,25.0,0,-1,1,1.0,-1.0,-0.5,,0,,,0,0,,0,0,0,,,0,0,50.0,3,6,0,33.3,2,0.0,0,0.0,0,0,0,,,0.0,,0,,,0,0,,0,0,0,,,0,0,33.3,2,6,0,66.7,4,0.0,0,0.0,0,0,0,,,0.0,,0,,,0,0,,0,0,0,,,0,0,27.3,3,11,0,72.7,8,0.0,0,0.0,0,0,0,,,0.0,0,,0,,,0,0,,0,0,0,,,0,0,,0,0,0,,0,0.0,0,0.0,0,0,0,,,,17,,0,,,0,0,,0,0,0,,,0,0,,0,0,0,,0,0.0,0,0.0,0,0,0,,,,,0,,,0,0,,0,0,0,,,0,0,60.0,3,5,0,40.0,2,0.0,0,0.0,0,0,0,,,0.0,,0,,,0,0,,0,0,0,,,0,0,75.0,3,4,0,0.0,0,0.0,0,0.0,0,0,0,,,,1.0,0,0.0,,0,0,,0,0,0,,59.6,0,0,53.8,7,13,0,38.5,5,39.6,1,25.0,0,0,0,,,0.0,,0,,,0,0,,0,0,0,,,0,0,,0,0,0,,0,0.0,0,0.0,0,0,0,,,,0,,0,,,0,0,,0,0,0,,,0,0,100.0,1,1,0,0.0,0,0.0,0,0.0,0,0,0,,,,,,,0,,,0,0,,0,0,0,0,0,25.0,1,4,0,25.0,1,0.0,0,0.0,0,0,0,,,0.0,,0,,,0,0,,0,0,0,,,0,0,75.0,3,4,0,25.0,1,0.0,0,0.0,0,0,0,,,0.0,1.5,0,100.0,,0,0,0.0,0,0,0,70.5,71.4,0,7,78.6,11,14,2,14.3,2,89.6,2,50.0,0,11,8,4.0,5.5,5.5,1.3,0,66.7,,0,0,0.0,0,0,0,70.5,69.9,0,7,0.0,0,4,2,75.0,3,72.9,3,75.0,0,11,8,4.0,5.5,3.67
Dezmon Patmon,48329,WR,IND,7,4,,0,,,0,0,,0,0,0,,,0,0,,0,0,0,,0,0.0,0,0.0,0,0,0,,,,,0,,,0,0,,0,0,0,,,0,0,0.0,0,3,0,100.0,3,0.0,0,0.0,0,0,0,,,0.0,,0,,,0,0,,0,0,0,,,0,0,,0,0,0,,0,0.0,0,0.0,0,0,0,,,,12.0,0,0.0,0.0,0,1,,0,0,0,,60.0,0,0,0.0,0,2,0,100.0,2,39.6,1,25.0,0,0,0,,,0.0,6.0,0,50.0,0.0,0,1,0.0,0,0,0,64.7,60.0,0,7,0.0,0,10,1,100.0,10,58.3,2,50.0,0,7,3,3.0,7.0,0.7,0,23.0,0,100.0,,0,0,0.0,0,0,0,64.7,90.9,0,14,0.0,0,1,1,100.0,1,158.3,1,25.0,1,14,0,0.0,14.0,14.0,14,,0,,,0,0,,0,0,0,,,0,0,,0,0,0,,0,0.0,0,0.0,0,0,0,,,,23.0,0,100.0,,0,0,0.0,0,0,0,64.7,90.9,0,14,0.0,0,4,1,100.0,4,158.3,1,25.0,1,14,0,0.0,14.0,3.5,,0,,,0,0,,0,0,0,,,0,0,,0,0,0,,0,0.0,0,0.0,0,0,0,,,,,0,,,0,0,,0,0,0,,,0,0,0.0,0,1,0,100.0,1,0.0,0,0.0,0,0,0,,,0.0,12.0,0,0.0,0.0,0,1,,0,0,0,,60.0,0,0,0.0,0,1,0,100.0,1,39.6,1,25.0,0,0,0,,,0.0,0,,0,,,0,0,,0,0,0,,,0,0,,0,0,0,,0,0.0,0,0.0,0,0,0,,,,,,,0,,,0,0,,0,0,0,0,0,0.0,0,2,0,100.0,2,0.0,0,0.0,0,0,0,,,0.0,,0,,,0,0,,0,0,0,,,0,0,0.0,0,2,0,100.0,2,0.0,0,0.0,0,0,0,,,0.0,,0,,,0,0,,0,0,0,,,0,0,0.0,0,2,0,100.0,2,0.0,0,0.0,0,0,0,,,0.0,6.0,0,50.0,0.0,0,1,0.0,0,0,0,64.7,60.0,0,7,0.0,0,2,1,100.0,2,58.3,2,50.0,0,7,3,3.0,7.0,3.5
Jordan Howard,10784,HB,PHI,8,4,-4.0,0,100.0,,0,0,0.0,0,0,0,64.7,65.0,0,7,0.0,0,2,1,50.0,1,95.8,1,25.0,0,7,11,11.0,7.0,7.0,,0,,,0,0,,0,0,0,,,0,0,0.0,0,3,0,100.0,3,0.0,0,0.0,0,0,0,,,0.0,,0,,,0,0,,0,0,0,,,0,0,0.0,0,4,0,100.0,4,0.0,0,0.0,0,0,0,,,0.0,,0,,,0,0,,0,0,0,,,0,0,50.0,2,4,0,50.0,2,0.0,0,0.0,0,0,0,,,0.0,5.0,0,100.0,,0,0,0.0,0,1,0,64.7,81.3,0,10,0.0,0,7,1,100.0,7,108.3,1,25.0,0,10,5,5.0,10.0,1.43,0,,0,,,0,0,,0,0,0,,,0,0,,0,0,0,,0,0.0,0,0.0,0,0,0,,,,24,,0,,,0,0,,0,0,0,,,0,0,0.0,0,2,0,100.0,2,0.0,0,0.0,0,0,0,,,0.0,,0,,,0,0,,0,0,0,,,0,0,33.3,1,3,0,66.7,2,0.0,0,0.0,0,0,0,,,0.0,,0,,,0,0,,0,0,0,,,0,0,33.3,2,6,0,66.7,4,0.0,0,0.0,0,0,0,,,0.0,3.0,0,100.0,,0,0,0.0,0,1,0,64.7,81.5,0,9,0.0,0,4,1,100.0,4,104.2,1,25.0,0,9,6,6.0,9.0,2.25,,0,,,0,0,,0,0,0,,,0,0,,0,0,0,,0,0.0,0,0.0,0,0,0,,,,0,-4.0,0,100.0,,0,0,0.0,0,0,0,64.7,65.0,0,7,25.0,1,4,1,50.0,2,95.8,1,25.0,0,7,11,11.0,7.0,3.5,,,,0,,,0,0,,0,0,0,0,0,0.0,0,3,0,100.0,3,0.0,0,0.0,0,0,0,,,0.0,,0,,,0,0,,0,0,0,,,0,0,12.5,1,8,0,87.5,7,0.0,0,0.0,0,0,0,,,0.0,0.0,0,0.0,,0,0,100.0,1,0,0,28.0,26.3,0,0,0.0,0,6,0,100.0,6,39.6,1,25.0,0,0,0,,,0.0,2.7,0,66.7,,0,0,33.3,1,2,0,30.0,48.9,0,10,0.0,0,3,2,100.0,3,84.0,3,75.0,0,19,11,5.5,9.5,6.33
Adrian Peterson,3623,HB,SEA,4,4,-4.3,0,100.0,,0,0,0.0,0,0,0,70.5,71.4,0,5,0.0,0,3,3,100.0,3,79.2,3,75.0,0,3,16,5.3,1.0,1.0,-3.0,0,100.0,,0,0,0.0,0,0,0,64.7,65.2,0,-1,40.0,2,5,1,60.0,3,79.2,1,25.0,0,-1,2,2.0,-1.0,-0.33,,0,,,0,0,,0,0,0,,,0,0,,0,0,0,,0,0.0,0,0.0,0,0,0,,,,,0,,,0,0,,0,0,0,,,0,0,33.3,1,3,0,66.7,2,0.0,0,0.0,0,0,0,,,0.0,1.0,0,100.0,,0,0,0.0,0,0,0,64.7,65.2,0,5,0.0,0,6,1,100.0,6,87.5,1,25.0,0,5,4,4.0,5.0,0.83,0,,0,,,0,0,,0,0,0,,,0,0,,0,0,0,,0,0.0,0,0.0,0,0,0,,,,29,-3.0,0,100.0,,0,0,0.0,0,0,0,64.7,65.7,0,5,0.0,0,1,1,100.0,1,87.5,1,25.0,0,5,8,8.0,5.0,5.0,,0,,,0,0,,0,0,0,,,0,0,,0,0,0,,0,0.0,0,0.0,0,0,0,,,,,0,,,0,0,,0,0,0,,,0,0,0.0,0,1,0,0.0,0,0.0,0,0.0,0,0,0,,,,,0,,,0,0,,0,0,0,,,0,0,0.0,0,2,0,100.0,2,0.0,0,0.0,0,0,0,,,0.0,,0,,,0,0,,0,0,0,,,0,0,,0,0,0,,0,0.0,0,0.0,0,0,0,,,,0,-7.0,0,100.0,,0,0,0.0,0,0,0,64.7,65.2,0,-1,0.0,0,4,1,100.0,4,79.2,1,25.0,0,-1,6,6.0,-1.0,-0.25,,,,0,,,0,0,,0,0,0,0,0,,0,0,0,,0,0.0,0,0.0,0,0,0,,,,,0,,,0,0,,0,0,0,,,0,0,66.7,2,3,0,33.3,1,0.0,0,0.0,0,0,0,,,0.0,,0,,,0,0,,0,0,0,,,0,0,0.0,0,2,0,100.0,2,0.0,0,0.0,0,0,0,,,0.0,1.0,0,100.0,,0,0,0.0,0,0,0,64.7,65.2,0,5,0.0,0,1,1,100.0,1,87.5,1,25.0,0,5,4,4.0,5.0,5.0
Alex Erickson,11107,WR,CAR,12,4,,0,,,0,0,,0,0,0,,,0,0,,0,0,0,,0,0.0,0,0.0,0,0,0,,,,,0,,,0,0,,0,0,0,,,0,0,0.0,0,7,0,100.0,7,0.0,0,0.0,0,0,0,,,0.0,,0,,,0,0,,0,0,0,,,0,0,0.0,0,1,0,100.0,1,0.0,0,0.0,0,0,0,,,0.0,,0,,,0,0,,0,0,0,,,0,0,0.0,0,6,0,83.3,5,0.0,0,0.0,0,0,0,,,0.0,6.5,0,100.0,,0,0,0.0,0,1,0,68.3,76.0,0,17,0.0,0,9,2,100.0,9,118.8,2,50.0,0,30,17,8.5,15.0,3.33,0,,0,,,0,0,,0,0,0,,,0,0,,0,0,0,,0,0.0,0,0.0,0,0,0,,,,5,,0,,,0,0,,0,0,0,,,0,0,,0,0,0,,0,0.0,0,0.0,0,0,0,,,,,0,,,0,0,,0,0,0,,,0,0,0.0,0,3,0,100.0,3,0.0,0,0.0,0,0,0,,,0.0,,0,,,0,0,,0,0,0,,,0,0,,0,0,0,,0,0.0,0,0.0,0,0,0,,,,7.0,0,0.0,,0,0,,0,0,0,,59.7,0,0,0.0,0,3,0,100.0,3,39.6,1,25.0,0,0,0,,,0.0,12.0,0,100.0,,0,0,0.0,0,1,0,64.7,79.2,0,25,0.0,0,1,1,100.0,1,118.8,1,25.0,0,25,13,13.0,25.0,25.0,0,,0,,,0,0,,0,0,0,,,0,0,0.0,0,1,0,100.0,1,0.0,0,0.0,0,0,0,,,0.0,,,,0,,,0,0,,0,0,0,0,0,,0,0,0,,0,0.0,0,0.0,0,0,0,,,,12.0,0,100.0,,0,0,0.0,0,1,0,64.7,79.2,0,25,0.0,0,1,1,100.0,1,118.8,1,25.0,0,25,13,13.0,25.0,25.0,,0,,,0,0,,0,0,0,,,0,0,0.0,0,1,0,100.0,1,0.0,0,0.0,0,0,0,,,0.0,6.7,0,66.7,,0,0,0.0,0,1,0,68.3,74.1,0,17,0.0,0,3,2,100.0,3,99.3,3,75.0,0,30,17,8.5,15.0,10.0
Trevon Wesco,42018,TE,NYJ,12,4,,0,,,0,0,,0,0,0,,,0,0,,0,0,0,,0,0.0,0,0.0,0,0,0,,,,,0,,,0,0,,0,0,0,,,0,0,12.5,1,8,0,87.5,7,0.0,0,0.0,0,0,0,,,0.0,,0,,,0,0,,0,0,0,,,0,0,0.0,0,1,0,0.0,0,0.0,0,0.0,0,0,0,,,,,0,,,0,0,,0,0,0,,,0,0,33.3,2,6,0,50.0,3,0.0,0,0.0,0,0,0,,,0.0,,0,,,0,0,,0,0,0,,,0,0,12.5,1,8,0,87.5,7,0.0,0,0.0,0,0,0,,,0.0,0,,0,,,0,0,,0,0,0,,,0,0,,0,0,0,,0,0.0,0,0.0,0,0,0,,,,22,,0,,,0,0,,0,0,0,,,0,0,33.3,1,3,0,66.7,2,0.0,0,0.0,0,0,0,,,0.0,,0,,,0,0,,0,0,0,,,0,0,0.0,0,2,0,100.0,2,0.0,0,0.0,0,0,0,,,0.0,,0,,,0,0,,0,0,0,,,0,0,50.0,2,4,0,50.0,2,0.0,0,0.0,0,0,0,,,0.0,1.0,0,0.0,,0,0,,0,0,0,,60.0,0,0,0.0,0,7,0,100.0,7,39.6,1,25.0,0,0,0,,,0.0,,0,,,0,0,,0,0,0,,,0,0,,0,0,0,,0,0.0,0,0.0,0,0,0,,,,0,,0,,,0,0,,0,0,0,,,0,0,,0,0,0,,0,0.0,0,0.0,0,0,0,,,,,,,0,,,0,0,,0,0,0,0,0,0.0,0,5,0,100.0,5,0.0,0,0.0,0,0,0,,,0.0,,0,,,0,0,,0,0,0,,,0,0,33.3,1,3,0,66.7,2,0.0,0,0.0,0,0,0,,,0.0,2.0,0,100.0,,0,0,0.0,0,2,0,70.5,88.8,0,19,41.7,5,12,3,58.3,7,115.3,3,75.0,0,35,29,9.7,11.7,5.0,1.8,0,75.0,,0,0,0.0,0,2,0,70.5,88.7,0,19,0.0,0,4,3,100.0,4,101.0,4,100.0,0,35,29,9.7,11.7,8.75
Dazz Newsome,61510,WR,CHI,3,4,,0,,,0,0,,0,0,0,,,0,0,,0,0,0,,0,0.0,0,0.0,0,0,0,,,,,0,,,0,0,,0,0,0,,,0,0,0.0,0,6,0,100.0,6,0.0,0,0.0,0,0,0,,,0.0,,0,,,0,0,,0,0,0,,,0,0,0.0,0,2,0,100.0,2,0.0,0,0.0,0,0,0,,,0.0,,0,,,0,0,,0,0,0,,,0,0,0.0,0,4,0,75.0,3,0.0,0,0.0,0,0,0,,,0.0,,0,,,0,0,,0,0,0,,,0,0,0.0,0,12,0,100.0,12,0.0,0,0.0,0,0,0,,,0.0,0,,0,,,0,0,,0,0,0,,,0,0,,0,0,0,,0,0.0,0,0.0,0,0,0,,,,6,,0,,,0,0,,0,0,0,,,0,0,0.0,0,2,0,100.0,2,0.0,0,0.0,0,0,0,,,0.0,,0,,,0,0,,0,0,0,,,0,0,0.0,0,2,0,100.0,2,0.0,0,0.0,0,0,0,,,0.0,19.0,0,0.0,,0,0,,0,0,0,,59.4,1,0,0.0,0,4,0,75.0,3,0.0,1,25.0,0,0,0,,,0.0,9.0,0,0.0,,0,0,,0,0,0,,59.9,0,0,0.0,0,8,0,100.0,8,39.6,1,25.0,0,0,0,,,0.0,19.0,0,0.0,,0,0,,0,0,0,,59.4,1,0,0.0,0,1,0,100.0,1,0.0,1,25.0,0,0,0,,,0.0,0,,0,,,0,0,,0,0,0,,,0,0,,0,0,0,,0,0.0,0,0.0,0,0,0,,,,,,,0,,,0,0,,0,0,0,0,0,0.0,0,1,0,0.0,0,0.0,0,0.0,0,0,0,,,,,0,,,0,0,,0,0,0,,,0,0,0.0,0,3,0,100.0,3,0.0,0,0.0,0,0,0,,,0.0,3.5,1,100.0,,0,0,0.0,0,1,0,68.3,76.8,0,13,0.0,0,11,2,100.0,11,114.6,2,50.0,0,23,16,8.0,11.5,2.09,5.3,1,66.7,,0,0,0.0,0,1,0,68.3,75.2,0,13,0.0,0,3,2,100.0,3,89.6,3,75.0,0,23,16,8.0,11.5,7.67
Derek Watt,10832,FB,PIT,11,4,-2.0,0,100.0,,0,0,0.0,0,0,0,64.7,61.8,0,3,0.0,0,1,1,100.0,1,79.2,1,25.0,0,3,5,5.0,3.0,3.0,-2.0,0,100.0,,0,0,0.0,0,0,0,64.7,61.8,0,3,50.0,1,2,1,50.0,1,79.2,1,25.0,0,3,5,5.0,3.0,3.0,,0,,,0,0,,0,0,0,,,0,0,,0,0,0,,0,0.0,0,0.0,0,0,0,,,,,0,,,0,0,,0,0,0,,,0,0,,0,0,0,,0,0.0,0,0.0,0,0,0,,,,0.0,0,100.0,100.0,1,1,0.0,0,0,0,68.3,91.2,0,9,0.0,0,7,2,100.0,7,91.7,2,50.0,0,12,12,6.0,6.0,1.71,0,,0,,,0,0,,0,0,0,,,0,0,,0,0,0,,0,0.0,0,0.0,0,0,0,,,,25,,0,,,0,0,,0,0,0,,,0,0,,0,0,0,,0,0.0,0,0.0,0,0,0,,,,,0,,,0,0,,0,0,0,,,0,0,,0,0,0,,0,0.0,0,0.0,0,0,0,,,,,0,,,0,0,,0,0,0,,,0,0,,0,0,0,,0,0.0,0,0.0,0,0,0,,,,4.0,0,0.0,,0,0,,0,0,0,,60.0,0,0,0.0,0,4,0,75.0,3,39.6,1,25.0,0,0,0,,,0.0,,0,,,0,0,,0,0,0,,,0,0,,0,0,0,,0,0.0,0,0.0,0,0,0,,,,0,,0,,,0,0,,0,0,0,,,0,0,,0,0,0,,0,0.0,0,0.0,0,0,0,,,,,,,0,,,0,0,,0,0,0,0,0,,0,0,0,,0,0.0,0,0.0,0,0,0,,,,,0,,,0,0,,0,0,0,,,0,0,,0,0,0,,0,0.0,0,0.0,0,0,0,,,,,0,,,0,0,,0,0,0,,,0,0,33.3,1,3,0,33.3,1,0.0,0,0.0,0,0,0,,,0.0,1.3,0,66.7,100.0,1,1,0.0,0,0,0,68.3,89.7,0,9,0.0,0,3,2,100.0,3,74.3,3,75.0,0,12,12,6.0,6.0,4.0
Andy Janovich,10810,FB,CLV,13,4,,0,,,0,0,,0,0,0,,,0,0,,0,0,0,,0,0.0,0,0.0,0,0,0,,,,,0,,,0,0,,0,0,0,,,0,0,0.0,0,1,0,100.0,1,0.0,0,0.0,0,0,0,,,0.0,,0,,,0,0,,0,0,0,,,0,0,,0,0,0,,0,0.0,0,0.0,0,0,0,,,,,0,,,0,0,,0,0,0,,,0,0,0.0,0,5,0,100.0,5,0.0,0,0.0,0,0,0,,,0.0,5.0,0,0.0,0.0,0,1,100.0,1,0,0,27.9,25.9,0,0,71.4,5,7,0,28.6,2,39.6,1,25.0,0,0,0,,,0.0,0,,0,,,0,0,,0,0,0,,,0,0,,0,0,0,,0,0.0,0,0.0,0,0,0,,,,8,,0,,,0,0,,0,0,0,,,0,0,,0,0,0,,0,0.0,0,0.0,0,0,0,,,,,0,,,0,0,,0,0,0,,,0,0,66.7,2,3,0,33.3,1,0.0,0,0.0,0,0,0,,,0.0,,0,,,0,0,,0,0,0,,,0,0,,0,0,0,,0,0.0,0,0.0,0,0,0,,,,2.0,0,100.0,,0,0,0.0,0,1,0,68.3,81.4,0,3,0.0,0,3,2,66.7,2,79.2,2,50.0,0,6,2,1.0,3.0,3.0,,0,,,0,0,,0,0,0,,,0,0,,0,0,0,,0,0.0,0,0.0,0,0,0,,,,0,,0,,,0,0,,0,0,0,,,0,0,,0,0,0,,0,0.0,0,0.0,0,0,0,,,,,,,0,,,0,0,,0,0,0,0,0,0.0,0,2,0,100.0,2,0.0,0,0.0,0,0,0,,,0.0,,0,,,0,0,,0,0,0,,,0,0,0.0,0,4,0,100.0,4,0.0,0,0.0,0,0,0,,,0.0,1.0,0,100.0,,0,0,0.0,0,0,0,68.3,86.9,0,3,50.0,2,4,1,25.0,1,79.2,1,25.0,0,3,2,2.0,3.0,3.0,2.5,0,75.0,0.0,0,1,25.0,1,1,0,41.6,71.2,0,3,0.0,0,5,3,80.0,4,77.1,4,100.0,0,9,4,1.3,3.0,2.25
Jonathan Ward,25859,HB,ARZ,5,3,-6.5,0,100.0,,0,0,0.0,0,0,0,68.3,69.1,0,9,0.0,0,2,2,100.0,2,89.6,2,66.7,0,11,24,12.0,5.5,5.5,-6.0,0,100.0,,0,0,0.0,0,0,0,64.7,65.4,0,2,0.0,0,3,1,100.0,3,79.2,1,33.3,0,2,8,8.0,2.0,0.67,20.0,0,100.0,100.0,1,1,0.0,0,1,0,64.7,98.9,0,23,0.0,0,1,1,100.0,1,118.8,1,33.3,0,23,3,3.0,23.0,23.0,,0,,,0,0,,0,0,0,,,0,0,0.0,0,2,0,100.0,2,0.0,0,0.0,0,0,0,,,0.0,,0,,,0,0,,0,0,0,,,0,0,0.0,0,4,0,100.0,4,0.0,0,0.0,0,0,0,,,0.0,0,20.0,0,100.0,100.0,1,1,0.0,0,1,0,64.7,98.9,0,23,0.0,0,1,1,100.0,1,118.8,1,33.3,0,23,3,3.0,23.0,23.0,1,,0,,,0,0,,0,0,0,,,0,0,0.0,0,2,0,100.0,2,0.0,0,0.0,0,0,0,,,0.0,,0,,,0,0,,0,0,0,,,0,0,,0,0,0,,0,0.0,0,0.0,0,0,0,,,,,0,,,0,0,,0,0,0,,,0,0,0.0,0,1,0,100.0,1,0.0,0,0.0,0,0,0,,,0.0,,0,,,0,0,,0,0,0,,,0,0,100.0,1,1,0,0.0,0,0.0,0,0.0,0,0,0,,,,,0,,,0,0,,0,0,0,,,0,0,,0,0,0,,0,0.0,0,0.0,0,0,0,,,,0,-7.0,0,100.0,,0,0,0.0,0,0,0,64.7,65.4,0,9,0.0,0,2,1,100.0,2,104.2,1,33.3,0,9,16,16.0,9.0,4.5,,,,0,,,0,0,,0,0,0,0,0,0.0,0,3,0,100.0,3,0.0,0,0.0,0,0,0,,,0.0,,0,,,0,0,,0,0,0,,,0,0,,0,0,0,,0,0.0,0,0.0,0,0,0,,,,,0,,,0,0,,0,0,0,,,0,0,66.7,2,3,0,33.3,1,0.0,0,0.0,0,0,0,,,0.0,,0,,,0,0,,0,0,0,,,0,0,,0,0,0,,0,0.0,0,0.0,0,0,0,,,
Adam Prentice,35639,FB,NO,7,3,-1.0,0,100.0,,0,0,0.0,0,0,0,64.7,65.4,0,2,0.0,0,1,1,100.0,1,79.2,1,33.3,0,2,3,3.0,2.0,2.0,,0,,,0,0,,0,0,0,,,0,0,50.0,1,2,0,50.0,1,0.0,0,0.0,0,0,0,,,0.0,,0,,,0,0,,0,0,0,,,0,0,33.3,1,3,0,66.7,2,0.0,0,0.0,0,0,0,,,0.0,,0,,,0,0,,0,0,0,,,0,0,0.0,0,2,0,100.0,2,0.0,0,0.0,0,0,0,,,0.0,1.0,0,100.0,,0,0,0.0,0,1,0,68.3,82.3,0,10,8.3,1,12,2,91.7,11,95.8,2,66.7,0,14,12,6.0,7.0,1.27,0,,0,,,0,0,,0,0,0,,,0,0,,0,0,0,,0,0.0,0,0.0,0,0,0,,,,20,-1.0,0,100.0,,0,0,0.0,0,0,0,64.7,65.4,0,2,66.7,2,3,1,33.3,1,79.2,1,33.3,0,2,3,3.0,2.0,2.0,,0,,,0,0,,0,0,0,,,0,0,33.3,1,3,0,66.7,2,0.0,0,0.0,0,0,0,,,0.0,,0,,,0,0,,0,0,0,,,0,0,66.7,2,3,0,33.3,1,0.0,0,0.0,0,0,0,,,0.0,,0,,,0,0,,0,0,0,,,0,0,25.0,1,4,0,75.0,3,0.0,0,0.0,0,0,0,,,0.0,,0,,,0,0,,0,0,0,,,0,0,,0,0,0,,0,0.0,0,0.0,0,0,0,,,,0,,0,,,0,0,,0,0,0,,,0,0,,0,0,0,,0,0.0,0,0.0,0,0,0,,,,,,,0,,,0,0,,0,0,0,0,0,100.0,1,1,0,0.0,0,0.0,0,0.0,0,0,0,,,,,0,,,0,0,,0,0,0,,,0,0,0.0,0,2,0,100.0,2,0.0,0,0.0,0,0,0,,,0.0,,0,,,0,0,,0,0,0,,,0,0,40.0,2,5,0,60.0,3,0.0,0,0.0,0,0,0,,,0.0,1.0,0,100.0,,0,0,0.0,0,1,0,68.3,82.3,0,10,0.0,0,2,2,100.0,2,95.8,2,66.7,0,14,12,6.0,7.0,7.0
Trent Taylor,11932,WR,CIN,2,3,,0,,,0,0,,0,0,0,,,0,0,,0,0,0,,0,0.0,0,0.0,0,0,0,,,,,0,,,0,0,,0,0,0,,,0,0,0.0,0,4,0,100.0,4,0.0,0,0.0,0,0,0,,,0.0,20.0,0,100.0,,0,0,0.0,0,1,0,64.7,78.3,0,26,0.0,0,1,1,100.0,1,118.8,1,33.3,0,26,6,6.0,26.0,26.0,,0,,,0,0,,0,0,0,,,0,0,0.0,0,3,0,100.0,3,0.0,0,0.0,0,0,0,,,0.0,4.0,0,0.0,,0,0,,0,0,0,,59.8,0,0,0.0,0,3,0,100.0,3,39.6,1,33.3,0,0,0,,,0.0,0,20.0,0,100.0,,0,0,0.0,0,1,0,64.7,78.3,0,26,0.0,0,1,1,100.0,1,118.8,1,33.3,0,26,6,6.0,26.0,26.0,7,,0,,,0,0,,0,0,0,,,0,0,0.0,0,1,0,100.0,1,0.0,0,0.0,0,0,0,,,0.0,,0,,,0,0,,0,0,0,,,0,0,0.0,0,1,0,100.0,1,0.0,0,0.0,0,0,0,,,0.0,15.0,0,100.0,,0,0,0.0,0,1,0,64.7,79.2,0,15,0.0,0,2,1,100.0,2,118.8,1,33.3,0,15,0,0.0,15.0,7.5,,0,,,0,0,,0,0,0,,,0,0,0.0,0,1,0,100.0,1,0.0,0,0.0,0,0,0,,,0.0,15.0,0,100.0,,0,0,0.0,0,1,0,64.7,79.2,0,15,0.0,0,1,1,100.0,1,118.8,1,33.3,0,15,0,0.0,15.0,15.0,0,,0,,,0,0,,0,0,0,,,0,0,0.0,0,1,0,100.0,1,0.0,0,0.0,0,0,0,,,0.0,,,,0,,,0,0,,0,0,0,0,0,0.0,0,1,0,100.0,1,0.0,0,0.0,0,0,0,,,0.0,,0,,,0,0,,0,0,0,,,0,0,,0,0,0,,0,0.0,0,0.0,0,0,0,,,,,0,,,0,0,,0,0,0,,59.4,0,0,16.7,1,6,0,66.7,4,0.0,0,0.0,0,0,0,,,0.0,4.0,0,0.0,,0,0,,0,0,0,,57.3,0,0,0.0,0,2,0,50.0,1,39.6,1,33.3,0,0,0,,,0.0
Kirk Merritt,35096,WR,MIA,1,3,,0,,,0,0,,0,0,0,,,0,0,,0,0,0,,0,0.0,0,0.0,0,0,0,,,,,0,,,0,0,,0,0,0,,,0,0,,0,0,0,,0,0.0,0,0.0,0,0,0,,,,,0,,,0,0,,0,0,0,,,0,0,,0,0,0,,0,0.0,0,0.0,0,0,0,,,,,0,,,0,0,,0,0,0,,,0,0,,0,0,0,,0,0.0,0,0.0,0,0,0,,,,9.0,0,0.0,,0,0,100.0,1,0,0,27.9,40.0,0,0,0.0,0,1,0,100.0,1,39.6,1,33.3,0,0,0,,,0.0,0,39.0,0,0.0,,0,0,,0,0,0,,59.9,0,0,0.0,0,1,0,100.0,1,39.6,1,33.3,0,0,0,,,0.0,17,,0,,,0,0,,0,0,0,,,0,0,,0,0,0,,0,0.0,0,0.0,0,0,0,,,,,0,,,0,0,,0,0,0,,,0,0,,0,0,0,,0,0.0,0,0.0,0,0,0,,,,,0,,,0,0,,0,0,0,,,0,0,0.0,0,2,0,100.0,2,0.0,0,0.0,0,0,0,,,0.0,6.0,0,100.0,,0,0,0.0,0,1,0,64.7,78.5,0,13,0.0,0,1,1,100.0,1,118.8,1,33.3,0,13,7,7.0,13.0,13.0,,0,,,0,0,,0,0,0,,,0,0,,0,0,0,,0,0.0,0,0.0,0,0,0,,,,0,,0,,,0,0,,0,0,0,,,0,0,,0,0,0,,0,0.0,0,0.0,0,0,0,,,,,59.9,39.0,0,0.0,,0,0,,0,0,0,0,0,0.0,0,1,0,100.0,1,39.6,1,33.3,0,0,0,,,0.0,,0,,,0,0,,0,0,0,,,0,0,0.0,0,1,0,100.0,1,0.0,0,0.0,0,0,0,,,0.0,,0,,,0,0,,0,0,0,,,0,0,,0,0,0,,0,0.0,0,0.0,0,0,0,,,,7.5,0,50.0,,0,0,50.0,1,1,0,28.8,58.6,0,13,0.0,0,2,1,100.0,2,70.8,2,66.7,0,13,7,7.0,13.0,6.5
Patrick Laird,28219,HB,MIA,6,3,-2.0,2,100.0,,0,0,0.0,0,2,0,70.5,92.1,0,10,0.0,0,3,3,100.0,3,90.3,3,100.0,0,17,23,7.7,5.7,5.67,-2.5,0,100.0,,0,0,0.0,0,1,0,68.3,83.2,0,10,0.0,0,3,2,100.0,3,91.7,2,66.7,0,12,17,8.5,6.0,4.0,,0,,,0,0,,0,0,0,,,0,0,,0,0,0,,0,0.0,0,0.0,0,0,0,,,,,0,,,0,0,,0,0,0,,,0,0,42.9,3,7,0,57.1,4,0.0,0,0.0,0,0,0,,,0.0,,0,,,0,0,,0,0,0,,,0,0,50.0,4,8,0,37.5,3,0.0,0,0.0,0,0,0,,,0.0,0,,0,,,0,0,,0,0,0,,,0,0,,0,0,0,,0,0.0,0,0.0,0,0,0,,,,17,,0,,,0,0,,0,0,0,,,0,0,,0,0,0,,0,0.0,0,0.0,0,0,0,,,,,0,,,0,0,,0,0,0,,,0,0,,0,0,0,,0,0.0,0,0.0,0,0,0,,,,,0,,,0,0,,0,0,0,,,0,0,50.0,1,2,0,50.0,1,0.0,0,0.0,0,0,0,,,0.0,,0,,,0,0,,0,0,0,64.7,81.8,0,0,66.7,4,6,0,16.7,1,0.0,0,0.0,0,0,0,,,0.0,,0,,,0,0,,0,0,0,,,0,0,,0,0,0,,0,0.0,0,0.0,0,0,0,,,,0,-1.0,2,100.0,,0,0,0.0,0,1,0,64.7,79.1,0,5,0.0,0,1,1,100.0,1,87.5,1,33.3,0,5,6,6.0,5.0,5.0,,,,0,,,0,0,,0,0,0,0,0,33.3,1,3,0,66.7,2,0.0,0,0.0,0,0,0,,,0.0,,0,,,0,0,,0,0,0,,,0,0,33.3,1,3,0,66.7,2,0.0,0,0.0,0,0,0,,,0.0,,0,,,0,0,,0,0,0,,,0,0,80.0,4,5,0,20.0,1,0.0,0,0.0,0,0,0,,,0.0,,0,,,0,0,,0,0,0,64.7,81.8,0,0,0.0,0,1,0,0.0,0,0.0,0,0.0,0,0,0,,,
Scottie Phillips,83711,HB,HST,2,3,-1.5,1,50.0,,0,0,0.0,0,0,0,64.7,63.8,0,1,0.0,0,2,1,100.0,2,56.3,2,66.7,0,1,3,3.0,1.0,0.5,-2.0,1,100.0,,0,0,0.0,0,0,0,64.7,65.1,0,1,0.0,0,1,1,100.0,1,79.2,1,33.3,0,1,3,3.0,1.0,1.0,,0,,,0,0,,0,0,0,,,0,0,,0,0,0,,0,0.0,0,0.0,0,0,0,,,,,0,,,0,0,,0,0,0,,,0,0,,0,0,0,,0,0.0,0,0.0,0,0,0,,,,3.0,0,100.0,,0,0,0.0,0,0,0,64.7,65.4,0,8,0.0,0,3,1,100.0,3,100.0,1,33.3,0,8,5,5.0,8.0,2.67,0,,0,,,0,0,,0,0,0,,,0,0,,0,0,0,,0,0.0,0,0.0,0,0,0,,,,13,-1.0,0,0.0,,0,0,,0,0,0,,59.7,0,0,0.0,0,1,0,100.0,1,39.6,1,33.3,0,0,0,,,0.0,,0,,,0,0,,0,0,0,,,0,0,100.0,2,2,0,0.0,0,0.0,0,0.0,0,0,0,,,,,0,,,0,0,,0,0,0,,,0,0,,0,0,0,,0,0.0,0,0.0,0,0,0,,,,,0,,,0,0,,0,0,0,,,0,0,0.0,0,1,0,100.0,1,0.0,0,0.0,0,0,0,,,0.0,,0,,,0,0,,0,0,0,,,0,0,,0,0,0,,0,0.0,0,0.0,0,0,0,,,,0,,0,,,0,0,,0,0,0,,,0,0,,0,0,0,,0,0.0,0,0.0,0,0,0,,,,,,,0,,,0,0,,0,0,0,0,0,,0,0,0,,0,0.0,0,0.0,0,0,0,,,,,0,,,0,0,,0,0,0,,,0,0,,0,0,0,,0,0.0,0,0.0,0,0,0,,,,,0,,,0,0,,0,0,0,,,0,0,100.0,1,1,0,0.0,0,0.0,0,0.0,0,0,0,,,,3.0,0,100.0,,0,0,0.0,0,0,0,64.7,65.4,0,8,0.0,0,1,1,100.0,1,100.0,1,33.3,0,8,5,5.0,8.0,8.0
Jesper Horsted,91465,TE,CHI,4,3,,0,,,0,0,,0,0,0,,,0,0,,0,0,0,,0,0.0,0,0.0,0,0,0,,,,,0,,,0,0,,0,0,0,,,0,0,,0,0,0,,0,0.0,0,0.0,0,0,0,,,,,0,,,0,0,,0,0,0,,,0,0,,0,0,0,,0,0.0,0,0.0,0,0,0,,,,,0,,,0,0,,0,0,0,,,0,0,,0,0,0,,0,0.0,0,0.0,0,0,0,,,,,0,,,0,0,,0,0,0,,,0,0,0.0,0,1,0,100.0,1,0.0,0,0.0,0,0,0,,,0.0,0,20.0,0,100.0,100.0,1,1,0.0,0,1,0,64.7,79.4,0,19,0.0,0,1,1,100.0,1,158.3,1,33.3,1,19,0,0.0,19.0,19.0,6,,0,,,0,0,,0,0,0,,,0,0,,0,0,0,,0,0.0,0,0.0,0,0,0,,,,20.0,0,100.0,100.0,1,1,0.0,0,1,0,64.7,79.4,0,19,0.0,0,1,1,100.0,1,158.3,1,33.3,1,19,0,0.0,19.0,19.0,15.0,0,0.0,,0,0,,0,0,0,,59.7,0,0,0.0,0,2,0,100.0,2,39.6,1,33.3,0,0,0,,,0.0,,0,,,0,0,,0,0,0,,,0,0,,0,0,0,,0,0.0,0,0.0,0,0,0,,,,12.5,0,50.0,100.0,1,1,0.0,0,1,0,64.7,77.3,0,2,0.0,0,2,1,100.0,2,95.8,2,66.7,1,2,0,0.0,2.0,1.0,0,,0,,,0,0,,0,0,0,,,0,0,,0,0,0,,0,0.0,0,0.0,0,0,0,,,,,,,0,,,0,0,,0,0,0,0,0,,0,0,0,,0,0.0,0,0.0,0,0,0,,,,10.0,0,100.0,100.0,1,1,0.0,0,1,0,64.7,79.0,0,2,0.0,0,1,1,100.0,1,118.8,1,33.3,1,2,0,0.0,2.0,2.0,,0,,,0,0,,0,0,0,,,0,0,0.0,0,1,0,100.0,1,0.0,0,0.0,0,0,0,,,0.0,,0,,,0,0,,0,0,0,,,0,0,,0,0,0,,0,0.0,0,0.0,0,0,0,,,
Davion Davis,33158,WR,HST,2,3,,0,,,0,0,,0,0,0,,,0,0,,0,0,0,,0,0.0,0,0.0,0,0,0,,,,,0,,,0,0,,0,0,0,,,0,0,0.0,0,1,0,100.0,1,0.0,0,0.0,0,0,0,,,0.0,,0,,,0,0,,0,0,0,,,0,0,,0,0,0,,0,0.0,0,0.0,0,0,0,,,,,0,,,0,0,,0,0,0,,,0,0,,0,0,0,,0,0.0,0,0.0,0,0,0,,,,4.5,0,50.0,0.0,0,1,0.0,0,1,0,64.7,76.6,0,17,0.0,0,6,1,100.0,6,79.2,2,66.7,0,17,13,13.0,17.0,2.83,0,,0,,,0,0,,0,0,0,,,0,0,,0,0,0,,0,0.0,0,0.0,0,0,0,,,,13,,0,,,0,0,,0,0,0,,,0,0,0.0,0,2,0,100.0,2,0.0,0,0.0,0,0,0,,,0.0,,0,,,0,0,,0,0,0,,,0,0,,0,0,0,,0,0.0,0,0.0,0,0,0,,,,,0,,,0,0,,0,0,0,,,0,0,,0,0,0,,0,0.0,0,0.0,0,0,0,,,,,0,,,0,0,,0,0,0,,,0,0,0.0,0,3,0,66.7,2,0.0,0,0.0,0,0,0,,,0.0,,0,,,0,0,,0,0,0,,,0,0,,0,0,0,,0,0.0,0,0.0,0,0,0,,,,0,,0,,,0,0,,0,0,0,,,0,0,,0,0,0,,0,0.0,0,0.0,0,0,0,,,,,,,0,,,0,0,,0,0,0,0,0,,0,0,0,,0,0.0,0,0.0,0,0,0,,,,,0,,,0,0,,0,0,0,,,0,0,,0,0,0,,0,0.0,0,0.0,0,0,0,,,,5.0,0,0.0,0.0,0,1,,0,0,0,,60.0,1,0,0.0,0,2,0,100.0,2,0.0,1,33.3,0,0,0,,,0.0,4.7,0,33.3,0.0,0,2,0.0,0,1,0,64.7,74.9,1,17,0.0,0,3,1,100.0,3,13.9,3,100.0,0,17,13,13.0,17.0,5.67
Kaden Smith,40973,TE,NYG,9,3,,0,,,0,0,,0,0,0,,,0,0,,0,0,0,,0,0.0,0,0.0,0,0,0,,,,,0,,,0,0,,0,0,0,,,0,0,60.0,3,5,0,40.0,2,0.0,0,0.0,0,0,0,,,0.0,,0,,,0,0,,0,0,0,,,0,0,0.0,0,1,0,100.0,1,0.0,0,0.0,0,0,0,,,0.0,15.0,0,100.0,,0,0,0.0,0,1,0,64.7,91.0,0,21,45.0,9,20,1,45.0,9,118.8,1,33.3,0,21,6,6.0,21.0,2.33,2.5,0,100.0,,0,0,0.0,0,0,0,68.3,62.0,0,9,18.2,2,11,2,81.8,9,91.7,2,66.7,0,12,7,3.5,6.0,1.33,0,,0,,,0,0,,0,0,0,,,0,0,,0,0,0,,0,0.0,0,0.0,0,0,0,,,,21,,0,,,0,0,,0,0,0,,,0,0,20.0,1,5,0,80.0,4,0.0,0,0.0,0,0,0,,,0.0,,0,,,0,0,,0,0,0,,,0,0,0.0,0,1,0,0.0,0,0.0,0,0.0,0,0,0,,,,,0,,,0,0,,0,0,0,,,0,0,25.0,1,4,0,50.0,2,0.0,0,0.0,0,0,0,,,0.0,,0,,,0,0,,0,0,0,,,0,0,12.5,1,8,0,87.5,7,0.0,0,0.0,0,0,0,,,0.0,15.0,0,100.0,,0,0,0.0,0,1,0,64.7,91.0,0,21,0.0,0,1,1,100.0,1,118.8,1,33.3,0,21,6,6.0,21.0,21.0,0,,0,,,0,0,,0,0,0,,,0,0,33.3,1,3,0,66.7,2,0.0,0,0.0,0,0,0,,,0.0,,,,0,,,0,0,,0,0,0,0,0,0.0,0,2,0,100.0,2,0.0,0,0.0,0,0,0,,,0.0,,0,,,0,0,,0,0,0,,,0,0,55.6,5,9,0,44.4,4,0.0,0,0.0,0,0,0,,,0.0,,0,,,0,0,,0,0,0,,,0,0,25.0,1,4,0,75.0,3,0.0,0,0.0,0,0,0,,,0.0,2.5,0,100.0,,0,0,0.0,0,0,0,68.3,62.0,0,9,0.0,0,2,2,100.0,2,91.7,2,66.7,0,12,7,3.5,6.0,6.0
Khari Blasingame,44889,FB,TEN,11,3,-3.0,0,100.0,,0,0,0.0,0,0,0,64.7,65.7,0,-1,0.0,0,1,1,100.0,1,79.2,1,33.3,0,-1,2,2.0,-1.0,-1.0,-3.0,0,100.0,,0,0,0.0,0,0,0,64.7,65.7,0,-1,0.0,0,2,1,100.0,2,79.2,1,33.3,0,-1,2,2.0,-1.0,-0.5,,0,,,0,0,,0,0,0,,,0,0,,0,0,0,,0,0.0,0,0.0,0,0,0,,,,,0,,,0,0,,0,0,0,,,0,0,25.0,1,4,0,75.0,3,0.0,0,0.0,0,0,0,,,0.0,,0,,,0,0,,0,0,0,,,0,0,0.0,0,7,0,100.0,7,0.0,0,0.0,0,0,0,,,0.0,0,,0,,,0,0,,0,0,0,,,0,0,,0,0,0,,0,0.0,0,0.0,0,0,0,,,,31,,0,,,0,0,,0,0,0,,,0,0,,0,0,0,,0,0.0,0,0.0,0,0,0,,,,,0,,,0,0,,0,0,0,,,0,0,0.0,0,1,0,100.0,1,0.0,0,0.0,0,0,0,,,0.0,,0,,,0,0,,0,0,0,,,0,0,50.0,1,2,0,0.0,0,0.0,0,0.0,0,0,0,,,,,0,,,0,0,,0,0,0,,,0,0,33.3,1,3,0,66.7,2,0.0,0,0.0,0,0,0,,,0.0,,0,,,0,0,,0,0,0,,,0,0,,0,0,0,,0,0.0,0,0.0,0,0,0,,,,0,,0,,,0,0,,0,0,0,,,0,0,,0,0,0,,0,0.0,0,0.0,0,0,0,,,,,,,0,,,0,0,,0,0,0,0,0,100.0,2,2,0,0.0,0,0.0,0,0.0,0,0,0,,,,,0,,,0,0,,0,0,0,,,0,0,50.0,2,4,0,50.0,2,0.0,0,0.0,0,0,0,,,0.0,2.5,0,50.0,,0,0,50.0,1,0,0,28.8,27.4,0,5,50.0,2,4,1,50.0,2,56.3,2,66.7,0,5,2,2.0,5.0,2.5,2.5,0,50.0,,0,0,50.0,1,0,0,28.8,27.4,0,5,0.0,0,2,1,100.0,2,56.3,2,66.7,0,5,2,2.0,5.0,2.5
Malik Taylor,94375,WR,GB,4,3,-1.0,0,100.0,,0,0,0.0,0,0,0,64.7,61.0,0,7,0.0,0,1,1,100.0,1,95.8,1,33.3,0,7,8,8.0,7.0,7.0,,0,,,0,0,,0,0,0,,,0,0,0.0,0,1,0,100.0,1,0.0,0,0.0,0,0,0,,,0.0,,0,,,0,0,,0,0,0,,,0,0,0.0,0,1,0,100.0,1,0.0,0,0.0,0,0,0,,,0.0,,0,,,0,0,,0,0,0,,,0,0,,0,0,0,,0,0.0,0,0.0,0,0,0,,,,7.0,0,100.0,,0,0,0.0,0,1,0,64.7,78.2,0,7,0.0,0,1,1,100.0,1,95.8,1,33.3,0,7,0,0.0,7.0,7.0,0,24.0,0,0.0,0.0,0,1,,0,0,0,,59.1,0,0,0.0,0,1,0,100.0,1,39.6,1,33.3,0,0,0,,,0.0,12,-1.0,0,100.0,,0,0,0.0,0,0,0,64.7,61.0,0,7,0.0,0,1,1,100.0,1,95.8,1,33.3,0,7,8,8.0,7.0,7.0,24.0,0,0.0,0.0,0,1,,0,0,0,,59.1,0,0,0.0,0,1,0,100.0,1,39.6,1,33.3,0,0,0,,,0.0,,0,,,0,0,,0,0,0,,,0,0,0.0,0,2,0,100.0,2,0.0,0,0.0,0,0,0,,,0.0,,0,,,0,0,,0,0,0,,,0,0,0.0,0,4,0,100.0,4,0.0,0,0.0,0,0,0,,,0.0,,0,,,0,0,,0,0,0,,,0,0,,0,0,0,,0,0.0,0,0.0,0,0,0,,,,0,,0,,,0,0,,0,0,0,,,0,0,0.0,0,1,0,100.0,1,0.0,0,0.0,0,0,0,,,0.0,,,,0,,,0,0,,0,0,0,0,0,,0,0,0,,0,0.0,0,0.0,0,0,0,,,,,0,,,0,0,,0,0,0,,,0,0,,0,0,0,,0,0.0,0,0.0,0,0,0,,,,,0,,,0,0,,0,0,0,,,0,0,,0,0,0,,0,0.0,0,0.0,0,0,0,,,,7.0,0,100.0,,0,0,0.0,0,1,0,64.7,78.2,0,7,0.0,0,1,1,100.0,1,95.8,1,33.3,0,7,0,0.0,7.0,7.0
Gunner Olszewski,95015,WR,NE,10,3,,0,,,0,0,,0,0,0,,,0,0,,0,0,0,,0,0.0,0,0.0,0,0,0,,,,,0,,,0,0,,0,0,0,,,0,0,0.0,0,4,0,50.0,2,0.0,0,0.0,0,0,0,,,0.0,,0,,,0,0,,0,0,0,,,0,0,0.0,0,2,0,100.0,2,0.0,0,0.0,0,0,0,,,0.0,14.0,1,100.0,,0,0,0.0,0,1,0,64.7,90.7,0,22,0.0,0,2,1,100.0,2,118.8,1,33.3,0,22,8,8.0,22.0,11.0,5.0,0,100.0,,0,0,0.0,0,1,0,64.7,78.1,0,9,0.0,0,6,1,100.0,6,104.2,1,33.3,0,9,4,4.0,9.0,1.5,0,,0,,,0,0,,0,0,0,,,0,0,,0,0,0,,0,0.0,0,0.0,0,0,0,,,,19,,0,,,0,0,,0,0,0,,,0,0,0.0,0,2,0,100.0,2,0.0,0,0.0,0,0,0,,,0.0,,0,,,0,0,,0,0,0,,,0,0,0.0,0,1,0,100.0,1,0.0,0,0.0,0,0,0,,,0.0,,0,,,0,0,,0,0,0,,,0,0,0.0,0,2,0,100.0,2,0.0,0,0.0,0,0,0,,,0.0,,0,,,0,0,,0,0,0,,,0,0,0.0,0,2,0,100.0,2,0.0,0,0.0,0,0,0,,,0.0,13.0,1,50.0,0.0,0,1,0.0,0,1,0,64.7,89.2,0,22,0.0,0,2,1,100.0,2,89.6,2,66.7,0,22,8,8.0,22.0,11.0,0,,0,,,0,0,,0,0,0,,,0,0,0.0,0,2,0,100.0,2,0.0,0,0.0,0,0,0,,,0.0,,,,0,,,0,0,,0,0,0,0,0,0.0,0,1,0,100.0,1,0.0,0,0.0,0,0,0,,,0.0,12.0,0,0.0,0.0,0,1,,0,0,0,,59.0,0,0,0.0,0,3,0,100.0,3,39.6,1,33.3,0,0,0,,,0.0,,0,,,0,0,,0,0,0,,,0,0,0.0,0,4,0,100.0,4,0.0,0,0.0,0,0,0,,,0.0,5.0,0,100.0,,0,0,0.0,0,1,0,64.7,78.1,0,9,0.0,0,1,1,100.0,1,104.2,1,33.3,0,9,4,4.0,9.0,9.0
Kevin Rader,30887,TE,PIT,4,3,-2.0,0,100.0,,0,0,0.0,0,0,0,64.7,60.5,0,1,0.0,0,1,1,100.0,1,79.2,1,33.3,0,1,3,3.0,1.0,1.0,,0,,,0,0,,0,0,0,,,0,0,,0,0,0,,0,0.0,0,0.0,0,0,0,,,,,0,,,0,0,,0,0,0,,,0,0,,0,0,0,,0,0.0,0,0.0,0,0,0,,,,,0,,,0,0,,0,0,0,,,0,0,0.0,0,1,0,100.0,1,0.0,0,0.0,0,0,0,,,0.0,4.0,0,0.0,0.0,0,1,,0,0,0,,59.9,0,0,0.0,0,6,0,100.0,6,39.6,1,33.3,0,0,0,,,0.0,0,,0,,,0,0,,0,0,0,,,0,0,,0,0,0,,0,0.0,0,0.0,0,0,0,,,,25,,0,,,0,0,,0,0,0,,,0,0,,0,0,0,,0,0.0,0,0.0,0,0,0,,,,,0,,,0,0,,0,0,0,,,0,0,,0,0,0,,0,0.0,0,0.0,0,0,0,,,,,0,,,0,0,,0,0,0,,,0,0,,0,0,0,,0,0.0,0,0.0,0,0,0,,,,6.0,0,100.0,,0,0,0.0,0,0,0,64.7,61.8,0,7,0.0,0,2,1,100.0,2,95.8,1,33.3,0,7,1,1.0,7.0,3.5,,0,,,0,0,,0,0,0,,,0,0,,0,0,0,,0,0.0,0,0.0,0,0,0,,,,0,-2.0,0,100.0,,0,0,0.0,0,0,0,64.7,60.5,0,1,0.0,0,1,1,100.0,1,79.2,1,33.3,0,1,3,3.0,1.0,1.0,,,,0,,,0,0,,0,0,0,0,0,,0,0,0,,0,0.0,0,0.0,0,0,0,,,,,0,,,0,0,,0,0,0,,,0,0,,0,0,0,,0,0.0,0,0.0,0,0,0,,,,,0,,,0,0,,0,0,0,,,0,0,25.0,1,4,0,75.0,3,0.0,0,0.0,0,0,0,,,0.0,5.0,0,50.0,0.0,0,1,0.0,0,0,0,64.7,60.1,0,7,0.0,0,2,1,100.0,2,58.3,2,66.7,0,7,1,1.0,7.0,3.5
Michael Burton,9601,FB,KC,15,3,-2.3,0,100.0,,0,0,0.0,0,2,0,72.1,86.9,0,20,0.0,0,4,3,75.0,3,109.7,3,100.0,0,31,38,12.7,10.3,10.33,-2.3,0,100.0,,0,0,0.0,0,2,0,70.5,87.0,0,20,20.0,1,5,3,80.0,4,109.7,3,100.0,0,31,38,12.7,10.3,7.75,,0,,,0,0,,0,0,0,,,0,0,0.0,0,2,0,100.0,2,0.0,0,0.0,0,0,0,,,0.0,,0,,,0,0,,0,0,0,,,0,0,100.0,2,2,0,0.0,0,0.0,0,0.0,0,0,0,,,,,0,,,0,0,,0,0,0,,,0,0,0.0,0,4,0,100.0,4,0.0,0,0.0,0,0,0,,,0.0,0,,0,,,0,0,,0,0,0,,,0,0,,0,0,0,,0,0.0,0,0.0,0,0,0,,,,16,,0,,,0,0,,0,0,0,,,0,0,,0,0,0,,0,0.0,0,0.0,0,0,0,,,,,0,,,0,0,,0,0,0,,,0,0,100.0,1,1,0,0.0,0,0.0,0,0.0,0,0,0,,,,,0,,,0,0,,0,0,0,,,0,0,50.0,1,2,0,0.0,0,0.0,0,0.0,0,0,0,,,,,0,,,0,0,,0,0,0,,,0,0,,0,0,0,,0,0.0,0,0.0,0,0,0,,,,,0,,,0,0,,0,0,0,,,0,0,,0,0,0,,0,0.0,0,0.0,0,0,0,,,,0,,0,,,0,0,,0,0,0,64.7,65.4,0,0,0.0,0,3,0,66.7,2,0.0,0,0.0,0,0,0,,,0.0,,,,0,,,0,0,,0,0,0,0,0,0.0,0,1,0,100.0,1,0.0,0,0.0,0,0,0,,,0.0,,0,,,0,0,,0,0,0,,,0,0,,0,0,0,,0,0.0,0,0.0,0,0,0,,,,,0,,,0,0,,0,0,0,,,0,0,0.0,0,2,0,50.0,1,0.0,0,0.0,0,0,0,,,0.0,,0,,,0,0,,0,0,0,,,0,0,,0,0,0,,0,0.0,0,0.0,0,0,0,,,
Austin Walter,45038,HB,NYJ,4,3,-5.5,0,50.0,,0,0,0.0,0,0,0,64.7,61.5,0,-2,0.0,0,2,1,100.0,2,56.3,2,66.7,0,-2,4,4.0,-2.0,-1.0,-6.0,0,100.0,,0,0,0.0,0,0,0,64.7,65.4,0,-2,0.0,0,4,1,100.0,4,79.2,1,33.3,0,-2,4,4.0,-2.0,-0.5,,0,,,0,0,,0,0,0,,,0,0,,0,0,0,,0,0.0,0,0.0,0,0,0,,,,,0,,,0,0,,0,0,0,,,0,0,0.0,0,4,0,100.0,4,0.0,0,0.0,0,0,0,,,0.0,2.0,1,100.0,,0,0,0.0,0,1,0,64.7,81.5,0,11,33.3,1,3,1,66.7,2,112.5,1,33.3,0,11,9,9.0,11.0,5.5,0,,0,,,0,0,,0,0,0,,,0,0,,0,0,0,,0,0.0,0,0.0,0,0,0,,,,22,-5.0,0,0.0,,0,0,,0,0,0,,59.9,0,0,0.0,0,2,0,100.0,2,39.6,1,33.3,0,0,0,,,0.0,,0,,,0,0,,0,0,0,,,0,0,0.0,0,2,0,100.0,2,0.0,0,0.0,0,0,0,,,0.0,,0,,,0,0,,0,0,0,,,0,0,0.0,0,1,0,100.0,1,0.0,0,0.0,0,0,0,,,0.0,,0,,,0,0,,0,0,0,,,0,0,50.0,1,2,0,50.0,1,0.0,0,0.0,0,0,0,,,0.0,,0,,,0,0,,0,0,0,,,0,0,,0,0,0,,0,0.0,0,0.0,0,0,0,,,,0,,0,,,0,0,,0,0,0,,,0,0,0.0,0,1,0,100.0,1,0.0,0,0.0,0,0,0,,,0.0,,,,0,,,0,0,,0,0,0,0,0,100.0,1,1,0,0.0,0,0.0,0,0.0,0,0,0,,,,,0,,,0,0,,0,0,0,,,0,0,0.0,0,2,0,100.0,2,0.0,0,0.0,0,0,0,,,0.0,,0,,,0,0,,0,0,0,,,0,0,100.0,1,1,0,0.0,0,0.0,0,0.0,0,0,0,,,,2.0,1,100.0,,0,0,0.0,0,1,0,64.7,81.5,0,11,0.0,0,1,1,100.0,1,112.5,1,33.3,0,11,9,9.0,11.0,11.0
Jeremy Sprinkle,11909,TE,DAL,13,3,,0,,,0,0,,0,0,0,,,0,0,,0,0,0,,0,0.0,0,0.0,0,0,0,,,,,0,,,0,0,,0,0,0,,,0,0,100.0,2,2,0,0.0,0,0.0,0,0.0,0,0,0,,,,,0,,,0,0,,0,0,0,,,0,0,100.0,1,1,0,0.0,0,0.0,0,0.0,0,0,0,,,,,0,,,0,0,,0,0,0,,,0,0,50.0,3,6,0,33.3,2,0.0,0,0.0,0,0,0,,,0.0,4.0,0,100.0,,0,0,0.0,0,2,0,70.5,94.7,0,11,50.0,4,8,3,50.0,4,109.7,3,100.0,0,31,19,6.3,10.3,7.75,0,,0,,,0,0,,0,0,0,,,0,0,,0,0,0,,0,0.0,0,0.0,0,0,0,,,,9,,0,,,0,0,,0,0,0,,,0,0,20.0,1,5,0,80.0,4,0.0,0,0.0,0,0,0,,,0.0,,0,,,0,0,,0,0,0,,,0,0,66.7,2,3,0,33.3,1,0.0,0,0.0,0,0,0,,,0.0,,0,,,0,0,,0,0,0,,,0,0,100.0,1,1,0,0.0,0,0.0,0,0.0,0,0,0,,,,,0,,,0,0,,0,0,0,,,0,0,50.0,1,2,0,50.0,1,0.0,0,0.0,0,0,0,,,0.0,,0,,,0,0,,0,0,0,,,0,0,,0,0,0,,0,0.0,0,0.0,0,0,0,,,,0,,0,,,0,0,,0,0,0,,,0,0,0.0,0,2,0,100.0,2,0.0,0,0.0,0,0,0,,,0.0,,,,0,,,0,0,,0,0,0,0,0,0.0,0,1,0,0.0,0,0.0,0,0.0,0,0,0,,,,,0,,,0,0,,0,0,0,,,0,0,0.0,0,1,0,100.0,1,0.0,0,0.0,0,0,0,,,0.0,,0,,,0,0,,0,0,0,,,0,0,62.5,5,8,0,37.5,3,0.0,0,0.0,0,0,0,,,0.0,4.0,0,100.0,,0,0,0.0,0,2,0,70.5,94.7,0,11,0.0,0,3,3,100.0,3,109.7,3,100.0,0,31,19,6.3,10.3,10.33
Jaydon Mickens,11371,WR,JAX,4,3,-5.0,0,100.0,,0,0,0.0,0,0,0,64.7,61.0,0,-2,0.0,0,1,1,100.0,1,79.2,1,33.3,0,-2,3,3.0,-2.0,-2.0,,0,,,0,0,,0,0,0,,,0,0,0.0,0,1,0,100.0,1,0.0,0,0.0,0,0,0,,,0.0,,0,,,0,0,,0,0,0,,,0,0,,0,0,0,,0,0.0,0,0.0,0,0,0,,,,,0,,,0,0,,0,0,0,,,0,0,0.0,0,1,0,100.0,1,0.0,0,0.0,0,0,0,,,0.0,,0,,,0,0,,0,0,0,,,0,0,0.0,0,1,0,100.0,1,0.0,0,0.0,0,0,0,,,0.0,0,50.0,0,0.0,,0,0,,0,0,0,,60.0,1,0,0.0,0,1,0,100.0,1,0.0,1,33.3,0,0,0,,,0.0,15,,0,,,0,0,,0,0,0,,,0,0,,0,0,0,,0,0.0,0,0.0,0,0,0,,,,50.0,0,0.0,,0,0,,0,0,0,,60.0,1,0,0.0,0,3,0,100.0,3,0.0,1,33.3,0,0,0,,,0.0,,0,,,0,0,,0,0,0,,,0,0,,0,0,0,,0,0.0,0,0.0,0,0,0,,,,,0,,,0,0,,0,0,0,,,0,0,,0,0,0,,0,0.0,0,0.0,0,0,0,,,,12.0,0,100.0,,0,0,0.0,0,1,0,64.7,79.0,0,12,0.0,0,1,1,100.0,1,116.7,1,33.3,0,12,0,0.0,12.0,12.0,0,-5.0,0,100.0,,0,0,0.0,0,0,0,64.7,61.0,0,-2,0.0,0,3,1,33.3,1,79.2,1,33.3,0,-2,3,3.0,-2.0,-2.0,,,,0,,,0,0,,0,0,0,0,0,,0,0,0,,0,0.0,0,0.0,0,0,0,,,,12.0,0,100.0,,0,0,0.0,0,1,0,64.7,79.0,0,12,0.0,0,1,1,100.0,1,116.7,1,33.3,0,12,0,0.0,12.0,12.0,,0,,,0,0,,0,0,0,,,0,0,0.0,0,1,0,100.0,1,0.0,0,0.0,0,0,0,,,0.0,,0,,,0,0,,0,0,0,,,0,0,,0,0,0,,0,0.0,0,0.0,0,0,0,,,
Gabe Nabers,40117,FB,LAC,6,3,-1.0,0,100.0,,0,0,0.0,0,0,0,68.3,91.0,0,8,0.0,0,2,1,50.0,1,100.0,1,33.3,0,8,9,9.0,8.0,8.0,,0,,,0,0,,0,0,0,,,0,0,,0,0,0,,0,0.0,0,0.0,0,0,0,,,,,0,,,0,0,,0,0,0,,,0,0,0.0,0,1,0,100.0,1,0.0,0,0.0,0,0,0,,,0.0,,0,,,0,0,,0,0,0,,,0,0,,0,0,0,,0,0.0,0,0.0,0,0,0,,,,5.0,0,100.0,,0,0,0.0,0,0,0,64.7,65.4,0,6,0.0,0,5,1,100.0,5,91.7,1,33.3,0,6,1,1.0,6.0,1.2,0,,0,,,0,0,,0,0,0,,,0,0,,0,0,0,,0,0.0,0,0.0,0,0,0,,,,27,,0,,,0,0,,0,0,0,,,0,0,0.0,0,1,0,100.0,1,0.0,0,0.0,0,0,0,,,0.0,,0,,,0,0,,0,0,0,,,0,0,,0,0,0,,0,0.0,0,0.0,0,0,0,,,,,0,,,0,0,,0,0,0,,,0,0,100.0,1,1,0,0.0,0,0.0,0,0.0,0,0,0,,,,,0,,,0,0,,0,0,0,,,0,0,,0,0,0,,0,0.0,0,0.0,0,0,0,,,,,0,,,0,0,,0,0,0,,,0,0,,0,0,0,,0,0.0,0,0.0,0,0,0,,,,0,-1.0,0,100.0,,0,0,0.0,0,0,0,68.3,91.0,0,8,0.0,0,2,1,50.0,1,100.0,1,33.3,0,8,9,9.0,8.0,8.0,,,,0,,,0,0,,0,0,0,0,0,,0,0,0,,0,0.0,0,0.0,0,0,0,,,,,0,,,0,0,,0,0,0,,,0,0,0.0,0,3,0,66.7,2,0.0,0,0.0,0,0,0,,,0.0,0.0,0,100.0,,0,0,0.0,0,0,0,64.7,65.4,0,3,0.0,0,2,1,100.0,2,79.2,1,33.3,0,3,3,3.0,3.0,1.5,2.5,0,100.0,,0,0,0.0,0,0,0,68.3,69.1,0,6,0.0,0,2,2,100.0,2,85.4,2,66.7,0,9,4,2.0,4.5,4.5
K.J. Hill,28025,WR,LAC,3,3,,0,,,0,0,,0,0,0,,,0,0,,0,0,0,,0,0.0,0,0.0,0,0,0,,,,,0,,,0,0,,0,0,0,,,0,0,,0,0,0,,0,0.0,0,0.0,0,0,0,,,,,0,,,0,0,,0,0,0,,,0,0,,0,0,0,,0,0.0,0,0.0,0,0,0,,,,12.0,0,100.0,,0,0,0.0,0,1,0,64.7,78.1,0,19,0.0,0,1,1,100.0,1,118.8,1,33.3,0,19,7,7.0,19.0,19.0,3.0,0,100.0,,0,0,0.0,0,0,0,64.7,61.0,0,4,0.0,0,2,1,100.0,2,83.3,1,33.3,0,4,1,1.0,4.0,2.0,0,,0,,,0,0,,0,0,0,,,0,0,,0,0,0,,0,0.0,0,0.0,0,0,0,,,,27,,0,,,0,0,,0,0,0,,,0,0,,0,0,0,,0,0.0,0,0.0,0,0,0,,,,,0,,,0,0,,0,0,0,,,0,0,,0,0,0,,0,0.0,0,0.0,0,0,0,,,,,0,,,0,0,,0,0,0,,,0,0,0.0,0,2,0,100.0,2,0.0,0,0.0,0,0,0,,,0.0,3.0,0,100.0,,0,0,0.0,0,0,0,64.7,61.0,0,7,0.0,0,3,1,100.0,3,95.8,1,33.3,0,7,4,4.0,7.0,2.33,12.0,0,100.0,,0,0,0.0,0,1,0,64.7,78.1,0,19,0.0,0,1,1,100.0,1,118.8,1,33.3,0,19,7,7.0,19.0,19.0,0,,0,,,0,0,,0,0,0,,,0,0,,0,0,0,,0,0.0,0,0.0,0,0,0,,,,,,,0,,,0,0,,0,0,0,0,0,,0,0,0,,0,0.0,0,0.0,0,0,0,,,,,0,,,0,0,,0,0,0,,,0,0,0.0,0,1,0,0.0,0,0.0,0,0.0,0,0,0,,,,,0,,,0,0,,0,0,0,,,0,0,0.0,0,1,0,100.0,1,0.0,0,0.0,0,0,0,,,0.0,3.0,0,100.0,,0,0,0.0,0,0,0,68.3,61.8,0,7,0.0,0,2,2,100.0,2,89.6,2,66.7,0,11,5,2.5,5.5,5.5
Greg Dortch,42237,WR,ARZ,2,3,-5.3,1,100.0,,0,0,0.0,0,0,0,70.5,75.3,0,10,0.0,0,3,3,100.0,3,87.5,3,100.0,0,15,31,10.3,5.0,5.0,-6.0,0,100.0,,0,0,0.0,0,0,0,68.3,62.0,0,4,0.0,0,5,2,100.0,5,79.2,2,66.7,0,5,17,8.5,2.5,1.0,,0,,,0,0,,0,0,0,,,0,0,,0,0,0,,0,0.0,0,0.0,0,0,0,,,,,0,,,0,0,,0,0,0,,,0,0,0.0,0,1,0,100.0,1,0.0,0,0.0,0,0,0,,,0.0,,0,,,0,0,,0,0,0,,,0,0,0.0,0,3,0,100.0,3,0.0,0,0.0,0,0,0,,,0.0,0,,0,,,0,0,,0,0,0,,,0,0,,0,0,0,,0,0.0,0,0.0,0,0,0,,,,1,,0,,,0,0,,0,0,0,,,0,0,0.0,0,1,0,100.0,1,0.0,0,0.0,0,0,0,,,0.0,,0,,,0,0,,0,0,0,,,0,0,,0,0,0,,0,0.0,0,0.0,0,0,0,,,,,0,,,0,0,,0,0,0,,,0,0,0.0,0,2,0,50.0,1,0.0,0,0.0,0,0,0,,,0.0,,0,,,0,0,,0,0,0,,,0,0,0.0,0,1,0,100.0,1,0.0,0,0.0,0,0,0,,,0.0,,0,,,0,0,,0,0,0,,,0,0,,0,0,0,,0,0.0,0,0.0,0,0,0,,,,0,-4.0,1,100.0,,0,0,0.0,0,0,0,64.7,79.1,0,10,0.0,0,1,1,100.0,1,108.3,1,33.3,0,10,14,14.0,10.0,10.0,,,,0,,,0,0,,0,0,0,0,0,,0,0,0,,0,0.0,0,0.0,0,0,0,,,,,0,,,0,0,,0,0,0,,,0,0,0.0,0,1,0,100.0,1,0.0,0,0.0,0,0,0,,,0.0,,0,,,0,0,,0,0,0,,,0,0,,0,0,0,,0,0.0,0,0.0,0,0,0,,,,,0,,,0,0,,0,0,0,,,0,0,,0,0,0,,0,0.0,0,0.0,0,0,0,,,
Michael Strachan,143358,WR,IND,5,3,,0,,,0,0,,0,0,0,,,0,0,,0,0,0,,0,0.0,0,0.0,0,0,0,,,,,0,,,0,0,,0,0,0,,,0,0,0.0,0,2,0,100.0,2,0.0,0,0.0,0,0,0,,,0.0,,0,,,0,0,,0,0,0,,,0,0,0.0,0,1,0,100.0,1,0.0,0,0.0,0,0,0,,,0.0,13.0,0,100.0,100.0,1,1,0.0,0,2,0,68.3,90.5,0,16,0.0,0,4,2,100.0,4,118.8,2,66.7,0,26,0,0.0,13.0,6.5,,0,,,0,0,,0,0,0,,,0,0,0.0,0,9,0,100.0,9,0.0,0,0.0,0,0,0,,,0.0,0,30.0,0,0.0,,0,0,,0,0,0,,59.7,0,0,0.0,0,1,0,100.0,1,39.6,1,33.3,0,0,0,,,0.0,14,,0,,,0,0,,0,0,0,,,0,0,,0,0,0,,0,0.0,0,0.0,0,0,0,,,,30.0,0,0.0,,0,0,,0,0,0,,59.7,0,0,0.0,0,1,0,100.0,1,39.6,1,33.3,0,0,0,,,0.0,,0,,,0,0,,0,0,0,,,0,0,0.0,0,1,0,100.0,1,0.0,0,0.0,0,0,0,,,0.0,,0,,,0,0,,0,0,0,,,0,0,0.0,0,2,0,100.0,2,0.0,0,0.0,0,0,0,,,0.0,13.0,0,100.0,100.0,1,1,0.0,0,2,0,68.3,88.2,0,16,0.0,0,3,2,66.7,2,118.8,2,66.7,0,26,0,0.0,13.0,13.0,0,,0,,,0,0,,0,0,0,,,0,0,0.0,0,1,0,100.0,1,0.0,0,0.0,0,0,0,,,0.0,,,,0,,,0,0,,0,0,0,0,0,0.0,0,4,0,100.0,4,0.0,0,0.0,0,0,0,,,0.0,,0,,,0,0,,0,0,0,,59.1,0,0,0.0,0,2,0,50.0,1,0.0,0,0.0,0,0,0,,,0.0,,0,,,0,0,,0,0,0,,,0,0,0.0,0,4,0,100.0,4,0.0,0,0.0,0,0,0,,,0.0,,0,,,0,0,,0,0,0,,,0,0,,0,0,0,,0,0.0,0,0.0,0,0,0,,,
Kenny Yeboah,42196,TE,NYJ,3,3,,0,,,0,0,,0,0,0,,,0,0,,0,0,0,,0,0.0,0,0.0,0,0,0,,,,,0,,,0,0,,0,0,0,,,0,0,0.0,0,3,0,100.0,3,0.0,0,0.0,0,0,0,,,0.0,22.0,0,100.0,,0,0,0.0,0,1,0,64.7,90.9,0,24,0.0,0,2,1,100.0,2,118.8,1,33.3,0,24,2,2.0,24.0,12.0,14.0,0,50.0,,0,0,50.0,1,1,0,28.9,59.5,0,12,16.7,1,6,1,83.3,5,68.8,2,66.7,0,12,1,1.0,12.0,2.4,,0,,,0,0,,0,0,0,,,0,0,20.0,1,5,0,80.0,4,0.0,0,0.0,0,0,0,,,0.0,0,22.0,0,100.0,,0,0,0.0,0,1,0,64.7,90.9,0,24,0.0,0,1,1,100.0,1,118.8,1,33.3,0,24,2,2.0,24.0,24.0,22,,0,,,0,0,,0,0,0,,,0,0,0.0,0,1,0,100.0,1,0.0,0,0.0,0,0,0,,,0.0,,0,,,0,0,,0,0,0,,,0,0,66.7,2,3,0,33.3,1,0.0,0,0.0,0,0,0,,,0.0,,0,,,0,0,,0,0,0,,,0,0,0.0,0,1,0,100.0,1,0.0,0,0.0,0,0,0,,,0.0,,0,,,0,0,,0,0,0,,,0,0,,0,0,0,,0,0.0,0,0.0,0,0,0,,,,14.0,0,50.0,,0,0,50.0,1,1,0,28.9,59.5,0,12,0.0,0,2,1,100.0,2,68.8,2,66.7,0,12,1,1.0,12.0,6.0,0,,0,,,0,0,,0,0,0,,,0,0,0.0,0,1,0,100.0,1,0.0,0,0.0,0,0,0,,,0.0,,,,0,,,0,0,,0,0,0,0,0,0.0,0,2,0,100.0,2,0.0,0,0.0,0,0,0,,,0.0,,0,,,0,0,,0,0,0,,,0,0,33.3,1,3,0,33.3,1,0.0,0,0.0,0,0,0,,,0.0,,0,,,0,0,,0,0,0,,,0,0,33.3,1,3,0,66.7,2,0.0,0,0.0,0,0,0,,,0.0,,0,,,0,0,,0,0,0,,,0,0,,0,0,0,,0,0.0,0,0.0,0,0,0,,,
Tyrell Williams,10154,WR,DET,1,3,,0,,,0,0,,0,0,0,,,0,0,,0,0,0,,0,0.0,0,0.0,0,0,0,,,,,0,,,0,0,,0,0,0,,,0,0,0.0,0,1,0,100.0,1,0.0,0,0.0,0,0,0,,,0.0,,0,,,0,0,,0,0,0,,,0,0,,0,0,0,,0,0.0,0,0.0,0,0,0,,,,,0,,,0,0,,0,0,0,,,0,0,0.0,0,1,0,100.0,1,0.0,0,0.0,0,0,0,,,0.0,4.7,0,66.7,,0,0,0.0,0,1,0,68.3,75.3,0,7,0.0,0,9,2,100.0,9,77.1,3,100.0,0,14,7,3.5,7.0,1.56,0,,0,,,0,0,,0,0,0,,59.9,0,0,0.0,0,1,0,0.0,0,0.0,0,0.0,0,0,0,,,,11,,0,,,0,0,,0,0,0,,,0,0,0.0,0,2,0,100.0,2,0.0,0,0.0,0,0,0,,,0.0,,0,,,0,0,,0,0,0,,59.9,0,0,0.0,0,2,0,50.0,1,0.0,0,0.0,0,0,0,,,0.0,,0,,,0,0,,0,0,0,,,0,0,0.0,0,1,0,100.0,1,0.0,0,0.0,0,0,0,,,0.0,,0,,,0,0,,0,0,0,,,0,0,0.0,0,3,0,100.0,3,0.0,0,0.0,0,0,0,,,0.0,,0,,,0,0,,0,0,0,,,0,0,,0,0,0,,0,0.0,0,0.0,0,0,0,,,,0,,0,,,0,0,,0,0,0,,,0,0,0.0,0,1,0,100.0,1,0.0,0,0.0,0,0,0,,,0.0,,,,0,,,0,0,,0,0,0,0,0,,0,0,0,,0,0.0,0,0.0,0,0,0,,,,,0,,,0,0,,0,0,0,,,0,0,,0,0,0,,0,0.0,0,0.0,0,0,0,,,,,0,,,0,0,,0,0,0,,,0,0,0.0,0,3,0,66.7,2,0.0,0,0.0,0,0,0,,,0.0,4.7,0,66.7,,0,0,0.0,0,1,0,68.3,75.3,0,7,0.0,0,3,2,100.0,3,77.1,3,100.0,0,14,7,3.5,7.0,4.67
Patrick Taylor Jr.,40448,HB,GB,5,2,-4.0,0,100.0,,0,0,0.0,0,0,0,64.7,65.4,0,0,0.0,0,1,1,100.0,1,79.2,1,50.0,0,0,4,4.0,0.0,0.0,-4.0,0,100.0,,0,0,0.0,0,0,0,64.7,65.4,0,0,0.0,0,3,1,100.0,3,79.2,1,50.0,0,0,4,4.0,0.0,0.0,,0,,,0,0,,0,0,0,,,0,0,50.0,1,2,0,50.0,1,0.0,0,0.0,0,0,0,,,0.0,,0,,,0,0,,0,0,0,,,0,0,50.0,1,2,0,50.0,1,0.0,0,0.0,0,0,0,,,0.0,,0,,,0,0,,0,0,0,,,0,0,40.0,2,5,0,60.0,3,0.0,0,0.0,0,0,0,,,0.0,0,,0,,,0,0,,0,0,0,,,0,0,,0,0,0,,0,0.0,0,0.0,0,0,0,,,,12,,0,,,0,0,,0,0,0,,,0,0,,0,0,0,,0,0.0,0,0.0,0,0,0,,,,,0,,,0,0,,0,0,0,,,0,0,0.0,0,2,0,100.0,2,0.0,0,0.0,0,0,0,,,0.0,,0,,,0,0,,0,0,0,,,0,0,0.0,0,1,0,100.0,1,0.0,0,0.0,0,0,0,,,0.0,2.0,0,100.0,,0,0,0.0,0,1,0,68.3,78.9,0,3,16.7,1,6,1,50.0,3,79.2,1,50.0,0,3,1,1.0,3.0,1.0,,0,,,0,0,,0,0,0,,,0,0,,0,0,0,,0,0.0,0,0.0,0,0,0,,,,0,,0,,,0,0,,0,0,0,,,0,0,0.0,0,1,0,100.0,1,0.0,0,0.0,0,0,0,,,0.0,,,,0,,,0,0,,0,0,0,0,0,100.0,1,1,0,0.0,0,0.0,0,0.0,0,0,0,,,,,0,,,0,0,,0,0,0,,,0,0,33.3,1,3,0,66.7,2,0.0,0,0.0,0,0,0,,,0.0,,0,,,0,0,,0,0,0,,,0,0,100.0,4,4,0,0.0,0,0.0,0,0.0,0,0,0,,,,2.0,0,100.0,,0,0,0.0,0,1,0,68.3,78.9,0,3,0.0,0,2,1,50.0,1,79.2,1,50.0,0,3,1,1.0,3.0,3.0
Darrynton Evans,40692,HB,TEN,1,2,-2.5,0,100.0,,0,0,0.0,0,1,0,68.3,82.0,0,6,0.0,0,2,2,100.0,2,89.6,2,100.0,0,11,16,8.0,5.5,5.5,-2.5,0,100.0,,0,0,0.0,0,1,0,68.3,82.0,0,6,0.0,0,2,2,100.0,2,89.6,2,100.0,0,11,16,8.0,5.5,5.5,,0,,,0,0,,0,0,0,,,0,0,100.0,1,1,0,0.0,0,0.0,0,0.0,0,0,0,,,,,0,,,0,0,,0,0,0,,,0,0,,0,0,0,,0,0.0,0,0.0,0,0,0,,,,,0,,,0,0,,0,0,0,,,0,0,0.0,0,1,0,100.0,1,0.0,0,0.0,0,0,0,,,0.0,0,,0,,,0,0,,0,0,0,,,0,0,,0,0,0,,0,0.0,0,0.0,0,0,0,,,,31,,0,,,0,0,,0,0,0,,,0,0,,0,0,0,,0,0.0,0,0.0,0,0,0,,,,,0,,,0,0,,0,0,0,,,0,0,,0,0,0,,0,0.0,0,0.0,0,0,0,,,,,0,,,0,0,,0,0,0,,,0,0,,0,0,0,,0,0.0,0,0.0,0,0,0,,,,,0,,,0,0,,0,0,0,,,0,0,,0,0,0,,0,0.0,0,0.0,0,0,0,,,,,0,,,0,0,,0,0,0,,,0,0,,0,0,0,,0,0.0,0,0.0,0,0,0,,,,0,,0,,,0,0,,0,0,0,,,0,0,,0,0,0,,0,0.0,0,0.0,0,0,0,,,,,,,0,,,0,0,,0,0,0,0,0,,0,0,0,,0,0.0,0,0.0,0,0,0,,,,,0,,,0,0,,0,0,0,,,0,0,,0,0,0,,0,0.0,0,0.0,0,0,0,,,,,0,,,0,0,,0,0,0,,,0,0,,0,0,0,,0,0.0,0,0.0,0,0,0,,,,,0,,,0,0,,0,0,0,,,0,0,,0,0,0,,0,0.0,0,0.0,0,0,0,,,
Trey Ragas,42174,HB,LV,1,2,-3.5,0,100.0,,0,0,0.0,0,0,0,68.3,63.1,0,4,0.0,0,2,2,100.0,2,79.2,2,100.0,0,6,13,6.5,3.0,3.0,,0,,,0,0,,0,0,0,,,0,0,,0,0,0,,0,0.0,0,0.0,0,0,0,,,,,0,,,0,0,,0,0,0,,,0,0,,0,0,0,,0,0.0,0,0.0,0,0,0,,,,,0,,,0,0,,0,0,0,,,0,0,,0,0,0,,0,0.0,0,0.0,0,0,0,,,,,0,,,0,0,,0,0,0,,,0,0,50.0,1,2,0,50.0,1,0.0,0,0.0,0,0,0,,,0.0,0,,0,,,0,0,,0,0,0,,,0,0,,0,0,0,,0,0.0,0,0.0,0,0,0,,,,23,-2.0,0,100.0,,0,0,0.0,0,0,0,64.7,60.5,0,2,0.0,0,2,1,100.0,2,79.2,1,50.0,0,2,4,4.0,2.0,1.0,,0,,,0,0,,0,0,0,,,0,0,,0,0,0,,0,0.0,0,0.0,0,0,0,,,,,0,,,0,0,,0,0,0,,,0,0,,0,0,0,,0,0.0,0,0.0,0,0,0,,,,,0,,,0,0,,0,0,0,,,0,0,0.0,0,1,0,100.0,1,0.0,0,0.0,0,0,0,,,0.0,,0,,,0,0,,0,0,0,,,0,0,,0,0,0,,0,0.0,0,0.0,0,0,0,,,,0,-5.0,0,100.0,,0,0,0.0,0,0,0,64.7,65.4,0,4,0.0,0,1,1,100.0,1,83.3,1,50.0,0,4,9,9.0,4.0,4.0,,,,0,,,0,0,,0,0,0,0,0,,0,0,0,,0,0.0,0,0.0,0,0,0,,,,,0,,,0,0,,0,0,0,,,0,0,,0,0,0,,0,0.0,0,0.0,0,0,0,,,,,0,,,0,0,,0,0,0,,,0,0,100.0,1,1,0,0.0,0,0.0,0,0.0,0,0,0,,,,,0,,,0,0,,0,0,0,,,0,0,,0,0,0,,0,0.0,0,0.0,0,0,0,,,
C.J. Saunders,42541,WR,CAR,2,2,,0,,,0,0,,0,0,0,,,0,0,,0,0,0,,0,0.0,0,0.0,0,0,0,,,,,0,,,0,0,,0,0,0,,,0,0,0.0,0,2,0,50.0,1,0.0,0,0.0,0,0,0,,,0.0,,0,,,0,0,,0,0,0,,,0,0,0.0,0,1,0,100.0,1,0.0,0,0.0,0,0,0,,,0.0,,0,,,0,0,,0,0,0,,,0,0,0.0,0,3,0,100.0,3,0.0,0,0.0,0,0,0,,,0.0,5.5,0,100.0,100.0,1,1,0.0,0,1,0,68.3,76.6,0,8,0.0,0,3,2,100.0,3,89.6,2,100.0,0,11,0,0.0,5.5,3.67,0,,0,,,0,0,,0,0,0,,,0,0,,0,0,0,,0,0.0,0,0.0,0,0,0,,,,5,,0,,,0,0,,0,0,0,,,0,0,0.0,0,2,0,100.0,2,0.0,0,0.0,0,0,0,,,0.0,,0,,,0,0,,0,0,0,,,0,0,,0,0,0,,0,0.0,0,0.0,0,0,0,,,,,0,,,0,0,,0,0,0,,,0,0,0.0,0,1,0,100.0,1,0.0,0,0.0,0,0,0,,,0.0,,0,,,0,0,,0,0,0,,,0,0,,0,0,0,,0,0.0,0,0.0,0,0,0,,,,,0,,,0,0,,0,0,0,,,0,0,,0,0,0,,0,0.0,0,0.0,0,0,0,,,,0,,0,,,0,0,,0,0,0,,,0,0,0.0,0,1,0,100.0,1,0.0,0,0.0,0,0,0,,,0.0,,,,0,,,0,0,,0,0,0,0,0,,0,0,0,,0,0.0,0,0.0,0,0,0,,,,,0,,,0,0,,0,0,0,,,0,0,,0,0,0,,0,0.0,0,0.0,0,0,0,,,,,0,,,0,0,,0,0,0,,,0,0,0.0,0,2,0,100.0,2,0.0,0,0.0,0,0,0,,,0.0,5.5,0,100.0,100.0,1,1,0.0,0,1,0,68.3,76.6,0,8,0.0,0,2,2,100.0,2,89.6,2,100.0,0,11,0,0.0,5.5,5.5
Mike Boone,31615,HB,DEN,3,2,-3.0,0,100.0,,0,0,0.0,0,0,0,64.7,61.0,0,3,0.0,0,1,1,100.0,1,79.2,1,50.0,0,3,6,6.0,3.0,3.0,-3.0,0,100.0,,0,0,0.0,0,0,0,64.7,61.0,0,3,0.0,0,2,1,100.0,2,79.2,1,50.0,0,3,6,6.0,3.0,1.5,,0,,,0,0,,0,0,0,,,0,0,0.0,0,1,0,100.0,1,0.0,0,0.0,0,0,0,,,0.0,,0,,,0,0,,0,0,0,,,0,0,0.0,0,1,0,100.0,1,0.0,0,0.0,0,0,0,,,0.0,2.0,0,100.0,,0,0,0.0,0,1,0,64.7,81.7,0,19,16.7,1,6,1,83.3,5,118.8,1,50.0,0,19,17,17.0,19.0,3.8,0,,0,,,0,0,,0,0,0,,,0,0,,0,0,0,,0,0.0,0,0.0,0,0,0,,,,10,,0,,,0,0,,0,0,0,,,0,0,0.0,0,1,0,100.0,1,0.0,0,0.0,0,0,0,,,0.0,,0,,,0,0,,0,0,0,,,0,0,100.0,2,2,0,0.0,0,0.0,0,0.0,0,0,0,,,,,0,,,0,0,,0,0,0,,,0,0,,0,0,0,,0,0.0,0,0.0,0,0,0,,,,,0,,,0,0,,0,0,0,,,0,0,,0,0,0,,0,0.0,0,0.0,0,0,0,,,,,0,,,0,0,,0,0,0,,,0,0,,0,0,0,,0,0.0,0,0.0,0,0,0,,,,0,,0,,,0,0,,0,0,0,,,0,0,,0,0,0,,0,0.0,0,0.0,0,0,0,,,,,,,0,,,0,0,,0,0,0,0,0,,0,0,0,,0,0.0,0,0.0,0,0,0,,,,,0,,,0,0,,0,0,0,,,0,0,,0,0,0,,0,0.0,0,0.0,0,0,0,,,,,0,,,0,0,,0,0,0,,,0,0,0.0,0,1,0,0.0,0,0.0,0,0.0,0,0,0,,,,2.0,0,100.0,,0,0,0.0,0,1,0,64.7,81.7,0,19,0.0,0,1,1,100.0,1,118.8,1,50.0,0,19,17,17.0,19.0,19.0
Trayveon Williams,45775,HB,CIN,2,2,-5.5,1,50.0,,0,0,0.0,0,0,0,64.7,64.4,0,4,0.0,0,2,1,100.0,2,56.3,2,100.0,0,4,11,11.0,4.0,2.0,-5.5,1,50.0,,0,0,0.0,0,0,0,64.7,64.4,0,4,0.0,0,2,1,100.0,2,56.3,2,100.0,0,4,11,11.0,4.0,2.0,,0,,,0,0,,0,0,0,,,0,0,,0,0,0,,0,0.0,0,0.0,0,0,0,,,,,0,,,0,0,,0,0,0,,,0,0,0.0,0,1,0,100.0,1,0.0,0,0.0,0,0,0,,,0.0,,0,,,0,0,,0,0,0,,,0,0,0.0,0,2,0,100.0,2,0.0,0,0.0,0,0,0,,,0.0,0,,0,,,0,0,,0,0,0,,,0,0,,0,0,0,,0,0.0,0,0.0,0,0,0,,,,7,,0,,,0,0,,0,0,0,,,0,0,0.0,0,1,0,100.0,1,0.0,0,0.0,0,0,0,,,0.0,,0,,,0,0,,0,0,0,,,0,0,0.0,0,2,0,0.0,0,0.0,0,0.0,0,0,0,,,,,0,,,0,0,,0,0,0,,,0,0,0.0,0,1,0,0.0,0,0.0,0,0.0,0,0,0,,,,,0,,,0,0,,0,0,0,,,0,0,0.0,0,1,0,100.0,1,0.0,0,0.0,0,0,0,,,0.0,,0,,,0,0,,0,0,0,,,0,0,,0,0,0,,0,0.0,0,0.0,0,0,0,,,,0,,0,,,0,0,,0,0,0,,,0,0,0.0,0,1,0,100.0,1,0.0,0,0.0,0,0,0,,,0.0,,,,0,,,0,0,,0,0,0,0,0,,0,0,0,,0,0.0,0,0.0,0,0,0,,,,,0,,,0,0,,0,0,0,,,0,0,,0,0,0,,0,0.0,0,0.0,0,0,0,,,,,0,,,0,0,,0,0,0,,,0,0,0.0,0,3,0,100.0,3,0.0,0,0.0,0,0,0,,,0.0,,0,,,0,0,,0,0,0,,,0,0,,0,0,0,,0,0.0,0,0.0,0,0,0,,,
Johnny Stanton,46441,FB,CLV,2,2,,0,,,0,0,,0,0,0,,,0,0,,0,0,0,,0,0.0,0,0.0,0,0,0,,,,,0,,,0,0,,0,0,0,,,0,0,,0,0,0,,0,0.0,0,0.0,0,0,0,,,,,0,,,0,0,,0,0,0,,,0,0,,0,0,0,,0,0.0,0,0.0,0,0,0,,,,,0,,,0,0,,0,0,0,,,0,0,0.0,0,1,0,100.0,1,0.0,0,0.0,0,0,0,,,0.0,3.0,0,100.0,,0,0,0.0,0,0,0,64.7,65.6,0,6,0.0,0,1,1,100.0,1,91.7,1,50.0,0,6,3,3.0,6.0,6.0,0,,0,,,0,0,,0,0,0,,,0,0,,0,0,0,,0,0.0,0,0.0,0,0,0,,,,8,,0,,,0,0,,0,0,0,,,0,0,,0,0,0,,0,0.0,0,0.0,0,0,0,,,,,0,,,0,0,,0,0,0,,,0,0,100.0,1,1,0,0.0,0,0.0,0,0.0,0,0,0,,,,,0,,,0,0,,0,0,0,,,0,0,0.0,0,1,0,100.0,1,0.0,0,0.0,0,0,0,,,0.0,1.0,0,100.0,,0,0,0.0,0,1,0,64.7,65.2,0,1,0.0,0,1,1,100.0,1,118.8,1,50.0,1,1,0,0.0,1.0,1.0,,0,,,0,0,,0,0,0,,,0,0,,0,0,0,,0,0.0,0,0.0,0,0,0,,,,0,,0,,,0,0,,0,0,0,,,0,0,,0,0,0,,0,0.0,0,0.0,0,0,0,,,,,,,0,,,0,0,,0,0,0,0,0,,0,0,0,,0,0.0,0,0.0,0,0,0,,,,,0,,,0,0,,0,0,0,,,0,0,100.0,2,2,0,0.0,0,0.0,0,0.0,0,0,0,,,,,0,,,0,0,,0,0,0,,,0,0,,0,0,0,,0,0.0,0,0.0,0,0,0,,,,2.0,0,100.0,,0,0,0.0,0,1,0,68.3,69.2,0,6,0.0,0,2,2,100.0,2,120.8,2,100.0,1,7,3,1.5,3.5,3.5
Cethan Carter,47149,TE,MIA,8,2,,0,,,0,0,,0,0,0,,,0,0,,0,0,0,,0,0.0,0,0.0,0,0,0,,,,,0,,,0,0,,0,0,0,,,0,0,,0,0,0,,0,0.0,0,0.0,0,0,0,,,,,0,,,0,0,,0,0,0,,,0,0,50.0,1,2,0,50.0,1,0.0,0,0.0,0,0,0,,,0.0,,0,,,0,0,,0,0,0,,,0,0,33.3,1,3,0,33.3,1,0.0,0,0.0,0,0,0,,,0.0,8.0,0,100.0,100.0,1,1,0.0,0,0,0,64.7,79.1,0,8,0.0,0,4,1,100.0,4,100.0,1,50.0,0,8,0,0.0,8.0,2.0,0,,0,,,0,0,,0,0,0,,,0,0,,0,0,0,,0,0.0,0,0.0,0,0,0,,,,17,,0,,,0,0,,0,0,0,,,0,0,0.0,0,1,0,100.0,1,0.0,0,0.0,0,0,0,,,0.0,,0,,,0,0,,0,0,0,,,0,0,100.0,1,1,0,0.0,0,0.0,0,0.0,0,0,0,,,,,0,,,0,0,,0,0,0,,,0,0,,0,0,0,,0,0.0,0,0.0,0,0,0,,,,,0,,,0,0,,0,0,0,,,0,0,,0,0,0,,0,0.0,0,0.0,0,0,0,,,,,0,,,0,0,,0,0,0,,,0,0,,0,0,0,,0,0.0,0,0.0,0,0,0,,,,0,,0,,,0,0,,0,0,0,,,0,0,100.0,1,1,0,0.0,0,0.0,0,0.0,0,0,0,,,,,,,0,,,0,0,,0,0,0,0,0,,0,0,0,,0,0.0,0,0.0,0,0,0,,,,,0,,,0,0,,0,0,0,,,0,0,,0,0,0,,0,0.0,0,0.0,0,0,0,,,,1.0,0,100.0,,0,0,0.0,0,0,0,64.7,90.6,0,8,33.3,1,3,1,66.7,2,100.0,1,50.0,0,8,7,7.0,8.0,4.0,4.5,0,100.0,100.0,1,1,0.0,0,0,0,68.3,92.7,0,8,0.0,0,2,2,100.0,2,100.0,2,100.0,0,16,7,3.5,8.0,8.0
Ethan Wolf,47173,TE,NO,1,2,,0,,,0,0,,0,0,0,,,0,0,,0,0,0,,0,0.0,0,0.0,0,0,0,,,,,0,,,0,0,,0,0,0,,,0,0,,0,0,0,,0,0.0,0,0.0,0,0,0,,,,,0,,,0,0,,0,0,0,,,0,0,,0,0,0,,0,0.0,0,0.0,0,0,0,,,,,0,,,0,0,,0,0,0,,,0,0,,0,0,0,,0,0.0,0,0.0,0,0,0,,,,1.0,0,100.0,,0,0,0.0,0,0,0,64.7,61.8,0,4,0.0,0,2,1,100.0,2,83.3,1,50.0,0,4,3,3.0,4.0,2.0,0,,0,,,0,0,,0,0,0,,,0,0,,0,0,0,,0,0.0,0,0.0,0,0,0,,,,20,,0,,,0,0,,0,0,0,,,0,0,,0,0,0,,0,0.0,0,0.0,0,0,0,,,,,0,,,0,0,,0,0,0,,,0,0,,0,0,0,,0,0.0,0,0.0,0,0,0,,,,,0,,,0,0,,0,0,0,,,0,0,,0,0,0,,0,0.0,0,0.0,0,0,0,,,,1.0,0,100.0,,0,0,0.0,0,0,0,64.7,61.2,0,4,0.0,0,1,1,100.0,1,83.3,1,50.0,0,4,3,3.0,4.0,4.0,,0,,,0,0,,0,0,0,,,0,0,,0,0,0,,0,0.0,0,0.0,0,0,0,,,,0,,0,,,0,0,,0,0,0,,,0,0,,0,0,0,,0,0.0,0,0.0,0,0,0,,,,,,,0,,,0,0,,0,0,0,0,0,,0,0,0,,0,0.0,0,0.0,0,0,0,,,,,0,,,0,0,,0,0,0,,,0,0,100.0,1,1,0,0.0,0,0.0,0,0.0,0,0,0,,,,,0,,,0,0,,0,0,0,,,0,0,0.0,0,2,0,100.0,2,0.0,0,0.0,0,0,0,,,0.0,1.0,0,100.0,,0,0,0.0,0,0,0,68.3,62.4,0,4,0.0,0,2,2,100.0,2,83.3,2,100.0,0,8,6,3.0,4.0,4.0
Giovanni Ricci,13756,FB,CAR,16,2,,0,,,0,0,,0,0,0,,,0,0,,0,0,0,,0,0.0,0,0.0,0,0,0,,,,,0,,,0,0,,0,0,0,,,0,0,0.0,0,1,0,100.0,1,0.0,0,0.0,0,0,0,,,0.0,,0,,,0,0,,0,0,0,,,0,0,,0,0,0,,0,0.0,0,0.0,0,0,0,,,,17.0,0,0.0,,0,0,,0,0,0,,59.9,0,0,0.0,0,9,0,100.0,9,39.6,1,50.0,0,0,0,,,0.0,,0,,,0,0,,0,0,0,,,0,0,0.0,0,10,0,100.0,10,0.0,0,0.0,0,0,0,,,0.0,0,,0,,,0,0,,0,0,0,,,0,0,,0,0,0,,0,0.0,0,0.0,0,0,0,,,,5,,0,,,0,0,,0,0,0,,,0,0,40.0,2,5,0,60.0,3,0.0,0,0.0,0,0,0,,,0.0,,0,,,0,0,,0,0,0,,,0,0,50.0,1,2,0,0.0,0,0.0,0,0.0,0,0,0,,,,,0,,,0,0,,0,0,0,,,0,0,50.0,1,2,0,50.0,1,0.0,0,0.0,0,0,0,,,0.0,,0,,,0,0,,0,0,0,,,0,0,16.7,1,6,0,83.3,5,0.0,0,0.0,0,0,0,,,0.0,17.0,0,0.0,,0,0,,0,0,0,,59.9,0,0,0.0,0,1,0,100.0,1,39.6,1,50.0,0,0,0,,,0.0,0,,0,,,0,0,,0,0,0,,,0,0,,0,0,0,,0,0.0,0,0.0,0,0,0,,,,,,,0,,,0,0,,0,0,0,0,0,,0,0,0,,0,0.0,0,0.0,0,0,0,,,,,0,,,0,0,,0,0,0,,,0,0,,0,0,0,,0,0.0,0,0.0,0,0,0,,,,9.0,0,0.0,,0,0,,0,0,0,,59.8,0,0,25.0,2,8,0,75.0,6,39.6,1,50.0,0,0,0,,,0.0,9.0,0,0.0,,0,0,,0,0,0,,59.8,0,0,0.0,0,1,0,100.0,1,39.6,1,50.0,0,0,0,,,0.0
Daniel Helm,47307,TE,LV,8,2,-2.0,0,100.0,,0,0,0.0,0,0,0,64.7,61.8,0,-1,0.0,0,1,1,100.0,1,79.2,1,50.0,0,-1,1,1.0,-1.0,-1.0,-2.0,0,100.0,,0,0,0.0,0,0,0,64.7,61.8,0,-1,25.0,1,4,1,75.0,3,79.2,1,50.0,0,-1,1,1.0,-1.0,-0.33,,0,,,0,0,,0,0,0,,,0,0,100.0,2,2,0,0.0,0,0.0,0,0.0,0,0,0,,,,,0,,,0,0,,0,0,0,,,0,0,100.0,1,1,0,0.0,0,0.0,0,0.0,0,0,0,,,,,0,,,0,0,,0,0,0,,,0,0,0.0,0,1,0,100.0,1,0.0,0,0.0,0,0,0,,,0.0,0,,0,,,0,0,,0,0,0,,,0,0,,0,0,0,,0,0.0,0,0.0,0,0,0,,,,23,,0,,,0,0,,0,0,0,,,0,0,,0,0,0,,0,0.0,0,0.0,0,0,0,,,,,0,,,0,0,,0,0,0,,,0,0,,0,0,0,,0,0.0,0,0.0,0,0,0,,,,,0,,,0,0,,0,0,0,,,0,0,100.0,1,1,0,0.0,0,0.0,0,0.0,0,0,0,,,,,0,,,0,0,,0,0,0,,,0,0,50.0,1,2,0,50.0,1,0.0,0,0.0,0,0,0,,,0.0,,0,,,0,0,,0,0,0,,,0,0,,0,0,0,,0,0.0,0,0.0,0,0,0,,,,0,,0,,,0,0,,0,0,0,,,0,0,0.0,0,1,0,100.0,1,0.0,0,0.0,0,0,0,,,0.0,,,,0,,,0,0,,0,0,0,0,0,100.0,1,1,0,0.0,0,0.0,0,0.0,0,0,0,,,,,0,,,0,0,,0,0,0,,,0,0,100.0,1,1,0,0.0,0,0.0,0,0.0,0,0,0,,,,7.0,0,0.0,,0,0,,0,0,0,,59.7,0,0,0.0,0,2,0,100.0,2,39.6,1,50.0,0,0,0,,,0.0,7.0,0,0.0,,0,0,,0,0,0,,59.7,0,0,0.0,0,1,0,100.0,1,39.6,1,50.0,0,0,0,,,0.0
Reggie Bonnafon,47542,HB,CAR,1,2,,0,,,0,0,,0,0,0,,,0,0,,0,0,0,,0,0.0,0,0.0,0,0,0,,,,,0,,,0,0,,0,0,0,,,0,0,,0,0,0,,0,0.0,0,0.0,0,0,0,,,,,0,,,0,0,,0,0,0,,,0,0,,0,0,0,,0,0.0,0,0.0,0,0,0,,,,,0,,,0,0,,0,0,0,,,0,0,50.0,1,2,0,0.0,0,0.0,0,0.0,0,0,0,,,,2.0,0,100.0,,0,0,0.0,0,0,0,64.7,65.2,0,6,0.0,0,1,1,100.0,1,91.7,1,50.0,0,6,4,4.0,6.0,6.0,0,,0,,,0,0,,0,0,0,,,0,0,,0,0,0,,0,0.0,0,0.0,0,0,0,,,,5,,0,,,0,0,,0,0,0,,,0,0,0.0,0,2,0,100.0,2,0.0,0,0.0,0,0,0,,,0.0,,0,,,0,0,,0,0,0,,,0,0,,0,0,0,,0,0.0,0,0.0,0,0,0,,,,,0,,,0,0,,0,0,0,,,0,0,0.0,0,1,0,100.0,1,0.0,0,0.0,0,0,0,,,0.0,,0,,,0,0,,0,0,0,,,0,0,,0,0,0,,0,0.0,0,0.0,0,0,0,,,,,0,,,0,0,,0,0,0,,,0,0,,0,0,0,,0,0.0,0,0.0,0,0,0,,,,0,,0,,,0,0,,0,0,0,,,0,0,,0,0,0,,0,0.0,0,0.0,0,0,0,,,,,,,0,,,0,0,,0,0,0,0,0,,0,0,0,,0,0.0,0,0.0,0,0,0,,,,,0,,,0,0,,0,0,0,,,0,0,0.0,0,1,0,100.0,1,0.0,0,0.0,0,0,0,,,0.0,0.0,0,100.0,,0,0,0.0,0,1,0,64.7,81.1,0,6,33.3,1,3,1,66.7,2,91.7,1,50.0,0,6,6,6.0,6.0,3.0,1.0,0,100.0,,0,0,0.0,0,1,0,68.3,82.0,0,6,0.0,0,2,2,100.0,2,91.7,2,100.0,0,12,10,5.0,6.0,6.0
David Moore,11981,WR,GB,2,2,,0,,,0,0,,0,0,0,,,0,0,,0,0,0,,0,0.0,0,0.0,0,0,0,,,,,0,,,0,0,,0,0,0,,,0,0,0.0,0,2,0,100.0,2,0.0,0,0.0,0,0,0,,,0.0,21.0,0,0.0,,0,0,,0,0,0,,59.8,0,0,0.0,0,1,0,100.0,1,39.6,1,50.0,0,0,0,,,0.0,,0,,,0,0,,0,0,0,,,0,0,0.0,0,1,0,100.0,1,0.0,0,0.0,0,0,0,,,0.0,9.0,0,0.0,0.0,0,1,,0,0,0,,59.9,0,0,0.0,0,4,0,100.0,4,39.6,1,50.0,0,0,0,,,0.0,0,21.0,0,0.0,,0,0,,0,0,0,,59.8,0,0,0.0,0,1,0,100.0,1,39.6,1,50.0,0,0,0,,,0.0,12,,0,,,0,0,,0,0,0,,,0,0,,0,0,0,,0,0.0,0,0.0,0,0,0,,,,,0,,,0,0,,0,0,0,,,0,0,0.0,0,1,0,100.0,1,0.0,0,0.0,0,0,0,,,0.0,,0,,,0,0,,0,0,0,,,0,0,0.0,0,2,0,100.0,2,0.0,0,0.0,0,0,0,,,0.0,,0,,,0,0,,0,0,0,,,0,0,0.0,0,2,0,100.0,2,0.0,0,0.0,0,0,0,,,0.0,,0,,,0,0,,0,0,0,,,0,0,,0,0,0,,0,0.0,0,0.0,0,0,0,,,,0,,0,,,0,0,,0,0,0,,,0,0,,0,0,0,,0,0.0,0,0.0,0,0,0,,,,,,,0,,,0,0,,0,0,0,0,0,,0,0,0,,0,0.0,0,0.0,0,0,0,,,,,0,,,0,0,,0,0,0,,,0,0,,0,0,0,,0,0.0,0,0.0,0,0,0,,,,,0,,,0,0,,0,0,0,,,0,0,0.0,0,1,0,100.0,1,0.0,0,0.0,0,0,0,,,0.0,9.0,0,0.0,0.0,0,1,,0,0,0,,59.9,0,0,0.0,0,1,0,100.0,1,39.6,1,50.0,0,0,0,,,0.0
Tommylee Lewis,11231,WR,MIA,1,2,-4.0,0,100.0,,0,0,0.0,0,1,0,64.7,78.6,0,7,0.0,0,1,1,100.0,1,95.8,1,50.0,0,7,11,11.0,7.0,7.0,-4.0,0,100.0,,0,0,0.0,0,1,0,64.7,78.6,0,7,0.0,0,1,1,100.0,1,95.8,1,50.0,0,7,11,11.0,7.0,7.0,,0,,,0,0,,0,0,0,,,0,0,,0,0,0,,0,0.0,0,0.0,0,0,0,,,,,0,,,0,0,,0,0,0,,,0,0,,0,0,0,,0,0.0,0,0.0,0,0,0,,,,,0,,,0,0,,0,0,0,,,0,0,,0,0,0,,0,0.0,0,0.0,0,0,0,,,,0,,0,,,0,0,,0,0,0,,,0,0,,0,0,0,,0,0.0,0,0.0,0,0,0,,,,17,,0,,,0,0,,0,0,0,,,0,0,,0,0,0,,0,0.0,0,0.0,0,0,0,,,,,0,,,0,0,,0,0,0,,,0,0,,0,0,0,,0,0.0,0,0.0,0,0,0,,,,,0,,,0,0,,0,0,0,,,0,0,,0,0,0,,0,0.0,0,0.0,0,0,0,,,,,0,,,0,0,,0,0,0,,,0,0,,0,0,0,,0,0.0,0,0.0,0,0,0,,,,11.0,0,0.0,,0,0,,0,0,0,,59.8,0,0,0.0,0,1,0,100.0,1,39.6,1,50.0,0,0,0,,,0.0,0,,0,,,0,0,,0,0,0,,,0,0,,0,0,0,,0,0.0,0,0.0,0,0,0,,,,,,,0,,,0,0,,0,0,0,0,0,,0,0,0,,0,0.0,0,0.0,0,0,0,,,,11.0,0,0.0,,0,0,,0,0,0,,59.8,0,0,0.0,0,1,0,100.0,1,39.6,1,50.0,0,0,0,,,0.0,,0,,,0,0,,0,0,0,,,0,0,,0,0,0,,0,0.0,0,0.0,0,0,0,,,,,0,,,0,0,,0,0,0,,,0,0,,0,0,0,,0,0.0,0,0.0,0,0,0,,,
Geronimo Allison,11141,WR,DET,3,2,,0,,,0,0,,0,0,0,,,0,0,,0,0,0,,0,0.0,0,0.0,0,0,0,,,,,0,,,0,0,,0,0,0,,,0,0,0.0,0,5,0,80.0,4,0.0,0,0.0,0,0,0,,,0.0,,0,,,0,0,,0,0,0,,,0,0,0.0,0,1,0,100.0,1,0.0,0,0.0,0,0,0,,,0.0,,0,,,0,0,,0,0,0,,,0,0,0.0,0,1,0,100.0,1,0.0,0,0.0,0,0,0,,,0.0,2.0,0,0.0,0.0,0,1,,0,0,0,,60.0,0,0,0.0,0,10,0,100.0,10,39.6,1,50.0,0,0,0,,,0.0,0,21.0,0,0.0,,0,0,,0,0,0,,59.7,0,0,0.0,0,1,0,100.0,1,39.6,1,50.0,0,0,0,,,0.0,11,,0,,,0,0,,0,0,0,,,0,0,,0,0,0,,0,0.0,0,0.0,0,0,0,,,,21.0,0,0.0,,0,0,,0,0,0,,59.7,0,0,0.0,0,1,0,100.0,1,39.6,1,50.0,0,0,0,,,0.0,,0,,,0,0,,0,0,0,,,0,0,0.0,0,1,0,100.0,1,0.0,0,0.0,0,0,0,,,0.0,,0,,,0,0,,0,0,0,,,0,0,0.0,0,1,0,100.0,1,0.0,0,0.0,0,0,0,,,0.0,,0,,,0,0,,0,0,0,,,0,0,,0,0,0,,0,0.0,0,0.0,0,0,0,,,,0,,0,,,0,0,,0,0,0,,,0,0,,0,0,0,,0,0.0,0,0.0,0,0,0,,,,,,,0,,,0,0,,0,0,0,0,0,,0,0,0,,0,0.0,0,0.0,0,0,0,,,,,0,,,0,0,,0,0,0,,,0,0,0.0,0,1,0,100.0,1,0.0,0,0.0,0,0,0,,,0.0,,0,,,0,0,,0,0,0,,,0,0,0.0,0,4,0,100.0,4,0.0,0,0.0,0,0,0,,,0.0,2.0,0,0.0,0.0,0,1,,0,0,0,,60.0,0,0,0.0,0,1,0,100.0,1,39.6,1,50.0,0,0,0,,,0.0
Dwayne Washington,10870,HB,NO,5,2,,0,,,0,0,,0,0,0,,,0,0,,0,0,0,,0,0.0,0,0.0,0,0,0,,,,,0,,,0,0,,0,0,0,,,0,0,,0,0,0,,0,0.0,0,0.0,0,0,0,,,,,0,,,0,0,,0,0,0,,,0,0,0.0,0,1,0,0.0,0,0.0,0,0.0,0,0,0,,,,,0,,,0,0,,0,0,0,,,0,0,0.0,0,2,0,100.0,2,0.0,0,0.0,0,0,0,,,0.0,3.0,0,100.0,,0,0,0.0,0,0,0,68.3,69.4,0,6,0.0,0,3,2,100.0,3,91.7,2,100.0,0,12,6,3.0,6.0,4.0,0,,0,,,0,0,,0,0,0,,,0,0,,0,0,0,,0,0.0,0,0.0,0,0,0,,,,20,,0,,,0,0,,0,0,0,,,0,0,,0,0,0,,0,0.0,0,0.0,0,0,0,,,,,0,,,0,0,,0,0,0,,,0,0,,0,0,0,,0,0.0,0,0.0,0,0,0,,,,,0,,,0,0,,0,0,0,,,0,0,,0,0,0,,0,0.0,0,0.0,0,0,0,,,,,0,,,0,0,,0,0,0,,,0,0,100.0,1,1,0,0.0,0,0.0,0,0.0,0,0,0,,,,,0,,,0,0,,0,0,0,,,0,0,,0,0,0,,0,0.0,0,0.0,0,0,0,,,,0,,0,,,0,0,,0,0,0,,,0,0,0.0,0,1,0,100.0,1,0.0,0,0.0,0,0,0,,,0.0,,,,0,,,0,0,,0,0,0,0,0,100.0,1,1,0,0.0,0,0.0,0,0.0,0,0,0,,,,,0,,,0,0,,0,0,0,,,0,0,0.0,0,1,0,100.0,1,0.0,0,0.0,0,0,0,,,0.0,,0,,,0,0,,0,0,0,,,0,0,0.0,0,1,0,100.0,1,0.0,0,0.0,0,0,0,,,0.0,3.0,0,100.0,,0,0,0.0,0,0,0,68.3,69.4,0,6,0.0,0,2,2,100.0,2,91.7,2,100.0,0,12,6,3.0,6.0,6.0
Kylin Hill,57306,HB,GB,3,2,-2.5,0,50.0,,0,0,0.0,0,0,0,64.7,64.9,0,5,0.0,0,2,1,100.0,2,56.3,2,100.0,0,5,7,7.0,5.0,2.5,-2.5,0,50.0,,0,0,0.0,0,0,0,64.7,64.9,0,5,0.0,0,2,1,100.0,2,56.3,2,100.0,0,5,7,7.0,5.0,2.5,,0,,,0,0,,0,0,0,,,0,0,,0,0,0,,0,0.0,0,0.0,0,0,0,,,,,0,,,0,0,,0,0,0,,,0,0,,0,0,0,,0,0.0,0,0.0,0,0,0,,,,,0,,,0,0,,0,0,0,,,0,0,0.0,0,1,0,100.0,1,0.0,0,0.0,0,0,0,,,0.0,0,,0,,,0,0,,0,0,0,,,0,0,,0,0,0,,0,0.0,0,0.0,0,0,0,,,,12,,0,,,0,0,,0,0,0,,,0,0,0.0,0,2,0,100.0,2,0.0,0,0.0,0,0,0,,,0.0,,0,,,0,0,,0,0,0,,,0,0,50.0,1,2,0,50.0,1,0.0,0,0.0,0,0,0,,,0.0,,0,,,0,0,,0,0,0,,,0,0,0.0,0,2,0,100.0,2,0.0,0,0.0,0,0,0,,,0.0,,0,,,0,0,,0,0,0,,,0,0,100.0,1,1,0,0.0,0,0.0,0,0.0,0,0,0,,,,,0,,,0,0,,0,0,0,,,0,0,,0,0,0,,0,0.0,0,0.0,0,0,0,,,,0,,0,,,0,0,,0,0,0,,,0,0,0.0,0,1,0,100.0,1,0.0,0,0.0,0,0,0,,,0.0,,,,0,,,0,0,,0,0,0,0,0,,0,0,0,,0,0.0,0,0.0,0,0,0,,,,,0,,,0,0,,0,0,0,,,0,0,,0,0,0,,0,0.0,0,0.0,0,0,0,,,,,0,,,0,0,,0,0,0,,,0,0,,0,0,0,,0,0.0,0,0.0,0,0,0,,,,,0,,,0,0,,0,0,0,,,0,0,,0,0,0,,0,0.0,0,0.0,0,0,0,,,
Larry Rountree III,57308,HB,LAC,8,2,-2.0,0,100.0,,0,0,0.0,0,0,0,64.7,65.5,0,-1,0.0,0,1,1,100.0,1,79.2,1,50.0,0,-1,1,1.0,-1.0,-1.0,,0,,,0,0,,0,0,0,,,0,0,0.0,0,1,0,100.0,1,0.0,0,0.0,0,0,0,,,0.0,,0,,,0,0,,0,0,0,,,0,0,50.0,1,2,0,50.0,1,0.0,0,0.0,0,0,0,,,0.0,,0,,,0,0,,0,0,0,,,0,0,50.0,2,4,0,50.0,2,0.0,0,0.0,0,0,0,,,0.0,,0,,,0,0,,0,0,0,,,0,0,0.0,0,7,0,100.0,7,0.0,0,0.0,0,0,0,,,0.0,0,,0,,,0,0,,0,0,0,,,0,0,,0,0,0,,0,0.0,0,0.0,0,0,0,,,,27,,0,,,0,0,,0,0,0,,,0,0,0.0,0,2,0,100.0,2,0.0,0,0.0,0,0,0,,,0.0,,0,,,0,0,,0,0,0,,,0,0,100.0,1,1,0,0.0,0,0.0,0,0.0,0,0,0,,,,,0,,,0,0,,0,0,0,,,0,0,40.0,2,5,0,60.0,3,0.0,0,0.0,0,0,0,,,0.0,,0,,,0,0,,0,0,0,,,0,0,16.7,1,6,0,66.7,4,0.0,0,0.0,0,0,0,,,0.0,,0,,,0,0,,0,0,0,,,0,0,,0,0,0,,0,0.0,0,0.0,0,0,0,,,,0,-2.0,0,100.0,,0,0,0.0,0,0,0,64.7,65.5,0,-1,0.0,0,5,1,80.0,4,79.2,1,50.0,0,-1,1,1.0,-1.0,-0.25,,,,0,,,0,0,,0,0,0,0,0,0.0,0,2,0,100.0,2,0.0,0,0.0,0,0,0,,,0.0,,0,,,0,0,,0,0,0,,,0,0,50.0,3,6,0,50.0,3,0.0,0,0.0,0,0,0,,,0.0,0.0,0,0.0,,0,0,100.0,1,0,0,27.9,25.9,0,0,42.9,3,7,0,57.1,4,39.6,1,50.0,0,0,0,,,0.0,0.0,0,0.0,,0,0,100.0,1,0,0,27.9,25.9,0,0,0.0,0,1,0,100.0,1,39.6,1,50.0,0,0,0,,,0.0
Hunter Long,60859,TE,MIA,6,2,,0,,,0,0,,0,0,0,,,0,0,,0,0,0,,0,0.0,0,0.0,0,0,0,,,,,0,,,0,0,,0,0,0,,,0,0,,0,0,0,,0,0.0,0,0.0,0,0,0,,,,,0,,,0,0,,0,0,0,,,0,0,100.0,1,1,0,0.0,0,0.0,0,0.0,0,0,0,,,,,0,,,0,0,,0,0,0,,,0,0,20.0,1,5,0,80.0,4,0.0,0,0.0,0,0,0,,,0.0,4.0,0,100.0,,0,0,0.0,0,0,0,64.7,61.8,0,8,0.0,0,7,1,100.0,7,100.0,1,50.0,0,8,4,4.0,8.0,1.14,0,,0,,,0,0,,0,0,0,,,0,0,,0,0,0,,0,0.0,0,0.0,0,0,0,,,,17,,0,,,0,0,,0,0,0,,,0,0,0.0,0,1,0,100.0,1,0.0,0,0.0,0,0,0,,,0.0,,0,,,0,0,,0,0,0,,,0,0,100.0,2,2,0,0.0,0,0.0,0,0.0,0,0,0,,,,,0,,,0,0,,0,0,0,,,0,0,0.0,0,1,0,100.0,1,0.0,0,0.0,0,0,0,,,0.0,5.0,0,0.0,0.0,0,1,,0,0,0,,59.7,1,0,20.0,1,5,0,80.0,4,0.0,1,50.0,0,0,0,,,0.0,,0,,,0,0,,0,0,0,,,0,0,,0,0,0,,0,0.0,0,0.0,0,0,0,,,,0,,0,,,0,0,,0,0,0,,,0,0,0.0,0,1,0,100.0,1,0.0,0,0.0,0,0,0,,,0.0,,,,0,,,0,0,,0,0,0,0,0,,0,0,0,,0,0.0,0,0.0,0,0,0,,,,,0,,,0,0,,0,0,0,,,0,0,0.0,0,1,0,100.0,1,0.0,0,0.0,0,0,0,,,0.0,,0,,,0,0,,0,0,0,,,0,0,,0,0,0,,0,0.0,0,0.0,0,0,0,,,,4.5,0,50.0,0.0,0,1,0.0,0,0,0,64.7,59.8,1,8,0.0,0,2,1,100.0,2,20.8,2,100.0,0,8,4,4.0,8.0,4.0
Taylor Decker,10650,T,DET,9,2,-3.0,0,100.0,,0,0,0.0,0,0,0,67.6,66.9,0,-2,100.0,1,1,1,0.0,0,79.2,1,50.0,0,-2,1,1.0,-2.0,,-3.0,0,100.0,,0,0,0.0,0,0,0,67.6,66.9,0,-2,100.0,34,34,1,0.0,0,79.2,1,50.0,0,-2,1,1.0,-2.0,,,0,,,0,0,,0,0,0,,,0,0,100.0,8,8,0,0.0,0,0.0,0,0.0,0,0,0,,,,,0,,,0,0,,0,0,0,,,0,0,100.0,23,23,0,0.0,0,0.0,0,0.0,0,0,0,,,,7.0,0,100.0,,0,0,0.0,0,1,0,64.7,90.4,0,6,98.8,83,84,1,1.2,1,131.3,1,50.0,1,6,0,0.0,6.0,6.0,0,,0,,,0,0,,0,0,0,,,0,0,,0,0,0,,0,0.0,0,0.0,0,0,0,,,,11,,0,,,0,0,,0,0,0,,,0,0,100.0,5,5,0,0.0,0,0.0,0,0.0,0,0,0,,,,,0,,,0,0,,0,0,0,,,0,0,100.0,6,6,0,0.0,0,0.0,0,0.0,0,0,0,,,,,0,,,0,0,,0,0,0,,,0,0,100.0,18,18,0,0.0,0,0.0,0,0.0,0,0,0,,,,,0,,,0,0,,0,0,0,,,0,0,100.0,25,25,0,0.0,0,0.0,0,0.0,0,0,0,,,,,0,,,0,0,,0,0,0,,,0,0,,0,0,0,,0,0.0,0,0.0,0,0,0,,,,0,,0,,,0,0,,0,0,0,,,0,0,100.0,11,11,0,0.0,0,0.0,0,0.0,0,0,0,,,,,,,0,,,0,0,,0,0,0,0,0,100.0,12,12,0,0.0,0,0.0,0,0.0,0,0,0,,,,,0,,,0,0,,0,0,0,,,0,0,100.0,10,10,0,0.0,0,0.0,0,0.0,0,0,0,,,,,0,,,0,0,,0,0,0,,,0,0,100.0,27,27,0,0.0,0,0.0,0,0.0,0,0,0,,,,7.0,0,100.0,,0,0,0.0,0,1,0,64.7,90.4,0,6,0.0,0,1,1,100.0,1,131.3,1,50.0,1,6,0,0.0,6.0,6.0
Daniel Brown,10144,TE,NYJ,6,2,,0,,,0,0,,0,0,0,,,0,0,,0,0,0,,0,0.0,0,0.0,0,0,0,,,,,0,,,0,0,,0,0,0,,,0,0,0.0,0,2,0,100.0,2,0.0,0,0.0,0,0,0,,,0.0,,0,,,0,0,,0,0,0,,,0,0,0.0,0,1,0,100.0,1,0.0,0,0.0,0,0,0,,,0.0,,0,,,0,0,,0,0,0,,,0,0,0.0,0,3,0,100.0,3,0.0,0,0.0,0,0,0,,,0.0,,0,,,0,0,,0,0,0,,,0,0,0.0,0,7,0,100.0,7,0.0,0,0.0,0,0,0,,,0.0,0,,0,,,0,0,,0,0,0,,,0,0,,0,0,0,,0,0.0,0,0.0,0,0,0,,,,22,,0,,,0,0,,0,0,0,,,0,0,,0,0,0,,0,0.0,0,0.0,0,0,0,,,,,0,,,0,0,,0,0,0,,,0,0,,0,0,0,,0,0.0,0,0.0,0,0,0,,,,,0,,,0,0,,0,0,0,,,0,0,0.0,0,1,0,100.0,1,0.0,0,0.0,0,0,0,,,0.0,4.5,0,100.0,,0,0,0.0,0,1,0,68.3,89.5,0,24,0.0,0,4,2,100.0,4,118.8,2,100.0,0,29,20,10.0,14.5,7.25,,0,,,0,0,,0,0,0,,,0,0,,0,0,0,,0,0.0,0,0.0,0,0,0,,,,0,,0,,,0,0,,0,0,0,,,0,0,100.0,1,1,0,0.0,0,0.0,0,0.0,0,0,0,,,,,,,0,,,0,0,,0,0,0,0,0,,0,0,0,,0,0.0,0,0.0,0,0,0,,,,,0,,,0,0,,0,0,0,,,0,0,0.0,0,1,0,100.0,1,0.0,0,0.0,0,0,0,,,0.0,,0,,,0,0,,0,0,0,,,0,0,0.0,0,2,0,100.0,2,0.0,0,0.0,0,0,0,,,0.0,4.5,0,100.0,,0,0,0.0,0,1,0,68.3,89.5,0,24,0.0,0,2,2,100.0,2,118.8,2,100.0,0,29,20,10.0,14.5,14.5
Nick Boyle,9604,TE,BLT,5,2,,0,,,0,0,,0,0,0,,,0,0,,0,0,0,,0,0.0,0,0.0,0,0,0,,,,,0,,,0,0,,0,0,0,,,0,0,,0,0,0,,0,0.0,0,0.0,0,0,0,,,,,0,,,0,0,,0,0,0,,,0,0,,0,0,0,,0,0.0,0,0.0,0,0,0,,,,,0,,,0,0,,0,0,0,,,0,0,100.0,2,2,0,0.0,0,0.0,0,0.0,0,0,0,,,,1.5,0,50.0,100.0,1,1,50.0,1,0,0,28.8,30.0,0,2,0.0,0,7,1,100.0,7,56.3,2,100.0,0,2,0,0.0,2.0,0.29,0,,0,,,0,0,,0,0,0,,,0,0,,0,0,0,,0,0.0,0,0.0,0,0,0,,,,3,,0,,,0,0,,0,0,0,,,0,0,0.0,0,1,0,100.0,1,0.0,0,0.0,0,0,0,,,0.0,,0,,,0,0,,0,0,0,,,0,0,0.0,0,1,0,100.0,1,0.0,0,0.0,0,0,0,,,0.0,,0,,,0,0,,0,0,0,,,0,0,40.0,2,5,0,60.0,3,0.0,0,0.0,0,0,0,,,0.0,,0,,,0,0,,0,0,0,,,0,0,0.0,0,1,0,100.0,1,0.0,0,0.0,0,0,0,,,0.0,,0,,,0,0,,0,0,0,,,0,0,,0,0,0,,0,0.0,0,0.0,0,0,0,,,,0,,0,,,0,0,,0,0,0,,,0,0,0.0,0,4,0,100.0,4,0.0,0,0.0,0,0,0,,,0.0,,,,0,,,0,0,,0,0,0,0,0,0.0,0,3,0,100.0,3,0.0,0,0.0,0,0,0,,,0.0,,0,,,0,0,,0,0,0,,,0,0,50.0,1,2,0,50.0,1,0.0,0,0.0,0,0,0,,,0.0,,0,,,0,0,,0,0,0,,,0,0,33.3,1,3,0,66.7,2,0.0,0,0.0,0,0,0,,,0.0,1.5,0,50.0,100.0,1,1,50.0,1,0,0,28.8,30.0,0,2,0.0,0,2,1,100.0,2,56.3,2,100.0,0,2,0,0.0,2.0,1.0
Tarik Black,61442,WR,NYJ,1,2,,0,,,0,0,,0,0,0,,,0,0,,0,0,0,,0,0.0,0,0.0,0,0,0,,,,,0,,,0,0,,0,0,0,,,0,0,0.0,0,1,0,100.0,1,0.0,0,0.0,0,0,0,,,0.0,,0,,,0,0,,0,0,0,,,0,0,,0,0,0,,0,0.0,0,0.0,0,0,0,,,,,0,,,0,0,,0,0,0,,,0,0,,0,0,0,,0,0.0,0,0.0,0,0,0,,,,7.0,0,0.0,,0,0,100.0,1,0,0,27.9,40.6,0,0,0.0,0,2,0,100.0,2,39.6,1,50.0,0,0,0,,,0.0,0,,0,,,0,0,,0,0,0,,,0,0,,0,0,0,,0,0.0,0,0.0,0,0,0,,,,22,,0,,,0,0,,0,0,0,,,0,0,,0,0,0,,0,0.0,0,0.0,0,0,0,,,,,0,,,0,0,,0,0,0,,,0,0,0.0,0,1,0,100.0,1,0.0,0,0.0,0,0,0,,,0.0,10.0,0,100.0,,0,0,0.0,0,1,0,64.7,78.3,0,10,0.0,0,1,1,100.0,1,108.3,1,50.0,0,10,0,0.0,10.0,10.0,,0,,,0,0,,0,0,0,,,0,0,,0,0,0,,0,0.0,0,0.0,0,0,0,,,,10.0,0,100.0,,0,0,0.0,0,1,0,64.7,78.3,0,10,0.0,0,1,1,100.0,1,108.3,1,50.0,0,10,0,0.0,10.0,10.0,0,,0,,,0,0,,0,0,0,,,0,0,,0,0,0,,0,0.0,0,0.0,0,0,0,,,,,,,0,,,0,0,,0,0,0,0,0,,0,0,0,,0,0.0,0,0.0,0,0,0,,,,,0,,,0,0,,0,0,0,,,0,0,0.0,0,1,0,100.0,1,0.0,0,0.0,0,0,0,,,0.0,,0,,,0,0,,0,0,0,,,0,0,0.0,0,1,0,100.0,1,0.0,0,0.0,0,0,0,,,0.0,7.0,0,0.0,,0,0,100.0,1,0,0,27.9,40.6,0,0,0.0,0,1,0,100.0,1,39.6,1,50.0,0,0,0,,,0.0
Richard Rodgers,8733,TE,PHI,4,2,-2.0,0,100.0,,0,0,0.0,0,0,0,64.7,61.2,0,2,0.0,0,1,1,100.0,1,79.2,1,50.0,0,2,4,4.0,2.0,2.0,-2.0,0,100.0,,0,0,0.0,0,0,0,64.7,61.2,0,2,0.0,0,2,1,100.0,2,79.2,1,50.0,0,2,4,4.0,2.0,1.0,,0,,,0,0,,0,0,0,,,0,0,,0,0,0,,0,0.0,0,0.0,0,0,0,,,,,0,,,0,0,,0,0,0,,,0,0,0.0,0,2,0,100.0,2,0.0,0,0.0,0,0,0,,,0.0,,0,,,0,0,,0,0,0,,,0,0,0.0,0,5,0,100.0,5,0.0,0,0.0,0,0,0,,,0.0,0,,0,,,0,0,,0,0,0,,,0,0,,0,0,0,,0,0.0,0,0.0,0,0,0,,,,24,,0,,,0,0,,0,0,0,,,0,0,,0,0,0,,0,0.0,0,0.0,0,0,0,,,,,0,,,0,0,,0,0,0,,,0,0,0.0,0,1,0,100.0,1,0.0,0,0.0,0,0,0,,,0.0,,0,,,0,0,,0,0,0,,,0,0,,0,0,0,,0,0.0,0,0.0,0,0,0,,,,,0,,,0,0,,0,0,0,,,0,0,,0,0,0,,0,0.0,0,0.0,0,0,0,,,,,0,,,0,0,,0,0,0,,,0,0,,0,0,0,,0,0.0,0,0.0,0,0,0,,,,0,,0,,,0,0,,0,0,0,,,0,0,,0,0,0,,0,0.0,0,0.0,0,0,0,,,,,,,0,,,0,0,,0,0,0,0,0,,0,0,0,,0,0.0,0,0.0,0,0,0,,,,,0,,,0,0,,0,0,0,,,0,0,33.3,1,3,0,66.7,2,0.0,0,0.0,0,0,0,,,0.0,1.0,0,100.0,,0,0,0.0,0,0,0,64.7,90.5,0,9,25.0,1,4,1,75.0,3,104.2,1,50.0,0,9,8,8.0,9.0,3.0,1.0,0,100.0,,0,0,0.0,0,0,0,64.7,90.5,0,9,0.0,0,1,1,100.0,1,104.2,1,50.0,0,9,8,8.0,9.0,9.0
John Brown,8726,WR,TB,5,2,,0,,,0,0,,0,0,0,,,0,0,,0,0,0,,0,0.0,0,0.0,0,0,0,,,,,0,,,0,0,,0,0,0,,,0,0,0.0,0,1,0,100.0,1,0.0,0,0.0,0,0,0,,,0.0,36.0,0,0.0,,0,0,,0,0,0,,59.3,1,0,0.0,0,3,0,100.0,3,0.0,1,50.0,0,0,0,,,0.0,,0,,,0,0,,0,0,0,,,0,0,,0,0,0,,0,0.0,0,0.0,0,0,0,,,,,0,,,0,0,,0,0,0,,,0,0,0.0,0,3,0,100.0,3,0.0,0,0.0,0,0,0,,,0.0,0,33.0,0,0.0,,0,0,,0,0,0,,56.7,1,0,0.0,0,2,0,100.0,2,0.0,2,100.0,0,0,0,,,0.0,30,,0,,,0,0,,0,0,0,,,0,0,0.0,0,1,0,100.0,1,0.0,0,0.0,0,0,0,,,0.0,30.0,0,0.0,,0,0,,0,0,0,,58.9,0,0,0.0,0,1,0,100.0,1,39.6,1,50.0,0,0,0,,,0.0,,0,,,0,0,,0,0,0,,,0,0,,0,0,0,,0,0.0,0,0.0,0,0,0,,,,,0,,,0,0,,0,0,0,,,0,0,0.0,0,1,0,100.0,1,0.0,0,0.0,0,0,0,,,0.0,,0,,,0,0,,0,0,0,,,0,0,,0,0,0,,0,0.0,0,0.0,0,0,0,,,,0,,0,,,0,0,,0,0,0,,,0,0,,0,0,0,,0,0.0,0,0.0,0,0,0,,,,,,,0,,,0,0,,0,0,0,0,0,,0,0,0,,0,0.0,0,0.0,0,0,0,,,,,0,,,0,0,,0,0,0,,,0,0,0.0,0,2,0,100.0,2,0.0,0,0.0,0,0,0,,,0.0,,0,,,0,0,,0,0,0,,,0,0,0.0,0,3,0,100.0,3,0.0,0,0.0,0,0,0,,,0.0,,0,,,0,0,,0,0,0,,,0,0,,0,0,0,,0,0.0,0,0.0,0,0,0,,,
Derek Carrier,7406,TE,LV,6,2,,0,,,0,0,,0,0,0,,,0,0,,0,0,0,,0,0.0,0,0.0,0,0,0,,,,,0,,,0,0,,0,0,0,,,0,0,50.0,1,2,0,50.0,1,0.0,0,0.0,0,0,0,,,0.0,,0,,,0,0,,0,0,0,,,0,0,0.0,0,1,0,100.0,1,0.0,0,0.0,0,0,0,,,0.0,,0,,,0,0,,0,0,0,,,0,0,0.0,0,2,0,50.0,1,0.0,0,0.0,0,0,0,,,0.0,4.0,0,100.0,,0,0,0.0,0,0,0,68.3,83.7,0,9,0.0,0,10,2,100.0,10,93.8,2,100.0,0,13,5,2.5,6.5,1.3,0,,0,,,0,0,,0,0,0,,,0,0,,0,0,0,,0,0.0,0,0.0,0,0,0,,,,23,,0,,,0,0,,0,0,0,,,0,0,0.0,0,1,0,100.0,1,0.0,0,0.0,0,0,0,,,0.0,,0,,,0,0,,0,0,0,,,0,0,0.0,0,1,0,100.0,1,0.0,0,0.0,0,0,0,,,0.0,,0,,,0,0,,0,0,0,,,0,0,0.0,0,1,0,100.0,1,0.0,0,0.0,0,0,0,,,0.0,,0,,,0,0,,0,0,0,,,0,0,0.0,0,3,0,100.0,3,0.0,0,0.0,0,0,0,,,0.0,,0,,,0,0,,0,0,0,,,0,0,,0,0,0,,0,0.0,0,0.0,0,0,0,,,,0,,0,,,0,0,,0,0,0,,,0,0,,0,0,0,,0,0.0,0,0.0,0,0,0,,,,,,,0,,,0,0,,0,0,0,0,0,,0,0,0,,0,0.0,0,0.0,0,0,0,,,,,0,,,0,0,,0,0,0,,,0,0,0.0,0,1,0,100.0,1,0.0,0,0.0,0,0,0,,,0.0,,0,,,0,0,,0,0,0,,,0,0,0.0,0,1,0,100.0,1,0.0,0,0.0,0,0,0,,,0.0,4.0,0,100.0,,0,0,0.0,0,0,0,68.3,83.7,0,9,0.0,0,2,2,100.0,2,93.8,2,100.0,0,13,5,2.5,6.5,6.5
Luke Stocker,6256,TE,MIN,12,2,,0,,,0,0,,0,0,0,,,0,0,,0,0,0,,0,0.0,0,0.0,0,0,0,,,,,0,,,0,0,,0,0,0,,,0,0,50.0,1,2,0,50.0,1,0.0,0,0.0,0,0,0,,,0.0,,0,,,0,0,,0,0,0,,,0,0,100.0,2,2,0,0.0,0,0.0,0,0.0,0,0,0,,,,,0,,,0,0,,0,0,0,,,0,0,50.0,2,4,0,50.0,2,0.0,0,0.0,0,0,0,,,0.0,3.5,0,100.0,100.0,1,1,0.0,0,0,0,68.3,62.4,0,7,12.5,1,8,2,87.5,7,91.7,2,100.0,0,12,5,2.5,6.0,1.71,0,,0,,,0,0,,0,0,0,,,0,0,,0,0,0,,0,0.0,0,0.0,0,0,0,,,,18,,0,,,0,0,,0,0,0,,,0,0,0.0,0,1,0,100.0,1,0.0,0,0.0,0,0,0,,,0.0,,0,,,0,0,,0,0,0,,,0,0,50.0,1,2,0,50.0,1,0.0,0,0.0,0,0,0,,,0.0,,0,,,0,0,,0,0,0,,,0,0,,0,0,0,,0,0.0,0,0.0,0,0,0,,,,,0,,,0,0,,0,0,0,,,0,0,66.7,4,6,0,33.3,2,0.0,0,0.0,0,0,0,,,0.0,,0,,,0,0,,0,0,0,,,0,0,,0,0,0,,0,0.0,0,0.0,0,0,0,,,,0,,0,,,0,0,,0,0,0,,,0,0,0.0,0,1,0,100.0,1,0.0,0,0.0,0,0,0,,,0.0,,,,0,,,0,0,,0,0,0,0,0,80.0,4,5,0,20.0,1,0.0,0,0.0,0,0,0,,,0.0,,0,,,0,0,,0,0,0,,,0,0,66.7,2,3,0,33.3,1,0.0,0,0.0,0,0,0,,,0.0,,0,,,0,0,,0,0,0,,,0,0,20.0,1,5,0,80.0,4,0.0,0,0.0,0,0,0,,,0.0,3.5,0,100.0,100.0,1,1,0.0,0,0,0,68.3,62.4,0,7,0.0,0,2,2,100.0,2,91.7,2,100.0,0,12,5,2.5,6.0,6.0
Andre Roberts,5612,WR,LAC,4,2,,0,,,0,0,,0,0,0,,,0,0,,0,0,0,,0,0.0,0,0.0,0,0,0,,,,,0,,,0,0,,0,0,0,,,0,0,0.0,0,2,0,100.0,2,0.0,0,0.0,0,0,0,,,0.0,,0,,,0,0,,0,0,0,,,0,0,,0,0,0,,0,0.0,0,0.0,0,0,0,,,,11.0,0,0.0,0.0,0,1,,0,0,0,,59.8,1,0,0.0,0,2,0,100.0,2,0.0,1,50.0,0,0,0,,,0.0,,0,,,0,0,,0,0,0,,,0,0,0.0,0,5,0,100.0,5,0.0,0,0.0,0,0,0,,,0.0,0,20.0,0,100.0,,0,0,0.0,0,1,0,64.7,79.1,0,35,0.0,0,1,1,100.0,1,118.8,1,50.0,0,35,15,15.0,35.0,35.0,27,,0,,,0,0,,0,0,0,,,0,0,,0,0,0,,0,0.0,0,0.0,0,0,0,,,,,0,,,0,0,,0,0,0,,,0,0,,0,0,0,,0,0.0,0,0.0,0,0,0,,,,,0,,,0,0,,0,0,0,,,0,0,0.0,0,2,0,100.0,2,0.0,0,0.0,0,0,0,,,0.0,,0,,,0,0,,0,0,0,,,0,0,0.0,0,2,0,100.0,2,0.0,0,0.0,0,0,0,,,0.0,11.0,0,0.0,0.0,0,1,,0,0,0,,59.8,1,0,0.0,0,1,0,100.0,1,0.0,1,50.0,0,0,0,,,0.0,0,,0,,,0,0,,0,0,0,,,0,0,0.0,0,1,0,100.0,1,0.0,0,0.0,0,0,0,,,0.0,64.7,79.1,20.0,0,100.0,,0,0,0.0,0,1,0,0,35,0.0,0,3,1,66.7,2,118.8,1,50.0,0,35,15,15.0,35.0,17.5,,0,,,0,0,,0,0,0,,,0,0,0.0,0,1,0,100.0,1,0.0,0,0.0,0,0,0,,,0.0,,0,,,0,0,,0,0,0,,,0,0,0.0,0,2,0,100.0,2,0.0,0,0.0,0,0,0,,,0.0,,0,,,0,0,,0,0,0,,,0,0,,0,0,0,,0,0.0,0,0.0,0,0,0,,,
Isaiah Coulter,55307,WR,CHI,1,1,,0,,,0,0,,0,0,0,,,0,0,,0,0,0,,0,0.0,0,0.0,0,0,0,,,,,0,,,0,0,,0,0,0,,,0,0,0.0,0,3,0,100.0,3,0.0,0,0.0,0,0,0,,,0.0,,0,,,0,0,,0,0,0,,,0,0,,0,0,0,,0,0.0,0,0.0,0,0,0,,,,,0,,,0,0,,0,0,0,,,0,0,0.0,0,1,0,100.0,1,0.0,0,0.0,0,0,0,,,0.0,,0,,,0,0,,0,0,0,,,0,0,0.0,0,4,0,100.0,4,0.0,0,0.0,0,0,0,,,0.0,0,,0,,,0,0,,0,0,0,,,0,0,,0,0,0,,0,0.0,0,0.0,0,0,0,,,,6,,0,,,0,0,,0,0,0,,,0,0,,0,0,0,,0,0.0,0,0.0,0,0,0,,,,,0,,,0,0,,0,0,0,,,0,0,,0,0,0,,0,0.0,0,0.0,0,0,0,,,,,0,,,0,0,,0,0,0,,,0,0,,0,0,0,,0,0.0,0,0.0,0,0,0,,,,,0,,,0,0,,0,0,0,,,0,0,0.0,0,1,0,100.0,1,0.0,0,0.0,0,0,0,,,0.0,17.0,0,0.0,,0,0,,0,0,0,,59.0,0,0,0.0,0,1,0,100.0,1,39.6,1,100.0,0,0,0,,,0.0,0,,0,,,0,0,,0,0,0,,,0,0,,0,0,0,,0,0.0,0,0.0,0,0,0,,,,,,,0,,,0,0,,0,0,0,0,0,,0,0,0,,0,0.0,0,0.0,0,0,0,,,,17.0,0,0.0,,0,0,,0,0,0,,59.0,0,0,0.0,0,1,0,100.0,1,39.6,1,100.0,0,0,0,,,0.0,,0,,,0,0,,0,0,0,,,0,0,0.0,0,1,0,100.0,1,0.0,0,0.0,0,0,0,,,0.0,,0,,,0,0,,0,0,0,,,0,0,,0,0,0,,0,0.0,0,0.0,0,0,0,,,
Amani Hooker,51378,S,TEN,1,1,,0,,,0,0,,0,0,0,,,0,0,,0,0,0,,0,0.0,0,0.0,0,0,0,,,,,0,,,0,0,,0,0,0,,,0,0,,0,0,0,,0,0.0,0,0.0,0,0,0,,,,,0,,,0,0,,0,0,0,,,0,0,,0,0,0,,0,0.0,0,0.0,0,0,0,,,,,0,,,0,0,,0,0,0,,,0,0,,0,0,0,,0,0.0,0,0.0,0,0,0,,,,4.0,1,100.0,,0,0,0.0,0,1,0,64.7,90.3,0,6,0.0,0,1,1,100.0,1,91.7,1,100.0,0,6,2,2.0,6.0,6.0,0,,0,,,0,0,,0,0,0,,,0,0,,0,0,0,,0,0.0,0,0.0,0,0,0,,,,31,,0,,,0,0,,0,0,0,,,0,0,,0,0,0,,0,0.0,0,0.0,0,0,0,,,,,0,,,0,0,,0,0,0,,,0,0,,0,0,0,,0,0.0,0,0.0,0,0,0,,,,,0,,,0,0,,0,0,0,,,0,0,,0,0,0,,0,0.0,0,0.0,0,0,0,,,,,0,,,0,0,,0,0,0,,,0,0,,0,0,0,,0,0.0,0,0.0,0,0,0,,,,,0,,,0,0,,0,0,0,,,0,0,,0,0,0,,0,0.0,0,0.0,0,0,0,,,,0,,0,,,0,0,,0,0,0,,,0,0,,0,0,0,,0,0.0,0,0.0,0,0,0,,,,,,,0,,,0,0,,0,0,0,0,0,,0,0,0,,0,0.0,0,0.0,0,0,0,,,,,0,,,0,0,,0,0,0,,,0,0,,0,0,0,,0,0.0,0,0.0,0,0,0,,,,,0,,,0,0,,0,0,0,,,0,0,,0,0,0,,0,0.0,0,0.0,0,0,0,,,,4.0,1,100.0,,0,0,0.0,0,1,0,64.7,90.3,0,6,0.0,0,1,1,100.0,1,91.7,1,100.0,0,6,2,2.0,6.0,6.0
Christian Wilkins,50293,DI,MIA,2,1,,0,,,0,0,,0,0,0,,,0,0,,0,0,0,,0,0.0,0,0.0,0,0,0,,,,,0,,,0,0,,0,0,0,,,0,0,,0,0,0,,0,0.0,0,0.0,0,0,0,,,,,0,,,0,0,,0,0,0,,,0,0,,0,0,0,,0,0.0,0,0.0,0,0,0,,,,,0,,,0,0,,0,0,0,,,0,0,,0,0,0,,0,0.0,0,0.0,0,0,0,,,,,0,,,0,0,,0,0,0,,,0,0,,0,0,0,,0,0.0,0,0.0,0,0,0,,,,0,,0,,,0,0,,0,0,0,,,0,0,,0,0,0,,0,0.0,0,0.0,0,0,0,,,,17,,0,,,0,0,,0,0,0,,,0,0,,0,0,0,,0,0.0,0,0.0,0,0,0,,,,,0,,,0,0,,0,0,0,,,0,0,,0,0,0,,0,0.0,0,0.0,0,0,0,,,,,0,,,0,0,,0,0,0,,,0,0,,0,0,0,,0,0.0,0,0.0,0,0,0,,,,2.0,0,100.0,,0,0,0.0,0,1,0,64.7,81.5,0,1,0.0,0,1,1,100.0,1,118.8,1,100.0,1,1,0,0.0,1.0,1.0,,0,,,0,0,,0,0,0,,,0,0,,0,0,0,,0,0.0,0,0.0,0,0,0,,,,0,,0,,,0,0,,0,0,0,,,0,0,,0,0,0,,0,0.0,0,0.0,0,0,0,,,,,,,0,,,0,0,,0,0,0,0,0,,0,0,0,,0,0.0,0,0.0,0,0,0,,,,,0,,,0,0,,0,0,0,,,0,0,,0,0,0,,0,0.0,0,0.0,0,0,0,,,,,0,,,0,0,,0,0,0,,,0,0,100.0,1,1,0,0.0,0,0.0,0,0.0,0,0,0,,,,2.0,0,100.0,,0,0,0.0,0,1,0,64.7,81.5,0,1,0.0,0,1,1,100.0,1,118.8,1,100.0,1,1,0,0.0,1.0,1.0
Keion Crossen,49454,CB,NYG,1,1,,0,,,0,0,,0,0,0,,,0,0,,0,0,0,,0,0.0,0,0.0,0,0,0,,,,,0,,,0,0,,0,0,0,,,0,0,,0,0,0,,0,0.0,0,0.0,0,0,0,,,,,0,,,0,0,,0,0,0,,,0,0,,0,0,0,,0,0.0,0,0.0,0,0,0,,,,,0,,,0,0,,0,0,0,,,0,0,,0,0,0,,0,0.0,0,0.0,0,0,0,,,,,0,,,0,0,,0,0,0,,,0,0,,0,0,0,,0,0.0,0,0.0,0,0,0,,,,0,,0,,,0,0,,0,0,0,,,0,0,,0,0,0,,0,0.0,0,0.0,0,0,0,,,,21,,0,,,0,0,,0,0,0,,,0,0,,0,0,0,,0,0.0,0,0.0,0,0,0,,,,,0,,,0,0,,0,0,0,,,0,0,,0,0,0,,0,0.0,0,0.0,0,0,0,,,,,0,,,0,0,,0,0,0,,,0,0,,0,0,0,,0,0.0,0,0.0,0,0,0,,,,,0,,,0,0,,0,0,0,,,0,0,,0,0,0,,0,0.0,0,0.0,0,0,0,,,,13.0,0,0.0,,0,0,,0,0,0,,58.2,0,0,0.0,0,1,0,100.0,1,39.6,1,100.0,0,0,0,,,0.0,0,,0,,,0,0,,0,0,0,,,0,0,,0,0,0,,0,0.0,0,0.0,0,0,0,,,,,,,0,,,0,0,,0,0,0,0,0,,0,0,0,,0,0.0,0,0.0,0,0,0,,,,13.0,0,0.0,,0,0,,0,0,0,,58.2,0,0,0.0,0,1,0,100.0,1,39.6,1,100.0,0,0,0,,,0.0,,0,,,0,0,,0,0,0,,,0,0,,0,0,0,,0,0.0,0,0.0,0,0,0,,,,,0,,,0,0,,0,0,0,,,0,0,,0,0,0,,0,0.0,0,0.0,0,0,0,,,
Matt Nelson,48584,T,DET,13,1,,0,,,0,0,,0,0,0,,,0,0,,0,0,0,,0,0.0,0,0.0,0,0,0,,,,,0,,,0,0,,0,0,0,,,0,0,100.0,34,34,0,0.0,0,0.0,0,0.0,0,0,0,,,,,0,,,0,0,,0,0,0,,,0,0,100.0,7,7,0,0.0,0,0.0,0,0.0,0,0,0,,,,,0,,,0,0,,0,0,0,,,0,0,100.0,35,35,0,0.0,0,0.0,0,0.0,0,0,0,,,,,0,,,0,0,,0,0,0,,,0,0,99.1,108,109,0,0.9,1,0.0,0,0.0,0,0,0,,,0.0,0,,0,,,0,0,,0,0,0,,,0,0,,0,0,0,,0,0.0,0,0.0,0,0,0,,,,11,,0,,,0,0,,0,0,0,,,0,0,100.0,12,12,0,0.0,0,0.0,0,0.0,0,0,0,,,,,0,,,0,0,,0,0,0,,,0,0,100.0,20,20,0,0.0,0,0.0,0,0.0,0,0,0,,,,,0,,,0,0,,0,0,0,,,0,0,100.0,17,17,0,0.0,0,0.0,0,0.0,0,0,0,,,,6.0,0,0.0,0.0,0,1,,0,0,0,,48.5,0,0,97.8,44,45,0,2.2,1,39.6,1,100.0,0,0,0,,,0.0,,0,,,0,0,,0,0,0,,,0,0,,0,0,0,,0,0.0,0,0.0,0,0,0,,,,0,,0,,,0,0,,0,0,0,,,0,0,100.0,12,12,0,0.0,0,0.0,0,0.0,0,0,0,,,,,,,0,,,0,0,,0,0,0,0,0,100.0,7,7,0,0.0,0,0.0,0,0.0,0,0,0,,,,,0,,,0,0,,0,0,0,,,0,0,100.0,19,19,0,0.0,0,0.0,0,0.0,0,0,0,,,,,0,,,0,0,,0,0,0,,,0,0,100.0,33,33,0,0.0,0,0.0,0,0.0,0,0,0,,,,6.0,0,0.0,0.0,0,1,,0,0,0,,48.5,0,0,0.0,0,1,0,100.0,1,39.6,1,100.0,0,0,0,,,0.0
Marvin Hall,11440,WR,ATL,2,1,,0,,,0,0,,0,0,0,,,0,0,,0,0,0,,0,0.0,0,0.0,0,0,0,,,,,0,,,0,0,,0,0,0,,,0,0,0.0,0,1,0,100.0,1,0.0,0,0.0,0,0,0,,,0.0,,0,,,0,0,,0,0,0,,,0,0,,0,0,0,,0,0.0,0,0.0,0,0,0,,,,,0,,,0,0,,0,0,0,,,0,0,0.0,0,1,0,100.0,1,0.0,0,0.0,0,0,0,,,0.0,5.0,0,100.0,,0,0,0.0,0,1,0,64.7,79.1,0,10,0.0,0,2,1,100.0,2,108.3,1,100.0,0,10,5,5.0,10.0,5.0,0,,0,,,0,0,,0,0,0,,,0,0,,0,0,0,,0,0.0,0,0.0,0,0,0,,,,2,,0,,,0,0,,0,0,0,,,0,0,0.0,0,1,0,100.0,1,0.0,0,0.0,0,0,0,,,0.0,,0,,,0,0,,0,0,0,,,0,0,,0,0,0,,0,0.0,0,0.0,0,0,0,,,,,0,,,0,0,,0,0,0,,,0,0,,0,0,0,,0,0.0,0,0.0,0,0,0,,,,,0,,,0,0,,0,0,0,,,0,0,,0,0,0,,0,0.0,0,0.0,0,0,0,,,,,0,,,0,0,,0,0,0,,,0,0,,0,0,0,,0,0.0,0,0.0,0,0,0,,,,0,,0,,,0,0,,0,0,0,,,0,0,,0,0,0,,0,0.0,0,0.0,0,0,0,,,,,,,0,,,0,0,,0,0,0,0,0,,0,0,0,,0,0.0,0,0.0,0,0,0,,,,,0,,,0,0,,0,0,0,,,0,0,0.0,0,1,0,100.0,1,0.0,0,0.0,0,0,0,,,0.0,,0,,,0,0,,0,0,0,,,0,0,,0,0,0,,0,0.0,0,0.0,0,0,0,,,,5.0,0,100.0,,0,0,0.0,0,1,0,64.7,79.1,0,10,0.0,0,1,1,100.0,1,108.3,1,100.0,0,10,5,5.0,10.0,10.0
Easop Winston Jr.,61812,WR,NO,3,1,-4.0,0,100.0,,0,0,0.0,0,0,0,64.7,61.1,0,5,0.0,0,1,1,100.0,1,87.5,1,100.0,0,5,9,9.0,5.0,5.0,-4.0,0,100.0,,0,0,0.0,0,0,0,64.7,61.1,0,5,0.0,0,1,1,100.0,1,87.5,1,100.0,0,5,9,9.0,5.0,5.0,,0,,,0,0,,0,0,0,,,0,0,,0,0,0,,0,0.0,0,0.0,0,0,0,,,,,0,,,0,0,,0,0,0,,,0,0,0.0,0,1,0,100.0,1,0.0,0,0.0,0,0,0,,,0.0,,0,,,0,0,,0,0,0,,,0,0,0.0,0,1,0,100.0,1,0.0,0,0.0,0,0,0,,,0.0,0,,0,,,0,0,,0,0,0,,,0,0,,0,0,0,,0,0.0,0,0.0,0,0,0,,,,20,,0,,,0,0,,0,0,0,,,0,0,0.0,0,1,0,0.0,0,0.0,0,0.0,0,0,0,,,,,0,,,0,0,,0,0,0,,,0,0,,0,0,0,,0,0.0,0,0.0,0,0,0,,,,,0,,,0,0,,0,0,0,,,0,0,0.0,0,1,0,100.0,1,0.0,0,0.0,0,0,0,,,0.0,,0,,,0,0,,0,0,0,,,0,0,0.0,0,1,0,100.0,1,0.0,0,0.0,0,0,0,,,0.0,,0,,,0,0,,0,0,0,,,0,0,,0,0,0,,0,0.0,0,0.0,0,0,0,,,,0,,0,,,0,0,,0,0,0,,,0,0,,0,0,0,,0,0.0,0,0.0,0,0,0,,,,,,,0,,,0,0,,0,0,0,0,0,,0,0,0,,0,0.0,0,0.0,0,0,0,,,,,0,,,0,0,,0,0,0,,,0,0,,0,0,0,,0,0.0,0,0.0,0,0,0,,,,,0,,,0,0,,0,0,0,,,0,0,,0,0,0,,0,0.0,0,0.0,0,0,0,,,,,0,,,0,0,,0,0,0,,,0,0,,0,0,0,,0,0.0,0,0.0,0,0,0,,,
Dion Dawkins,11818,T,BUF,18,1,,0,,,0,0,,0,0,0,,,0,0,,0,0,0,,0,0.0,0,0.0,0,0,0,,,,,0,,,0,0,,0,0,0,,,0,0,100.0,45,45,0,0.0,0,0.0,0,0.0,0,0,0,,,,,0,,,0,0,,0,0,0,,,0,0,100.0,30,30,0,0.0,0,0.0,0,0.0,0,0,0,,,,,0,,,0,0,,0,0,0,,,0,0,100.0,69,69,0,0.0,0,0.0,0,0.0,0,0,0,,,,,0,,,0,0,,0,0,0,,,0,0,100.0,148,148,0,0.0,0,0.0,0,0.0,0,0,0,,,,0,,0,,,0,0,,0,0,0,,,0,0,,0,0,0,,0,0.0,0,0.0,0,0,0,,,,4,,0,,,0,0,,0,0,0,,,0,0,100.0,33,33,0,0.0,0,0.0,0,0.0,0,0,0,,,,,0,,,0,0,,0,0,0,,,0,0,100.0,28,28,0,0.0,0,0.0,0,0.0,0,0,0,,,,,0,,,0,0,,0,0,0,,,0,0,100.0,54,54,0,0.0,0,0.0,0,0.0,0,0,0,,,,8.0,0,0.0,,0,0,,0,0,0,,60.0,0,0,98.6,73,74,0,1.4,1,39.6,1,100.0,0,0,0,,,0.0,,0,,,0,0,,0,0,0,,,0,0,,0,0,0,,0,0.0,0,0.0,0,0,0,,,,0,,0,,,0,0,,0,0,0,,,0,0,100.0,21,21,0,0.0,0,0.0,0,0.0,0,0,0,,,,,,,0,,,0,0,,0,0,0,0,0,100.0,34,34,0,0.0,0,0.0,0,0.0,0,0,0,,,,,0,,,0,0,,0,0,0,,,0,0,100.0,40,40,0,0.0,0,0.0,0,0.0,0,0,0,,,,,0,,,0,0,,0,0,0,,,0,0,100.0,78,78,0,0.0,0,0.0,0,0.0,0,0,0,,,,8.0,0,0.0,,0,0,,0,0,0,,60.0,0,0,0.0,0,1,0,100.0,1,39.6,1,100.0,0,0,0,,,0.0
Devin Smith,9470,WR,JAX,1,1,,0,,,0,0,,0,0,0,,,0,0,,0,0,0,,0,0.0,0,0.0,0,0,0,,,,,0,,,0,0,,0,0,0,,,0,0,,0,0,0,,0,0.0,0,0.0,0,0,0,,,,,0,,,0,0,,0,0,0,,,0,0,,0,0,0,,0,0.0,0,0.0,0,0,0,,,,,0,,,0,0,,0,0,0,,,0,0,0.0,0,1,0,0.0,0,0.0,0,0.0,0,0,0,,,,,0,,,0,0,,0,0,0,,,0,0,0.0,0,1,0,100.0,1,0.0,0,0.0,0,0,0,,,0.0,0,,0,,,0,0,,0,0,0,,,0,0,,0,0,0,,0,0.0,0,0.0,0,0,0,,,,15,,0,,,0,0,,0,0,0,,,0,0,0.0,0,1,0,100.0,1,0.0,0,0.0,0,0,0,,,0.0,,0,,,0,0,,0,0,0,,,0,0,,0,0,0,,0,0.0,0,0.0,0,0,0,,,,16.0,0,0.0,,0,0,,0,0,0,,60.0,1,0,0.0,0,2,0,100.0,2,0.0,1,100.0,0,0,0,,,0.0,,0,,,0,0,,0,0,0,,,0,0,,0,0,0,,0,0.0,0,0.0,0,0,0,,,,16.0,0,0.0,,0,0,,0,0,0,,60.0,1,0,0.0,0,1,0,100.0,1,0.0,1,100.0,0,0,0,,,0.0,0,,0,,,0,0,,0,0,0,,,0,0,,0,0,0,,0,0.0,0,0.0,0,0,0,,,,,,,0,,,0,0,,0,0,0,0,0,,0,0,0,,0,0.0,0,0.0,0,0,0,,,,,0,,,0,0,,0,0,0,,,0,0,0.0,0,1,0,0.0,0,0.0,0,0.0,0,0,0,,,,,0,,,0,0,,0,0,0,,,0,0,0.0,0,1,0,100.0,1,0.0,0,0.0,0,0,0,,,0.0,,0,,,0,0,,0,0,0,,,0,0,,0,0,0,,0,0.0,0,0.0,0,0,0,,,
Miles Boykin,48209,WR,BLT,6,1,,0,,,0,0,,0,0,0,,,0,0,,0,0,0,,0,0.0,0,0.0,0,0,0,,,,,0,,,0,0,,0,0,0,,,0,0,0.0,0,2,0,100.0,2,0.0,0,0.0,0,0,0,,,0.0,,0,,,0,0,,0,0,0,,,0,0,,0,0,0,,0,0.0,0,0.0,0,0,0,,,,,0,,,0,0,,0,0,0,,,0,0,0.0,0,2,0,100.0,2,0.0,0,0.0,0,0,0,,,0.0,6.0,0,100.0,,0,0,0.0,0,0,0,64.7,61.1,0,6,0.0,0,4,1,100.0,4,91.7,1,100.0,0,6,0,0.0,6.0,1.5,0,,0,,,0,0,,0,0,0,,,0,0,,0,0,0,,0,0.0,0,0.0,0,0,0,,,,3,,0,,,0,0,,0,0,0,,,0,0,,0,0,0,,0,0.0,0,0.0,0,0,0,,,,,0,,,0,0,,0,0,0,,,0,0,0.0,0,1,0,100.0,1,0.0,0,0.0,0,0,0,,,0.0,,0,,,0,0,,0,0,0,,,0,0,,0,0,0,,0,0.0,0,0.0,0,0,0,,,,,0,,,0,0,,0,0,0,,,0,0,0.0,0,1,0,100.0,1,0.0,0,0.0,0,0,0,,,0.0,,0,,,0,0,,0,0,0,,59.9,0,0,0.0,0,1,0,0.0,0,0.0,0,0.0,0,0,0,,,,0,,0,,,0,0,,0,0,0,,,0,0,,0,0,0,,0,0.0,0,0.0,0,0,0,,,,,,,0,,,0,0,,0,0,0,0,0,,0,0,0,,0,0.0,0,0.0,0,0,0,,,,,0,,,0,0,,0,0,0,,59.9,0,0,0.0,0,1,0,0.0,0,0.0,0,0.0,0,0,0,,,,,0,,,0,0,,0,0,0,,,0,0,,0,0,0,,0,0.0,0,0.0,0,0,0,,,,6.0,0,100.0,,0,0,0.0,0,0,0,64.7,61.1,0,6,0.0,0,1,1,100.0,1,91.7,1,100.0,0,6,0,0.0,6.0,6.0
Wayne Gallman,11895,HB,MIN,6,1,,0,,,0,0,,0,0,0,,,0,0,,0,0,0,,0,0.0,0,0.0,0,0,0,,,,,0,,,0,0,,0,0,0,,,0,0,0.0,0,1,0,100.0,1,0.0,0,0.0,0,0,0,,,0.0,,0,,,0,0,,0,0,0,,,0,0,0.0,0,1,0,100.0,1,0.0,0,0.0,0,0,0,,,0.0,,0,,,0,0,,0,0,0,,,0,0,0.0,0,1,0,100.0,1,0.0,0,0.0,0,0,0,,,0.0,,0,,,0,0,,0,0,0,,,0,0,0.0,0,2,0,100.0,2,0.0,0,0.0,0,0,0,,,0.0,0,,0,,,0,0,,0,0,0,,,0,0,,0,0,0,,0,0.0,0,0.0,0,0,0,,,,18,,0,,,0,0,,0,0,0,,,0,0,,0,0,0,,0,0.0,0,0.0,0,0,0,,,,,0,,,0,0,,0,0,0,,,0,0,0.0,0,1,0,100.0,1,0.0,0,0.0,0,0,0,,,0.0,,0,,,0,0,,0,0,0,,,0,0,0.0,0,1,0,100.0,1,0.0,0,0.0,0,0,0,,,0.0,1.0,0,100.0,,0,0,0.0,0,1,0,64.7,81.3,0,21,0.0,0,2,1,100.0,2,118.8,1,100.0,0,21,20,20.0,21.0,10.5,,0,,,0,0,,0,0,0,,,0,0,,0,0,0,,0,0.0,0,0.0,0,0,0,,,,0,,0,,,0,0,,0,0,0,,,0,0,,0,0,0,,0,0.0,0,0.0,0,0,0,,,,,,,0,,,0,0,,0,0,0,0,0,,0,0,0,,0,0.0,0,0.0,0,0,0,,,,,0,,,0,0,,0,0,0,,,0,0,0.0,0,1,0,100.0,1,0.0,0,0.0,0,0,0,,,0.0,,0,,,0,0,,0,0,0,,,0,0,60.0,3,5,0,40.0,2,0.0,0,0.0,0,0,0,,,0.0,1.0,0,100.0,,0,0,0.0,0,1,0,64.7,81.3,0,21,0.0,0,1,1,100.0,1,118.8,1,100.0,0,21,20,20.0,21.0,21.0
Vyncint Smith,66957,WR,NYJ,2,1,,0,,,0,0,,0,0,0,,,0,0,,0,0,0,,0,0.0,0,0.0,0,0,0,,,,,0,,,0,0,,0,0,0,,,0,0,0.0,0,1,0,100.0,1,0.0,0,0.0,0,0,0,,,0.0,,0,,,0,0,,0,0,0,,,0,0,,0,0,0,,0,0.0,0,0.0,0,0,0,,,,,0,,,0,0,,0,0,0,,,0,0,0.0,0,2,0,100.0,2,0.0,0,0.0,0,0,0,,,0.0,,0,,,0,0,,0,0,0,,,0,0,0.0,0,5,0,100.0,5,0.0,0,0.0,0,0,0,,,0.0,0,24.0,0,0.0,0.0,0,1,,0,0,0,,59.3,0,0,0.0,0,1,0,100.0,1,39.6,1,100.0,0,0,0,,,0.0,22,,0,,,0,0,,0,0,0,,,0,0,,0,0,0,,0,0.0,0,0.0,0,0,0,,,,24.0,0,0.0,0.0,0,1,,0,0,0,,59.3,0,0,0.0,0,1,0,100.0,1,39.6,1,100.0,0,0,0,,,0.0,,0,,,0,0,,0,0,0,,,0,0,,0,0,0,,0,0.0,0,0.0,0,0,0,,,,,0,,,0,0,,0,0,0,,,0,0,0.0,0,3,0,100.0,3,0.0,0,0.0,0,0,0,,,0.0,,0,,,0,0,,0,0,0,,,0,0,,0,0,0,,0,0.0,0,0.0,0,0,0,,,,0,,0,,,0,0,,0,0,0,,,0,0,,0,0,0,,0,0.0,0,0.0,0,0,0,,,,,,,0,,,0,0,,0,0,0,0,0,,0,0,0,,0,0.0,0,0.0,0,0,0,,,,,0,,,0,0,,0,0,0,,,0,0,,0,0,0,,0,0.0,0,0.0,0,0,0,,,,,0,,,0,0,,0,0,0,,,0,0,0.0,0,2,0,100.0,2,0.0,0,0.0,0,0,0,,,0.0,,0,,,0,0,,0,0,0,,,0,0,,0,0,0,,0,0.0,0,0.0,0,0,0,,,
Rodney Adams,11925,WR,CHI,1,1,,0,,,0,0,,0,0,0,,,0,0,,0,0,0,,0,0.0,0,0.0,0,0,0,,,,,0,,,0,0,,0,0,0,,,0,0,,0,0,0,,0,0.0,0,0.0,0,0,0,,,,,0,,,0,0,,0,0,0,,,0,0,,0,0,0,,0,0.0,0,0.0,0,0,0,,,,,0,,,0,0,,0,0,0,,,0,0,,0,0,0,,0,0.0,0,0.0,0,0,0,,,,,0,,,0,0,,0,0,0,,,0,0,,0,0,0,,0,0.0,0,0.0,0,0,0,,,,0,,0,,,0,0,,0,0,0,,,0,0,,0,0,0,,0,0.0,0,0.0,0,0,0,,,,6,,0,,,0,0,,0,0,0,,,0,0,,0,0,0,,0,0.0,0,0.0,0,0,0,,,,,0,,,0,0,,0,0,0,,,0,0,,0,0,0,,0,0.0,0,0.0,0,0,0,,,,16.0,0,0.0,,0,0,100.0,1,0,0,27.9,41.1,0,0,0.0,0,1,0,100.0,1,39.6,1,100.0,0,0,0,,,0.0,,0,,,0,0,,0,0,0,,,0,0,0.0,0,3,0,100.0,3,0.0,0,0.0,0,0,0,,,0.0,16.0,0,0.0,,0,0,100.0,1,0,0,27.9,39.9,0,0,0.0,0,2,0,50.0,1,39.6,1,100.0,0,0,0,,,0.0,0,,0,,,0,0,,0,0,0,,,0,0,,0,0,0,,0,0.0,0,0.0,0,0,0,,,,,,,0,,,0,0,,0,0,0,0,0,,0,0,0,,0,0.0,0,0.0,0,0,0,,,,,0,,,0,0,,0,0,0,,59.7,0,0,0.0,0,1,0,0.0,0,0.0,0,0.0,0,0,0,,,,,0,,,0,0,,0,0,0,,,0,0,,0,0,0,,0,0.0,0,0.0,0,0,0,,,,,0,,,0,0,,0,0,0,,,0,0,,0,0,0,,0,0.0,0,0.0,0,0,0,,,
Alex Armah,11948,FB,WAS,7,1,,0,,,0,0,,0,0,0,,,0,0,,0,0,0,,0,0.0,0,0.0,0,0,0,,,,,0,,,0,0,,0,0,0,,,0,0,100.0,1,1,0,0.0,0,0.0,0,0.0,0,0,0,,,,,0,,,0,0,,0,0,0,,,0,0,0.0,0,3,0,66.7,2,0.0,0,0.0,0,0,0,,,0.0,,0,,,0,0,,0,0,0,,,0,0,50.0,1,2,0,50.0,1,0.0,0,0.0,0,0,0,,,0.0,,0,,,0,0,,0,0,0,,,0,0,0.0,0,6,0,83.3,5,0.0,0,0.0,0,0,0,,,0.0,0,,0,,,0,0,,0,0,0,,,0,0,,0,0,0,,0,0.0,0,0.0,0,0,0,,,,32,,0,,,0,0,,0,0,0,,,0,0,,0,0,0,,0,0.0,0,0.0,0,0,0,,,,,0,,,0,0,,0,0,0,,,0,0,,0,0,0,,0,0.0,0,0.0,0,0,0,,,,,0,,,0,0,,0,0,0,,,0,0,0.0,0,2,0,100.0,2,0.0,0,0.0,0,0,0,,,0.0,0.0,0,100.0,,0,0,0.0,0,1,0,64.7,64.3,0,1,0.0,0,2,1,100.0,2,118.8,1,100.0,1,1,1,1.0,1.0,0.5,,0,,,0,0,,0,0,0,,,0,0,,0,0,0,,0,0.0,0,0.0,0,0,0,,,,0,,0,,,0,0,,0,0,0,,,0,0,0.0,0,1,0,100.0,1,0.0,0,0.0,0,0,0,,,0.0,,,,0,,,0,0,,0,0,0,0,0,0.0,0,1,0,0.0,0,0.0,0,0.0,0,0,0,,,,,0,,,0,0,,0,0,0,,,0,0,,0,0,0,,0,0.0,0,0.0,0,0,0,,,,,0,,,0,0,,0,0,0,,,0,0,100.0,1,1,0,0.0,0,0.0,0,0.0,0,0,0,,,,0.0,0,100.0,,0,0,0.0,0,1,0,64.7,64.3,0,1,0.0,0,1,1,100.0,1,118.8,1,100.0,1,1,1,1.0,1.0,1.0
C.J. Goodwin,9243,S,DAL,1,1,,0,,,0,0,,0,0,0,,,0,0,,0,0,0,,0,0.0,0,0.0,0,0,0,,,,,0,,,0,0,,0,0,0,,,0,0,,0,0,0,,0,0.0,0,0.0,0,0,0,,,,,0,,,0,0,,0,0,0,,,0,0,,0,0,0,,0,0.0,0,0.0,0,0,0,,,,,0,,,0,0,,0,0,0,,,0,0,,0,0,0,,0,0.0,0,0.0,0,0,0,,,,,0,,,0,0,,0,0,0,,,0,0,,0,0,0,,0,0.0,0,0.0,0,0,0,,,,0,,0,,,0,0,,0,0,0,,,0,0,,0,0,0,,0,0.0,0,0.0,0,0,0,,,,9,,0,,,0,0,,0,0,0,,,0,0,,0,0,0,,0,0.0,0,0.0,0,0,0,,,,,0,,,0,0,,0,0,0,,,0,0,,0,0,0,,0,0.0,0,0.0,0,0,0,,,,,0,,,0,0,,0,0,0,,,0,0,,0,0,0,,0,0.0,0,0.0,0,0,0,,,,,0,,,0,0,,0,0,0,,,0,0,,0,0,0,,0,0.0,0,0.0,0,0,0,,,,,0,,,0,0,,0,0,0,,,0,0,,0,0,0,,0,0.0,0,0.0,0,0,0,,,,0,,0,,,0,0,,0,0,0,,,0,0,,0,0,0,,0,0.0,0,0.0,0,0,0,,,,,,,0,,,0,0,,0,0,0,0,0,,0,0,0,,0,0.0,0,0.0,0,0,0,,,,,0,,,0,0,,0,0,0,,,0,0,,0,0,0,,0,0.0,0,0.0,0,0,0,,,,8.0,0,100.0,,0,0,0.0,0,1,0,64.7,76.9,0,16,0.0,0,1,1,100.0,1,118.8,1,100.0,0,16,8,8.0,16.0,16.0,8.0,0,100.0,,0,0,0.0,0,1,0,64.7,76.9,0,16,0.0,0,1,1,100.0,1,118.8,1,100.0,0,16,8,8.0,16.0,16.0
Conor McDermott,11966,T,NYJ,5,1,,0,,,0,0,,0,0,0,,,0,0,,0,0,0,,0,0.0,0,0.0,0,0,0,,,,,0,,,0,0,,0,0,0,,,0,0,60.0,3,5,0,40.0,2,0.0,0,0.0,0,0,0,,,0.0,,0,,,0,0,,0,0,0,,,0,0,,0,0,0,,0,0.0,0,0.0,0,0,0,,,,,0,,,0,0,,0,0,0,,,0,0,100.0,5,5,0,0.0,0,0.0,0,0.0,0,0,0,,,,,0,,,0,0,,0,0,0,,,0,0,100.0,15,15,0,0.0,0,0.0,0,0.0,0,0,0,,,,0,,0,,,0,0,,0,0,0,,,0,0,,0,0,0,,0,0.0,0,0.0,0,0,0,,,,22,,0,,,0,0,,0,0,0,,,0,0,100.0,2,2,0,0.0,0,0.0,0,0.0,0,0,0,,,,,0,,,0,0,,0,0,0,,,0,0,100.0,2,2,0,0.0,0,0.0,0,0.0,0,0,0,,,,,0,,,0,0,,0,0,0,,,0,0,100.0,1,1,0,0.0,0,0.0,0,0.0,0,0,0,,,,,0,,,0,0,,0,0,0,,,0,0,100.0,11,11,0,0.0,0,0.0,0,0.0,0,0,0,,,,,0,,,0,0,,0,0,0,,,0,0,,0,0,0,,0,0.0,0,0.0,0,0,0,,,,0,,0,,,0,0,,0,0,0,,,0,0,,0,0,0,,0,0.0,0,0.0,0,0,0,,,,,,,0,,,0,0,,0,0,0,0,0,100.0,1,1,0,0.0,0,0.0,0,0.0,0,0,0,,,,,0,,,0,0,,0,0,0,,,0,0,100.0,2,2,0,0.0,0,0.0,0,0.0,0,0,0,,,,8.0,0,100.0,100.0,1,1,0.0,0,1,0,64.7,90.5,0,1,83.3,5,6,1,16.7,1,118.8,1,100.0,1,1,0,0.0,1.0,1.0,8.0,0,100.0,100.0,1,1,0.0,0,1,0,64.7,90.5,0,1,0.0,0,1,1,100.0,1,118.8,1,100.0,1,1,0,0.0,1.0,1.0
Aaron Rodgers,2241,QB,GB,17,1,-4.0,0,100.0,,0,0,0.0,0,0,0,,,0,-4,0.0,0,1,1,0.0,0,79.2,1,100.0,0,-4,0,0.0,-4.0,,-4.0,0,100.0,,0,0,0.0,0,0,0,,,0,-4,0.0,0,54,1,0.0,0,79.2,1,100.0,0,-4,0,0.0,-4.0,,,0,,,0,0,,0,0,0,,,0,0,0.0,0,22,0,0.0,0,0.0,0,0.0,0,0,0,,,,,0,,,0,0,,0,0,0,,,0,0,0.0,0,55,0,0.0,0,0.0,0,0.0,0,0,0,,,,,0,,,0,0,,0,0,0,,,0,0,0.0,0,102,0,0.0,0,0.0,0,0.0,0,0,0,,,,0,,0,,,0,0,,0,0,0,,,0,0,,0,0,0,,0,0.0,0,0.0,0,0,0,,,,12,,0,,,0,0,,0,0,0,,,0,0,0.0,0,25,0,0.0,0,0.0,0,0.0,0,0,0,,,,,0,,,0,0,,0,0,0,,,0,0,0.0,0,18,0,0.0,0,0.0,0,0.0,0,0,0,,,,,0,,,0,0,,0,0,0,,,0,0,0.0,0,21,0,0.0,0,0.0,0,0.0,0,0,0,,,,,0,,,0,0,,0,0,0,,,0,0,0.0,0,86,0,0.0,0,0.0,0,0.0,0,0,0,,,,,0,,,0,0,,0,0,0,,,0,0,,0,0,0,,0,0.0,0,0.0,0,0,0,,,,0,,0,,,0,0,,0,0,0,,,0,0,0.0,0,19,0,0.0,0,0.0,0,0.0,0,0,0,,,,,,,0,,,0,0,,0,0,0,0,0,0.0,0,41,0,0.0,0,0.0,0,0.0,0,0,0,,,,,0,,,0,0,,0,0,0,,,0,0,0.0,0,24,0,0.0,0,0.0,0,0.0,0,0,0,,,,,0,,,0,0,,0,0,0,,,0,0,0.0,0,77,0,0.0,0,0.0,0,0.0,0,0,0,,,,,0,,,0,0,,0,0,0,,,0,0,,0,0,0,,0,0.0,0,0.0,0,0,0,,,
Drew Lock,39517,QB,DEN,6,1,-5.0,0,100.0,,0,0,0.0,0,0,0,64.7,62.0,0,1,0.0,0,1,1,100.0,1,79.2,1,100.0,0,1,6,6.0,1.0,1.0,-5.0,0,100.0,,0,0,0.0,0,0,0,64.7,62.0,0,1,0.0,0,10,1,10.0,1,79.2,1,100.0,0,1,6,6.0,1.0,1.0,,0,,,0,0,,0,0,0,,,0,0,0.0,0,1,0,0.0,0,0.0,0,0.0,0,0,0,,,,,0,,,0,0,,0,0,0,,,0,0,0.0,0,11,0,9.1,1,0.0,0,0.0,0,0,0,,,0.0,,0,,,0,0,,0,0,0,,,0,0,0.0,0,25,0,0.0,0,0.0,0,0.0,0,0,0,,,,0,,0,,,0,0,,0,0,0,,,0,0,,0,0,0,,0,0.0,0,0.0,0,0,0,,,,10,,0,,,0,0,,0,0,0,,,0,0,0.0,0,3,0,0.0,0,0.0,0,0.0,0,0,0,,,,,0,,,0,0,,0,0,0,,,0,0,0.0,0,10,0,0.0,0,0.0,0,0.0,0,0,0,,,,,0,,,0,0,,0,0,0,,,0,0,0.0,0,6,0,0.0,0,0.0,0,0.0,0,0,0,,,,,0,,,0,0,,0,0,0,,,0,0,0.0,0,8,0,0.0,0,0.0,0,0.0,0,0,0,,,,,0,,,0,0,,0,0,0,,,0,0,,0,0,0,,0,0.0,0,0.0,0,0,0,,,,0,,0,,,0,0,,0,0,0,,,0,0,0.0,0,4,0,0.0,0,0.0,0,0.0,0,0,0,,,,,,,0,,,0,0,,0,0,0,0,0,0.0,0,16,0,0.0,0,0.0,0,0.0,0,0,0,,,,,0,,,0,0,,0,0,0,,,0,0,0.0,0,6,0,0.0,0,0.0,0,0.0,0,0,0,,,,,0,,,0,0,,0,0,0,,,0,0,0.0,0,18,0,0.0,0,0.0,0,0.0,0,0,0,,,,,0,,,0,0,,0,0,0,,,0,0,,0,0,0,,0,0.0,0,0.0,0,0,0,,,
Zach Wilson,82096,QB,NYJ,13,1,,0,,,0,0,,0,0,0,,,0,0,,0,0,0,,0,0.0,0,0.0,0,0,0,,,,,0,,,0,0,,0,0,0,,,0,0,0.0,0,32,0,0.0,0,0.0,0,0.0,0,0,0,,,,,0,,,0,0,,0,0,0,,,0,0,0.0,0,9,0,0.0,0,0.0,0,0.0,0,0,0,,,,,0,,,0,0,,0,0,0,,,0,0,0.0,0,46,0,0.0,0,0.0,0,0.0,0,0,0,,,,,0,,,0,0,,0,0,0,,,0,0,0.0,0,84,0,0.0,0,0.0,0,0.0,0,0,0,,,,0,,0,,,0,0,,0,0,0,,,0,0,,0,0,0,,0,0.0,0,0.0,0,0,0,,,,22,,0,,,0,0,,0,0,0,,,0,0,0.0,0,14,0,0.0,0,0.0,0,0.0,0,0,0,,,,,0,,,0,0,,0,0,1,,,0,0,0.0,0,27,0,0.0,0,0.0,0,0.0,0,0,0,,,,,0,,,0,0,,0,0,0,,,0,0,0.0,0,19,0,0.0,0,0.0,0,0.0,0,0,0,,,,9.0,0,0.0,,0,0,,0,0,0,,60.0,0,0,0.0,0,48,0,2.1,1,39.6,1,100.0,0,0,0,,,0.0,,0,,,0,0,,0,0,0,,,0,0,,0,0,0,,0,0.0,0,0.0,0,0,0,,,,0,,0,,,0,0,,0,0,0,,,0,0,0.0,0,12,0,0.0,0,0.0,0,0.0,0,0,0,,,,,,,0,,,0,0,,0,0,0,0,0,0.0,0,15,0,0.0,0,0.0,0,0.0,0,0,0,,,,,0,,,0,0,,0,0,0,,,0,0,0.0,0,19,0,0.0,0,0.0,0,0.0,0,0,0,,,,,0,,,0,0,,0,0,0,,,0,0,0.0,0,45,0,0.0,0,0.0,0,0.0,0,0,0,,,,9.0,0,0.0,,0,0,,0,0,0,,60.0,0,0,0.0,0,1,0,100.0,1,39.6,1,100.0,0,0,0,,,0.0
Mekhi Sargent,83684,HB,JAX,1,1,-5.0,0,0.0,,0,0,100.0,1,0,0,27.9,25.9,0,0,0.0,0,1,0,100.0,1,39.6,1,100.0,0,0,0,,,0.0,,0,,,0,0,,0,0,0,,,0,0,,0,0,0,,0,0.0,0,0.0,0,0,0,,,,,0,,,0,0,,0,0,0,,,0,0,,0,0,0,,0,0.0,0,0.0,0,0,0,,,,,0,,,0,0,,0,0,0,,,0,0,,0,0,0,,0,0.0,0,0.0,0,0,0,,,,,0,,,0,0,,0,0,0,,,0,0,,0,0,0,,0,0.0,0,0.0,0,0,0,,,,0,,0,,,0,0,,0,0,0,,,0,0,,0,0,0,,0,0.0,0,0.0,0,0,0,,,,15,-5.0,0,0.0,,0,0,100.0,1,0,0,27.9,25.9,0,0,0.0,0,1,0,100.0,1,39.6,1,100.0,0,0,0,,,0.0,,0,,,0,0,,0,0,0,,,0,0,,0,0,0,,0,0.0,0,0.0,0,0,0,,,,,0,,,0,0,,0,0,0,,,0,0,,0,0,0,,0,0.0,0,0.0,0,0,0,,,,,0,,,0,0,,0,0,0,,,0,0,,0,0,0,,0,0.0,0,0.0,0,0,0,,,,,0,,,0,0,,0,0,0,,,0,0,,0,0,0,,0,0.0,0,0.0,0,0,0,,,,0,,0,,,0,0,,0,0,0,,,0,0,,0,0,0,,0,0.0,0,0.0,0,0,0,,,,,,,0,,,0,0,,0,0,0,0,0,,0,0,0,,0,0.0,0,0.0,0,0,0,,,,,0,,,0,0,,0,0,0,,,0,0,,0,0,0,,0,0.0,0,0.0,0,0,0,,,,,0,,,0,0,,0,0,0,,,0,0,,0,0,0,,0,0.0,0,0.0,0,0,0,,,,,0,,,0,0,,0,0,0,,,0,0,,0,0,0,,0,0.0,0,0.0,0,0,0,,,
Johnny Mundt,12206,TE,LA,5,1,,0,,,0,0,,0,0,0,,,0,0,,0,0,0,,0,0.0,0,0.0,0,0,0,,,,,0,,,0,0,,0,0,0,,,0,0,,0,0,0,,0,0.0,0,0.0,0,0,0,,,,,0,,,0,0,,0,0,0,,,0,0,100.0,1,1,0,0.0,0,0.0,0,0.0,0,0,0,,,,,0,,,0,0,,0,0,0,,,0,0,33.3,2,6,0,50.0,3,0.0,0,0.0,0,0,0,,,0.0,7.0,0,100.0,,0,0,0.0,0,1,0,64.7,90.6,0,9,0.0,0,8,1,100.0,8,104.2,1,100.0,0,9,2,2.0,9.0,1.13,0,,0,,,0,0,,0,0,0,,,0,0,,0,0,0,,0,0.0,0,0.0,0,0,0,,,,26,,0,,,0,0,,0,0,0,,,0,0,0.0,0,2,0,100.0,2,0.0,0,0.0,0,0,0,,,0.0,,0,,,0,0,,0,0,0,,,0,0,100.0,1,1,0,0.0,0,0.0,0,0.0,0,0,0,,,,,0,,,0,0,,0,0,0,,,0,0,50.0,1,2,0,0.0,0,0.0,0,0.0,0,0,0,,,,,0,,,0,0,,0,0,0,,,0,0,25.0,2,8,0,75.0,6,0.0,0,0.0,0,0,0,,,0.0,,0,,,0,0,,0,0,0,,,0,0,,0,0,0,,0,0.0,0,0.0,0,0,0,,,,0,,0,,,0,0,,0,0,0,,,0,0,0.0,0,1,0,100.0,1,0.0,0,0.0,0,0,0,,,0.0,,,,0,,,0,0,,0,0,0,0,0,0.0,0,1,0,100.0,1,0.0,0,0.0,0,0,0,,,0.0,,0,,,0,0,,0,0,0,,,0,0,0.0,0,3,0,100.0,3,0.0,0,0.0,0,0,0,,,0.0,,0,,,0,0,,0,0,0,,,0,0,0.0,0,4,0,100.0,4,0.0,0,0.0,0,0,0,,,0.0,7.0,0,100.0,,0,0,0.0,0,1,0,64.7,90.6,0,9,0.0,0,1,1,100.0,1,104.2,1,100.0,0,9,2,2.0,9.0,9.0
Keke Coutee,47698,WR,IND,2,1,,0,,,0,0,,0,0,0,,,0,0,,0,0,0,,0,0.0,0,0.0,0,0,0,,,,,0,,,0,0,,0,0,0,,,0,0,0.0,0,1,0,0.0,0,0.0,0,0.0,0,0,0,,,,,0,,,0,0,,0,0,0,,59.8,0,0,0.0,0,1,0,0.0,0,0.0,0,0.0,0,0,0,,,,,0,,,0,0,,0,0,0,,,0,0,,0,0,0,,0,0.0,0,0.0,0,0,0,,,,5.0,0,100.0,100.0,1,1,0.0,0,0,0,64.7,61.1,0,5,0.0,0,7,1,100.0,7,87.5,1,100.0,0,5,0,0.0,5.0,0.71,0,,0,,,0,0,,0,0,0,,59.8,0,0,0.0,0,1,0,0.0,0,0.0,0,0.0,0,0,0,,,,14,,0,,,0,0,,0,0,0,,,0,0,,0,0,0,,0,0.0,0,0.0,0,0,0,,,,,0,,,0,0,,0,0,0,,,0,0,,0,0,0,,0,0.0,0,0.0,0,0,0,,,,,0,,,0,0,,0,0,0,,,0,0,0.0,0,2,0,50.0,1,0.0,0,0.0,0,0,0,,,0.0,,0,,,0,0,,0,0,0,,,0,0,0.0,0,5,0,80.0,4,0.0,0,0.0,0,0,0,,,0.0,,0,,,0,0,,0,0,0,,,0,0,,0,0,0,,0,0.0,0,0.0,0,0,0,,,,0,,0,,,0,0,,0,0,0,,,0,0,,0,0,0,,0,0.0,0,0.0,0,0,0,,,,,,,0,,,0,0,,0,0,0,0,0,0.0,0,1,0,100.0,1,0.0,0,0.0,0,0,0,,,0.0,,0,,,0,0,,0,0,0,,,0,0,,0,0,0,,0,0.0,0,0.0,0,0,0,,,,,0,,,0,0,,0,0,0,,,0,0,0.0,0,2,0,100.0,2,0.0,0,0.0,0,0,0,,,0.0,5.0,0,100.0,100.0,1,1,0.0,0,0,0,64.7,61.1,0,5,0.0,0,1,1,100.0,1,87.5,1,100.0,0,5,0,0.0,5.0,5.0
Trent Williams,5529,T,SF,17,1,,0,,,0,0,,0,0,0,,,0,0,,0,0,0,,0,0.0,0,0.0,0,0,0,,,,,0,,,0,0,,0,0,0,,,0,0,100.0,46,46,0,0.0,0,0.0,0,0.0,0,0,0,,,,,0,,,0,0,,0,0,0,,,0,0,100.0,15,15,0,0.0,0,0.0,0,0.0,0,0,0,,,,,0,,,0,0,,0,0,0,,,0,0,100.0,82,82,0,0.0,0,0.0,0,0.0,0,0,0,,,,4.0,0,0.0,,0,0,,0,0,0,,57.7,0,0,99.3,150,151,0,0.7,1,39.6,1,100.0,0,0,0,,,0.0,0,,0,,,0,0,,0,0,0,,,0,0,,0,0,0,,0,0.0,0,0.0,0,0,0,,,,28,,0,,,0,0,,0,0,0,,,0,0,100.0,14,14,0,0.0,0,0.0,0,0.0,0,0,0,,,,,0,,,0,0,,0,0,0,,,0,0,100.0,12,12,0,0.0,0,0.0,0,0.0,0,0,0,,,,,0,,,0,0,,0,0,0,,,0,0,100.0,23,23,0,0.0,0,0.0,0,0.0,0,0,0,,,,,0,,,0,0,,0,0,0,,,0,0,100.0,31,31,0,0.0,0,0.0,0,0.0,0,0,0,,,,,0,,,0,0,,0,0,0,,,0,0,,0,0,0,,0,0.0,0,0.0,0,0,0,,,,0,,0,,,0,0,,0,0,0,,,0,0,100.0,11,11,0,0.0,0,0.0,0,0.0,0,0,0,,,,,,,0,,,0,0,,0,0,0,0,0,100.0,18,18,0,0.0,0,0.0,0,0.0,0,0,0,,,,,0,,,0,0,,0,0,0,,,0,0,100.0,23,23,0,0.0,0,0.0,0,0.0,0,0,0,,,,,0,,,0,0,,0,0,0,,,0,0,100.0,42,42,0,0.0,0,0.0,0,0.0,0,0,0,,,,4.0,0,0.0,,0,0,,0,0,0,,57.7,0,0,0.0,0,1,0,100.0,1,39.6,1,100.0,0,0,0,,,0.0
Colin Thompson,12239,TE,CAR,9,1,,0,,,0,0,,0,0,0,,,0,0,,0,0,0,,0,0.0,0,0.0,0,0,0,,,,,0,,,0,0,,0,0,0,,,0,0,0.0,0,2,0,100.0,2,0.0,0,0.0,0,0,0,,,0.0,,0,,,0,0,,0,0,0,,,0,0,100.0,1,1,0,0.0,0,0.0,0,0.0,0,0,0,,,,,0,,,0,0,,0,0,0,,,0,0,0.0,0,3,0,66.7,2,0.0,0,0.0,0,0,0,,,0.0,5.0,0,0.0,,0,0,,0,0,0,,57.7,0,0,0.0,0,2,0,100.0,2,39.6,1,100.0,0,0,0,,,0.0,0,,0,,,0,0,,0,0,0,,,0,0,,0,0,0,,0,0.0,0,0.0,0,0,0,,,,5,,0,,,0,0,,0,0,0,,,0,0,100.0,3,3,0,0.0,0,0.0,0,0.0,0,0,0,,,,,0,,,0,0,,0,0,0,,,0,0,100.0,3,3,0,0.0,0,0.0,0,0.0,0,0,0,,,,,0,,,0,0,,0,0,0,,,0,0,100.0,1,1,0,0.0,0,0.0,0,0.0,0,0,0,,,,,0,,,0,0,,0,0,0,,,0,0,75.0,3,4,0,25.0,1,0.0,0,0.0,0,0,0,,,0.0,,0,,,0,0,,0,0,0,,,0,0,,0,0,0,,0,0.0,0,0.0,0,0,0,,,,0,,0,,,0,0,,0,0,0,,,0,0,0.0,0,1,0,100.0,1,0.0,0,0.0,0,0,0,,,0.0,,,,0,,,0,0,,0,0,0,0,0,,0,0,0,,0,0.0,0,0.0,0,0,0,,,,,0,,,0,0,,0,0,0,,,0,0,50.0,1,2,0,50.0,1,0.0,0,0.0,0,0,0,,,0.0,,0,,,0,0,,0,0,0,,,0,0,100.0,1,1,0,0.0,0,0.0,0,0.0,0,0,0,,,,5.0,0,0.0,,0,0,,0,0,0,,57.7,0,0,0.0,0,1,0,100.0,1,39.6,1,100.0,0,0,0,,,0.0
Andy Isabella,47448,WR,ARZ,5,1,,0,,,0,0,,0,0,0,,,0,0,,0,0,0,,0,0.0,0,0.0,0,0,0,,,,,0,,,0,0,,0,0,0,,,0,0,0.0,0,4,0,100.0,4,0.0,0,0.0,0,0,0,,,0.0,,0,,,0,0,,0,0,0,,,0,0,0.0,0,1,0,100.0,1,0.0,0,0.0,0,0,0,,,0.0,,0,,,0,0,,0,0,0,,,0,0,0.0,0,2,0,100.0,2,0.0,0,0.0,0,0,0,,,0.0,,0,,,0,0,,0,0,0,,,0,0,0.0,0,5,0,100.0,5,0.0,0,0.0,0,0,0,,,0.0,0,,0,,,0,0,,0,0,0,,,0,0,,0,0,0,,0,0.0,0,0.0,0,0,0,,,,1,,0,,,0,0,,0,0,0,,,0,0,,0,0,0,,0,0.0,0,0.0,0,0,0,,,,,0,,,0,0,,0,0,0,,,0,0,0.0,0,1,0,100.0,1,0.0,0,0.0,0,0,0,,,0.0,,0,,,0,0,,0,0,0,,,0,0,,0,0,0,,0,0.0,0,0.0,0,0,0,,,,,0,,,0,0,,0,0,0,,,0,0,0.0,0,2,0,100.0,2,0.0,0,0.0,0,0,0,,,0.0,,0,,,0,0,,0,0,0,,,0,0,,0,0,0,,0,0.0,0,0.0,0,0,0,,,,0,,0,,,0,0,,0,0,0,,,0,0,0.0,0,1,0,100.0,1,0.0,0,0.0,0,0,0,,,0.0,,,,0,,,0,0,,0,0,0,0,0,,0,0,0,,0,0.0,0,0.0,0,0,0,,,,,0,,,0,0,,0,0,0,,,0,0,,0,0,0,,0,0.0,0,0.0,0,0,0,,,,6.0,0,100.0,,0,0,0.0,0,1,0,64.7,78.1,0,13,0.0,0,3,1,100.0,3,118.8,1,100.0,0,13,7,7.0,13.0,4.33,6.0,0,100.0,,0,0,0.0,0,1,0,64.7,78.1,0,13,0.0,0,1,1,100.0,1,118.8,1,100.0,0,13,7,7.0,13.0,13.0
Danny Pinter,47339,C,IND,7,1,,0,,,0,0,,0,0,0,,,0,0,,0,0,0,,0,0.0,0,0.0,0,0,0,,,,,0,,,0,0,,0,0,0,,,0,0,100.0,8,8,0,0.0,0,0.0,0,0.0,0,0,0,,,,,0,,,0,0,,0,0,0,,,0,0,,0,0,0,,0,0.0,0,0.0,0,0,0,,,,,0,,,0,0,,0,0,0,,,0,0,100.0,4,4,0,0.0,0,0.0,0,0.0,0,0,0,,,,,0,,,0,0,,0,0,0,,,0,0,100.0,16,16,0,0.0,0,0.0,0,0.0,0,0,0,,,,0,,0,,,0,0,,0,0,0,,,0,0,,0,0,0,,0,0.0,0,0.0,0,0,0,,,,14,,0,,,0,0,,0,0,0,,,0,0,,0,0,0,,0,0.0,0,0.0,0,0,0,,,,,0,,,0,0,,0,0,0,,,0,0,100.0,4,4,0,0.0,0,0.0,0,0.0,0,0,0,,,,,0,,,0,0,,0,0,0,,,0,0,100.0,5,5,0,0.0,0,0.0,0,0.0,0,0,0,,,,5.0,0,100.0,,0,0,0.0,0,1,0,64.7,61.8,0,2,92.3,12,13,1,7.7,1,118.8,1,100.0,1,2,0,0.0,2.0,2.0,,0,,,0,0,,0,0,0,,,0,0,,0,0,0,,0,0.0,0,0.0,0,0,0,,,,0,,0,,,0,0,,0,0,0,,,0,0,100.0,1,1,0,0.0,0,0.0,0,0.0,0,0,0,,,,,,,0,,,0,0,,0,0,0,0,0,100.0,4,4,0,0.0,0,0.0,0,0.0,0,0,0,,,,,0,,,0,0,,0,0,0,,,0,0,100.0,4,4,0,0.0,0,0.0,0,0.0,0,0,0,,,,,0,,,0,0,,0,0,0,,,0,0,100.0,8,8,0,0.0,0,0.0,0,0.0,0,0,0,,,,5.0,0,100.0,,0,0,0.0,0,1,0,64.7,61.8,0,2,0.0,0,1,1,100.0,1,118.8,1,100.0,1,2,0,0.0,2.0,2.0
Brycen Hopkins,47338,TE,LA,4,1,,0,,,0,0,,0,0,0,,,0,0,,0,0,0,,0,0.0,0,0.0,0,0,0,,,,,0,,,0,0,,0,0,0,,,0,0,0.0,0,1,0,0.0,0,0.0,0,0.0,0,0,0,,,,,0,,,0,0,,0,0,0,,,0,0,0.0,0,1,0,100.0,1,0.0,0,0.0,0,0,0,,,0.0,,0,,,0,0,,0,0,0,,,0,0,,0,0,0,,0,0.0,0,0.0,0,0,0,,,,3.0,0,100.0,,0,0,0.0,0,1,0,64.7,78.1,0,9,0.0,0,6,1,83.3,5,104.2,1,100.0,0,9,6,6.0,9.0,1.8,0,,0,,,0,0,,0,0,0,,,0,0,,0,0,0,,0,0.0,0,0.0,0,0,0,,,,26,,0,,,0,0,,0,0,0,,,0,0,0.0,0,1,0,0.0,0,0.0,0,0.0,0,0,0,,,,,0,,,0,0,,0,0,0,,,0,0,0.0,0,1,0,0.0,0,0.0,0,0.0,0,0,0,,,,,0,,,0,0,,0,0,0,,,0,0,66.7,2,3,0,33.3,1,0.0,0,0.0,0,0,0,,,0.0,,0,,,0,0,,0,0,0,,,0,0,0.0,0,1,0,100.0,1,0.0,0,0.0,0,0,0,,,0.0,,0,,,0,0,,0,0,0,,,0,0,,0,0,0,,0,0.0,0,0.0,0,0,0,,,,0,,0,,,0,0,,0,0,0,,,0,0,,0,0,0,,0,0.0,0,0.0,0,0,0,,,,,,,0,,,0,0,,0,0,0,0,0,0.0,0,1,0,100.0,1,0.0,0,0.0,0,0,0,,,0.0,,0,,,0,0,,0,0,0,,,0,0,,0,0,0,,0,0.0,0,0.0,0,0,0,,,,,0,,,0,0,,0,0,0,,,0,0,0.0,0,3,0,100.0,3,0.0,0,0.0,0,0,0,,,0.0,3.0,0,100.0,,0,0,0.0,0,1,0,64.7,78.1,0,9,0.0,0,1,1,100.0,1,104.2,1,100.0,0,9,6,6.0,9.0,9.0
Lane Johnson,7786,T,PHI,14,1,,0,,,0,0,,0,0,0,,,0,0,,0,0,0,,0,0.0,0,0.0,0,0,0,,,,,0,,,0,0,,0,0,0,,,0,0,100.0,41,41,0,0.0,0,0.0,0,0.0,0,0,0,,,,,0,,,0,0,,0,0,0,,,0,0,100.0,11,11,0,0.0,0,0.0,0,0.0,0,0,0,,,,,0,,,0,0,,0,0,0,,,0,0,100.0,19,19,0,0.0,0,0.0,0,0.0,0,0,0,,,,,0,,,0,0,,0,0,0,,,0,0,100.0,54,54,0,0.0,0,0.0,0,0.0,0,0,0,,,,0,,0,,,0,0,,0,0,0,,,0,0,,0,0,0,,0,0.0,0,0.0,0,0,0,,,,24,,0,,,0,0,,0,0,0,,,0,0,100.0,11,11,0,0.0,0,0.0,0,0.0,0,0,0,,,,,0,,,0,0,,0,0,0,,,0,0,100.0,23,23,0,0.0,0,0.0,0,0.0,0,0,0,,,,,0,,,0,0,,0,0,0,,,0,0,100.0,24,24,0,0.0,0,0.0,0,0.0,0,0,0,,,,,0,,,0,0,,0,0,0,,,0,0,100.0,25,25,0,0.0,0,0.0,0,0.0,0,0,0,,,,,0,,,0,0,,0,0,0,,,0,0,,0,0,0,,0,0.0,0,0.0,0,0,0,,,,0,,0,,,0,0,,0,0,0,,,0,0,100.0,12,12,0,0.0,0,0.0,0,0.0,0,0,0,,,,,,,0,,,0,0,,0,0,0,0,0,100.0,25,25,0,0.0,0,0.0,0,0.0,0,0,0,,,,,0,,,0,0,,0,0,0,,,0,0,100.0,40,40,0,0.0,0,0.0,0,0.0,0,0,0,,,,4.0,0,100.0,,0,0,0.0,0,1,0,64.7,89.0,0,5,98.4,61,62,1,1.6,1,127.1,1,100.0,1,5,1,1.0,5.0,5.0,4.0,0,100.0,,0,0,0.0,0,1,0,64.7,89.0,0,5,0.0,0,1,1,100.0,1,127.1,1,100.0,1,5,1,1.0,5.0,5.0
Seth Williams,84137,WR,DEN,2,1,,0,,,0,0,,0,0,0,,,0,0,,0,0,0,,0,0.0,0,0.0,0,0,0,,,,,0,,,0,0,,0,0,0,,,0,0,,0,0,0,,0,0.0,0,0.0,0,0,0,,,,,0,,,0,0,,0,0,0,,,0,0,,0,0,0,,0,0.0,0,0.0,0,0,0,,,,,0,,,0,0,,0,0,0,,,0,0,,0,0,0,,0,0.0,0,0.0,0,0,0,,,,,0,,,0,0,,0,0,0,,,0,0,0.0,0,8,0,100.0,8,0.0,0,0.0,0,0,0,,,0.0,0,31.0,0,100.0,100.0,1,1,0.0,0,1,0,28.9,72.7,0,34,0.0,0,2,1,50.0,1,118.8,1,100.0,0,34,3,3.0,34.0,34.0,10,,0,,,0,0,,0,0,0,,,0,0,0.0,0,1,0,0.0,0,0.0,0,0.0,0,0,0,,,,,0,,,0,0,,0,0,0,,,0,0,0.0,0,2,0,100.0,2,0.0,0,0.0,0,0,0,,,0.0,,0,,,0,0,,0,0,0,,,0,0,0.0,0,3,0,100.0,3,0.0,0,0.0,0,0,0,,,0.0,,0,,,0,0,,0,0,0,,,0,0,0.0,0,1,0,100.0,1,0.0,0,0.0,0,0,0,,,0.0,,0,,,0,0,,0,0,0,,,0,0,,0,0,0,,0,0.0,0,0.0,0,0,0,,,,0,,0,,,0,0,,0,0,0,,,0,0,,0,0,0,,0,0.0,0,0.0,0,0,0,,,,28.9,72.7,31.0,0,100.0,100.0,1,1,0.0,0,1,0,0,34,0.0,0,2,1,50.0,1,118.8,1,100.0,0,34,3,3.0,34.0,34.0,,0,,,0,0,,0,0,0,,,0,0,0.0,0,2,0,100.0,2,0.0,0,0.0,0,0,0,,,0.0,,0,,,0,0,,0,0,0,,,0,0,0.0,0,5,0,100.0,5,0.0,0,0.0,0,0,0,,,0.0,,0,,,0,0,,0,0,0,,,0,0,,0,0,0,,0,0.0,0,0.0,0,0,0,,,
Darius Bradwell,46445,HB,LAC,1,1,,0,,,0,0,,0,0,0,,,0,0,,0,0,0,,0,0.0,0,0.0,0,0,0,,,,,0,,,0,0,,0,0,0,,,0,0,,0,0,0,,0,0.0,0,0.0,0,0,0,,,,,0,,,0,0,,0,0,0,,,0,0,,0,0,0,,0,0.0,0,0.0,0,0,0,,,,,0,,,0,0,,0,0,0,,,0,0,,0,0,0,,0,0.0,0,0.0,0,0,0,,,,0.0,0,0.0,,0,0,100.0,1,0,0,27.9,26.1,0,0,0.0,0,1,0,100.0,1,39.6,1,100.0,0,0,0,,,0.0,0,,0,,,0,0,,0,0,0,,,0,0,,0,0,0,,0,0.0,0,0.0,0,0,0,,,,27,,0,,,0,0,,0,0,0,,,0,0,,0,0,0,,0,0.0,0,0.0,0,0,0,,,,,0,,,0,0,,0,0,0,,,0,0,,0,0,0,,0,0.0,0,0.0,0,0,0,,,,,0,,,0,0,,0,0,0,,,0,0,,0,0,0,,0,0.0,0,0.0,0,0,0,,,,,0,,,0,0,,0,0,0,,,0,0,100.0,1,1,0,0.0,0,0.0,0,0.0,0,0,0,,,,,0,,,0,0,,0,0,0,,,0,0,,0,0,0,,0,0.0,0,0.0,0,0,0,,,,0,,0,,,0,0,,0,0,0,,,0,0,,0,0,0,,0,0.0,0,0.0,0,0,0,,,,,,,0,,,0,0,,0,0,0,0,0,,0,0,0,,0,0.0,0,0.0,0,0,0,,,,,0,,,0,0,,0,0,0,,,0,0,,0,0,0,,0,0.0,0,0.0,0,0,0,,,,,0,,,0,0,,0,0,0,,,0,0,0.0,0,2,0,100.0,2,0.0,0,0.0,0,0,0,,,0.0,0.0,0,0.0,,0,0,100.0,1,0,0,27.9,26.1,0,0,0.0,0,1,0,100.0,1,39.6,1,100.0,0,0,0,,,0.0
Garrett Bradbury,46013,C,MIN,13,1,-3.0,0,100.0,,0,0,0.0,0,1,0,67.6,70.8,0,21,100.0,1,1,1,0.0,0,118.8,1,100.0,0,21,24,24.0,21.0,,-3.0,0,100.0,,0,0,0.0,0,1,0,67.6,70.8,0,21,100.0,43,43,1,0.0,0,118.8,1,100.0,0,21,24,24.0,21.0,,,0,,,0,0,,0,0,0,,,0,0,100.0,15,15,0,0.0,0,0.0,0,0.0,0,0,0,,,,,0,,,0,0,,0,0,0,,,0,0,100.0,52,52,0,0.0,0,0.0,0,0.0,0,0,0,,,,,0,,,0,0,,0,0,0,,,0,0,100.0,121,121,0,0.0,0,0.0,0,0.0,0,0,0,,,,0,,0,,,0,0,,0,0,0,,,0,0,,0,0,0,,0,0.0,0,0.0,0,0,0,,,,18,,0,,,0,0,,0,0,0,,,0,0,100.0,19,19,0,0.0,0,0.0,0,0.0,0,0,0,,,,,0,,,0,0,,0,0,0,,,0,0,100.0,28,28,0,0.0,0,0.0,0,0.0,0,0,0,,,,,0,,,0,0,,0,0,0,,,0,0,100.0,14,14,0,0.0,0,0.0,0,0.0,0,0,0,,,,,0,,,0,0,,0,0,0,,,0,0,100.0,52,52,0,0.0,0,0.0,0,0.0,0,0,0,,,,,0,,,0,0,,0,0,0,,,0,0,,0,0,0,,0,0.0,0,0.0,0,0,0,,,,0,,0,,,0,0,,0,0,0,,,0,0,100.0,18,18,0,0.0,0,0.0,0,0.0,0,0,0,,,,,,,0,,,0,0,,0,0,0,0,0,100.0,22,22,0,0.0,0,0.0,0,0.0,0,0,0,,,,,0,,,0,0,,0,0,0,,,0,0,100.0,28,28,0,0.0,0,0.0,0,0.0,0,0,0,,,,,0,,,0,0,,0,0,0,,,0,0,100.0,38,38,0,0.0,0,0.0,0,0.0,0,0,0,,,,,0,,,0,0,,0,0,0,,,0,0,,0,0,0,,0,0.0,0,0.0,0,0,0,,,
Mike Remmers,7431,T,KC,4,1,-2.0,0,100.0,100.0,1,1,0.0,0,0,0,64.7,60.8,0,-2,0.0,0,1,1,100.0,1,79.2,1,100.0,0,-2,0,0.0,-2.0,-2.0,-2.0,0,100.0,100.0,1,1,0.0,0,0,0,64.7,60.8,0,-2,88.9,8,9,1,11.1,1,79.2,1,100.0,0,-2,0,0.0,-2.0,-2.0,,0,,,0,0,,0,0,0,,,0,0,100.0,4,4,0,0.0,0,0.0,0,0.0,0,0,0,,,,,0,,,0,0,,0,0,0,,,0,0,100.0,8,8,0,0.0,0,0.0,0,0.0,0,0,0,,,,,0,,,0,0,,0,0,0,,,0,0,100.0,24,24,0,0.0,0,0.0,0,0.0,0,0,0,,,,0,,0,,,0,0,,0,0,0,,,0,0,,0,0,0,,0,0.0,0,0.0,0,0,0,,,,16,,0,,,0,0,,0,0,0,,,0,0,100.0,4,4,0,0.0,0,0.0,0,0.0,0,0,0,,,,,0,,,0,0,,0,0,0,,,0,0,100.0,3,3,0,0.0,0,0.0,0,0.0,0,0,0,,,,,0,,,0,0,,0,0,0,,,0,0,100.0,4,4,0,0.0,0,0.0,0,0.0,0,0,0,,,,,0,,,0,0,,0,0,0,,,0,0,100.0,11,11,0,0.0,0,0.0,0,0.0,0,0,0,,,,,0,,,0,0,,0,0,0,,,0,0,,0,0,0,,0,0.0,0,0.0,0,0,0,,,,0,,0,,,0,0,,0,0,0,,,0,0,100.0,2,2,0,0.0,0,0.0,0,0.0,0,0,0,,,,,,,0,,,0,0,,0,0,0,0,0,100.0,5,5,0,0.0,0,0.0,0,0.0,0,0,0,,,,,0,,,0,0,,0,0,0,,,0,0,100.0,10,10,0,0.0,0,0.0,0,0.0,0,0,0,,,,,0,,,0,0,,0,0,0,,,0,0,100.0,12,12,0,0.0,0,0.0,0,0.0,0,0,0,,,,,0,,,0,0,,0,0,0,,,0,0,,0,0,0,,0,0.0,0,0.0,0,0,0,,,
Jalen Hurts,40291,QB,PHI,16,1,,0,,,0,0,,0,0,0,,,0,0,,0,0,0,,0,0.0,0,0.0,0,0,0,,,,,0,,,0,0,,0,0,0,,,0,0,0.0,0,48,0,0.0,0,0.0,0,0.0,0,0,0,,,,,0,,,0,0,,0,0,0,,,0,0,0.0,0,13,0,0.0,0,0.0,0,0.0,0,0,0,,,,,0,,,0,0,,0,0,0,,,0,0,0.0,0,32,0,0.0,0,0.0,0,0.0,0,0,0,,,,,0,,,0,0,,0,0,0,,,0,0,0.0,0,74,0,0.0,0,0.0,0,0.0,0,0,0,,,,0,,0,,,0,0,,0,0,0,,,0,0,,0,0,0,,0,0.0,0,0.0,0,0,0,,,,24,,0,,,0,0,,0,0,0,,,0,0,0.0,0,14,0,0.0,0,0.0,0,0.0,0,0,0,,,,,0,,,0,0,,0,0,0,,,0,0,0.0,0,33,0,0.0,0,0.0,0,0.0,0,0,0,,,,,0,,,0,0,,0,0,0,,,0,0,0.0,0,30,0,0.0,0,0.0,0,0.0,0,0,0,,,,,0,,,0,0,,0,0,0,,,0,0,0.0,0,34,0,0.0,0,0.0,0,0.0,0,0,0,,,,12.0,0,0.0,,0,0,,0,0,0,,60.0,0,0,0.0,0,1,0,100.0,1,39.6,1,100.0,0,0,0,,,0.0,0,,0,,,0,0,,0,0,0,,,0,0,0.0,0,19,0,0.0,0,0.0,0,0.0,0,0,0,,,,,,,0,,,0,0,,0,0,0,0,0,0.0,0,33,0,0.0,0,0.0,0,0.0,0,0,0,,,,12.0,0,0.0,,0,0,,0,0,1,,60.0,0,0,0.0,0,48,0,2.1,1,39.6,1,100.0,0,0,0,,,0.0,,0,,,0,0,,0,0,0,,,0,0,0.0,0,77,0,0.0,0,0.0,0,0.0,0,0,0,,,,,0,,,0,0,,0,0,0,,,0,0,,0,0,0,,0,0.0,0,0.0,0,0,0,,,
Nick Bawden,27413,FB,NYJ,7,1,,0,,,0,0,,0,0,0,,,0,0,,0,0,0,,0,0.0,0,0.0,0,0,0,,,,,0,,,0,0,,0,0,0,,,0,0,0.0,0,3,0,100.0,3,0.0,0,0.0,0,0,0,,,0.0,,0,,,0,0,,0,0,0,,,0,0,0.0,0,1,0,100.0,1,0.0,0,0.0,0,0,0,,,0.0,10.0,0,100.0,,0,0,0.0,0,1,0,64.7,79.1,0,20,25.0,1,4,1,75.0,3,118.8,1,100.0,0,20,10,10.0,20.0,6.67,,0,,,0,0,,0,0,0,,,0,0,0.0,0,3,0,66.7,2,0.0,0,0.0,0,0,0,,,0.0,0,,0,,,0,0,,0,0,0,,,0,0,,0,0,0,,0,0.0,0,0.0,0,0,0,,,,22,,0,,,0,0,,0,0,0,,,0,0,,0,0,0,,0,0.0,0,0.0,0,0,0,,,,,0,,,0,0,,0,0,0,,,0,0,100.0,1,1,0,0.0,0,0.0,0,0.0,0,0,0,,,,,0,,,0,0,,0,0,0,,,0,0,100.0,1,1,0,0.0,0,0.0,0,0.0,0,0,0,,,,,0,,,0,0,,0,0,0,,,0,0,33.3,1,3,0,66.7,2,0.0,0,0.0,0,0,0,,,0.0,10.0,0,100.0,,0,0,0.0,0,1,0,64.7,79.1,0,20,0.0,0,1,1,100.0,1,118.8,1,100.0,0,20,10,10.0,20.0,20.0,0,,0,,,0,0,,0,0,0,,,0,0,,0,0,0,,0,0.0,0,0.0,0,0,0,,,,,,,0,,,0,0,,0,0,0,0,0,,0,0,0,,0,0.0,0,0.0,0,0,0,,,,,0,,,0,0,,0,0,0,,,0,0,100.0,1,1,0,0.0,0,0.0,0,0.0,0,0,0,,,,,0,,,0,0,,0,0,0,,,0,0,0.0,0,1,0,100.0,1,0.0,0,0.0,0,0,0,,,0.0,,0,,,0,0,,0,0,0,,,0,0,,0,0,0,,0,0.0,0,0.0,0,0,0,,,
Nick Bellore,6515,FB,SEA,6,1,,0,,,0,0,,0,0,0,,,0,0,,0,0,0,,0,0.0,0,0.0,0,0,0,,,,,0,,,0,0,,0,0,0,,,0,0,,0,0,0,,0,0.0,0,0.0,0,0,0,,,,,0,,,0,0,,0,0,0,,,0,0,,0,0,0,,0,0.0,0,0.0,0,0,0,,,,,0,,,0,0,,0,0,0,,,0,0,0.0,0,1,0,100.0,1,0.0,0,0.0,0,0,0,,,0.0,,0,,,0,0,,0,0,0,,,0,0,0.0,0,2,0,100.0,2,0.0,0,0.0,0,0,0,,,0.0,0,,0,,,0,0,,0,0,0,,,0,0,,0,0,0,,0,0.0,0,0.0,0,0,0,,,,29,,0,,,0,0,,0,0,0,,,0,0,,0,0,0,,0,0.0,0,0.0,0,0,0,,,,,0,,,0,0,,0,0,0,,,0,0,,0,0,0,,0,0.0,0,0.0,0,0,0,,,,,0,,,0,0,,0,0,0,,,0,0,0.0,0,1,0,100.0,1,0.0,0,0.0,0,0,0,,,0.0,,0,,,0,0,,0,0,0,,,0,0,100.0,1,1,0,0.0,0,0.0,0,0.0,0,0,0,,,,,0,,,0,0,,0,0,0,,,0,0,,0,0,0,,0,0.0,0,0.0,0,0,0,,,,0,,0,,,0,0,,0,0,0,,,0,0,,0,0,0,,0,0.0,0,0.0,0,0,0,,,,,,,0,,,0,0,,0,0,0,0,0,,0,0,0,,0,0.0,0,0.0,0,0,0,,,,,0,,,0,0,,0,0,0,,,0,0,,0,0,0,,0,0.0,0,0.0,0,0,0,,,,1.0,0,100.0,,0,0,0.0,0,0,0,64.7,65.4,0,4,0.0,0,1,1,100.0,1,83.3,1,100.0,0,4,3,3.0,4.0,4.0,1.0,0,100.0,,0,0,0.0,0,0,0,64.7,65.4,0,4,0.0,0,1,1,100.0,1,83.3,1,100.0,0,4,3,3.0,4.0,4.0
Devine Ozigbo,45903,HB,NE,2,1,,0,,,0,0,,0,0,0,,,0,0,,0,0,0,,0,0.0,0,0.0,0,0,0,,,,,0,,,0,0,,0,0,0,,,0,0,,0,0,0,,0,0.0,0,0.0,0,0,0,,,,,0,,,0,0,,0,0,0,,,0,0,,0,0,0,,0,0.0,0,0.0,0,0,0,,,,,0,,,0,0,,0,0,0,,,0,0,0.0,0,1,0,100.0,1,0.0,0,0.0,0,0,0,,,0.0,,0,,,0,0,,0,0,0,,,0,0,0.0,0,3,0,100.0,3,0.0,0,0.0,0,0,0,,,0.0,0,,0,,,0,0,,0,0,0,,,0,0,,0,0,0,,0,0.0,0,0.0,0,0,0,,,,19,,0,,,0,0,,0,0,0,,,0,0,,0,0,0,,0,0.0,0,0.0,0,0,0,,,,,0,,,0,0,,0,0,0,,,0,0,,0,0,0,,0,0.0,0,0.0,0,0,0,,,,,0,,,0,0,,0,0,0,,,0,0,0.0,0,3,0,100.0,3,0.0,0,0.0,0,0,0,,,0.0,2.0,0,100.0,,0,0,0.0,0,1,0,64.7,81.2,0,7,0.0,0,1,1,100.0,1,95.8,1,100.0,0,7,5,5.0,7.0,7.0,,0,,,0,0,,0,0,0,,,0,0,,0,0,0,,0,0.0,0,0.0,0,0,0,,,,0,,0,,,0,0,,0,0,0,,,0,0,,0,0,0,,0,0.0,0,0.0,0,0,0,,,,,,,0,,,0,0,,0,0,0,0,0,,0,0,0,,0,0.0,0,0.0,0,0,0,,,,,0,,,0,0,,0,0,0,,,0,0,,0,0,0,,0,0.0,0,0.0,0,0,0,,,,,0,,,0,0,,0,0,0,,,0,0,100.0,1,1,0,0.0,0,0.0,0,0.0,0,0,0,,,,2.0,0,100.0,,0,0,0.0,0,1,0,64.7,81.2,0,7,0.0,0,1,1,100.0,1,95.8,1,100.0,0,7,5,5.0,7.0,7.0
Bobby Price,91112,CB,DET,3,1,,0,,,0,0,,0,0,0,,,0,0,,0,0,0,,0,0.0,0,0.0,0,0,0,,,,,0,,,0,0,,0,0,0,,,0,0,,0,0,0,,0,0.0,0,0.0,0,0,0,,,,,0,,,0,0,,0,0,0,,,0,0,,0,0,0,,0,0.0,0,0.0,0,0,0,,,,,0,,,0,0,,0,0,0,,,0,0,,0,0,0,,0,0.0,0,0.0,0,0,0,,,,,0,,,0,0,,0,0,0,,,0,0,,0,0,0,,0,0.0,0,0.0,0,0,0,,,,0,,0,,,0,0,,0,0,0,,,0,0,,0,0,0,,0,0.0,0,0.0,0,0,0,,,,11,,0,,,0,0,,0,0,0,,,0,0,,0,0,0,,0,0.0,0,0.0,0,0,0,,,,,0,,,0,0,,0,0,0,,,0,0,,0,0,0,,0,0.0,0,0.0,0,0,0,,,,,0,,,0,0,,0,0,0,,,0,0,0.0,0,1,0,100.0,1,0.0,0,0.0,0,0,0,,,0.0,9.0,0,100.0,,0,0,0.0,0,1,0,64.7,76.9,0,17,0.0,0,1,1,100.0,1,118.8,1,100.0,0,17,8,8.0,17.0,17.0,,0,,,0,0,,0,0,0,,,0,0,,0,0,0,,0,0.0,0,0.0,0,0,0,,,,0,,0,,,0,0,,0,0,0,,,0,0,,0,0,0,,0,0.0,0,0.0,0,0,0,,,,,,,0,,,0,0,,0,0,0,0,0,,0,0,0,,0,0.0,0,0.0,0,0,0,,,,,0,,,0,0,,0,0,0,,,0,0,,0,0,0,,0,0.0,0,0.0,0,0,0,,,,,0,,,0,0,,0,0,0,,,0,0,0.0,0,1,0,100.0,1,0.0,0,0.0,0,0,0,,,0.0,9.0,0,100.0,,0,0,0.0,0,1,0,64.7,76.9,0,17,0.0,0,1,1,100.0,1,118.8,1,100.0,0,17,8,8.0,17.0,17.0
Tevaughn Campbell,91247,CB,LAC,1,1,,0,,,0,0,,0,0,0,,,0,0,,0,0,0,,0,0.0,0,0.0,0,0,0,,,,,0,,,0,0,,0,0,0,,,0,0,,0,0,0,,0,0.0,0,0.0,0,0,0,,,,,0,,,0,0,,0,0,0,,,0,0,,0,0,0,,0,0.0,0,0.0,0,0,0,,,,,0,,,0,0,,0,0,0,,,0,0,,0,0,0,,0,0.0,0,0.0,0,0,0,,,,,0,,,0,0,,0,0,0,,,0,0,,0,0,0,,0,0.0,0,0.0,0,0,0,,,,0,,0,,,0,0,,0,0,0,,,0,0,,0,0,0,,0,0.0,0,0.0,0,0,0,,,,27,,0,,,0,0,,0,0,0,,,0,0,,0,0,0,,0,0.0,0,0.0,0,0,0,,,,,0,,,0,0,,0,0,0,,,0,0,,0,0,0,,0,0.0,0,0.0,0,0,0,,,,10.0,0,0.0,0.0,0,1,,0,0,0,,44.0,0,0,0.0,0,1,0,100.0,1,39.6,1,100.0,0,0,0,,,0.0,,0,,,0,0,,0,0,0,,,0,0,,0,0,0,,0,0.0,0,0.0,0,0,0,,,,10.0,0,0.0,0.0,0,1,,0,0,0,,44.0,0,0,0.0,0,1,0,100.0,1,39.6,1,100.0,0,0,0,,,0.0,0,,0,,,0,0,,0,0,0,,,0,0,,0,0,0,,0,0.0,0,0.0,0,0,0,,,,,,,0,,,0,0,,0,0,0,0,0,,0,0,0,,0,0.0,0,0.0,0,0,0,,,,,0,,,0,0,,0,0,0,,,0,0,,0,0,0,,0,0.0,0,0.0,0,0,0,,,,,0,,,0,0,,0,0,0,,,0,0,,0,0,0,,0,0.0,0,0.0,0,0,0,,,,,0,,,0,0,,0,0,0,,,0,0,,0,0,0,,0,0.0,0,0.0,0,0,0,,,
Ben Ellefson,27766,TE,MIN,5,1,,0,,,0,0,,0,0,0,,,0,0,,0,0,0,,0,0.0,0,0.0,0,0,0,,,,,0,,,0,0,,0,0,0,,,0,0,0.0,0,3,0,100.0,3,0.0,0,0.0,0,0,0,,,0.0,,0,,,0,0,,0,0,0,,,0,0,,0,0,0,,0,0.0,0,0.0,0,0,0,,,,,0,,,0,0,,0,0,0,,,0,0,,0,0,0,,0,0.0,0,0.0,0,0,0,,,,6.0,0,0.0,,0,0,100.0,1,0,0,27.9,28.5,0,0,25.0,1,4,0,75.0,3,39.6,1,100.0,0,0,0,,,0.0,0,,0,,,0,0,,0,0,0,,,0,0,,0,0,0,,0,0.0,0,0.0,0,0,0,,,,18,,0,,,0,0,,0,0,0,,,0,0,50.0,1,2,0,50.0,1,0.0,0,0.0,0,0,0,,,0.0,,0,,,0,0,,0,0,0,,,0,0,,0,0,0,,0,0.0,0,0.0,0,0,0,,,,,0,,,0,0,,0,0,0,,,0,0,100.0,2,2,0,0.0,0,0.0,0,0.0,0,0,0,,,,,0,,,0,0,,0,0,0,,,0,0,25.0,1,4,0,75.0,3,0.0,0,0.0,0,0,0,,,0.0,,0,,,0,0,,0,0,0,,,0,0,,0,0,0,,0,0.0,0,0.0,0,0,0,,,,0,,0,,,0,0,,0,0,0,,,0,0,0.0,0,1,0,100.0,1,0.0,0,0.0,0,0,0,,,0.0,,,,0,,,0,0,,0,0,0,0,0,,0,0,0,,0,0.0,0,0.0,0,0,0,,,,,0,,,0,0,,0,0,0,,,0,0,50.0,1,2,0,50.0,1,0.0,0,0.0,0,0,0,,,0.0,,0,,,0,0,,0,0,0,,,0,0,50.0,1,2,0,50.0,1,0.0,0,0.0,0,0,0,,,0.0,6.0,0,0.0,,0,0,100.0,1,0,0,27.9,28.5,0,0,0.0,0,1,0,100.0,1,39.6,1,100.0,0,0,0,,,0.0
Deon Yelder,29556,TE,TB,1,1,-4.0,0,100.0,,0,0,0.0,0,0,0,64.7,63.1,0,0,0.0,0,1,1,100.0,1,79.2,1,100.0,0,0,4,4.0,0.0,0.0,-4.0,0,100.0,,0,0,0.0,0,0,0,64.7,63.1,0,0,0.0,0,2,1,100.0,2,79.2,1,100.0,0,0,4,4.0,0.0,0.0,,0,,,0,0,,0,0,0,,,0,0,,0,0,0,,0,0.0,0,0.0,0,0,0,,,,,0,,,0,0,,0,0,0,,,0,0,,0,0,0,,0,0.0,0,0.0,0,0,0,,,,,0,,,0,0,,0,0,0,,,0,0,0.0,0,1,0,100.0,1,0.0,0,0.0,0,0,0,,,0.0,0,,0,,,0,0,,0,0,0,,,0,0,,0,0,0,,0,0.0,0,0.0,0,0,0,,,,30,,0,,,0,0,,0,0,0,,,0,0,,0,0,0,,0,0.0,0,0.0,0,0,0,,,,,0,,,0,0,,0,0,0,,,0,0,,0,0,0,,0,0.0,0,0.0,0,0,0,,,,,0,,,0,0,,0,0,0,,,0,0,0.0,0,1,0,100.0,1,0.0,0,0.0,0,0,0,,,0.0,,0,,,0,0,,0,0,0,,,0,0,,0,0,0,,0,0.0,0,0.0,0,0,0,,,,,0,,,0,0,,0,0,0,,,0,0,,0,0,0,,0,0.0,0,0.0,0,0,0,,,,0,,0,,,0,0,,0,0,0,,,0,0,,0,0,0,,0,0.0,0,0.0,0,0,0,,,,,,,0,,,0,0,,0,0,0,0,0,,0,0,0,,0,0.0,0,0.0,0,0,0,,,,,0,,,0,0,,0,0,0,,,0,0,,0,0,0,,0,0.0,0,0.0,0,0,0,,,,,0,,,0,0,,0,0,0,,,0,0,,0,0,0,,0,0.0,0,0.0,0,0,0,,,,,0,,,0,0,,0,0,0,,,0,0,,0,0,0,,0,0.0,0,0.0,0,0,0,,,
Ryan Nall,45753,HB,CHI,4,1,,0,,,0,0,,0,0,0,,,0,0,,0,0,0,,0,0.0,0,0.0,0,0,0,,,,,0,,,0,0,,0,0,0,,,0,0,,0,0,0,,0,0.0,0,0.0,0,0,0,,,,,0,,,0,0,,0,0,0,,,0,0,,0,0,0,,0,0.0,0,0.0,0,0,0,,,,,0,,,0,0,,0,0,0,,,0,0,0.0,0,1,0,100.0,1,0.0,0,0.0,0,0,0,,,0.0,4.0,0,100.0,,0,0,0.0,0,0,0,64.7,65.4,0,4,40.0,2,5,1,60.0,3,83.3,1,100.0,0,4,0,0.0,4.0,1.33,0,,0,,,0,0,,0,0,0,,,0,0,,0,0,0,,0,0.0,0,0.0,0,0,0,,,,6,,0,,,0,0,,0,0,0,,,0,0,,0,0,0,,0,0.0,0,0.0,0,0,0,,,,,0,,,0,0,,0,0,0,,,0,0,,0,0,0,,0,0.0,0,0.0,0,0,0,,,,,0,,,0,0,,0,0,0,,,0,0,,0,0,0,,0,0.0,0,0.0,0,0,0,,,,,0,,,0,0,,0,0,0,,,0,0,0.0,0,1,0,100.0,1,0.0,0,0.0,0,0,0,,,0.0,,0,,,0,0,,0,0,0,,,0,0,,0,0,0,,0,0.0,0,0.0,0,0,0,,,,0,,0,,,0,0,,0,0,0,,,0,0,,0,0,0,,0,0.0,0,0.0,0,0,0,,,,,,,0,,,0,0,,0,0,0,0,0,,0,0,0,,0,0.0,0,0.0,0,0,0,,,,,0,,,0,0,,0,0,0,,,0,0,,0,0,0,,0,0.0,0,0.0,0,0,0,,,,,0,,,0,0,,0,0,0,,,0,0,0.0,0,1,0,100.0,1,0.0,0,0.0,0,0,0,,,0.0,4.0,0,100.0,,0,0,0.0,0,0,0,64.7,65.4,0,4,0.0,0,1,1,100.0,1,83.3,1,100.0,0,4,0,0.0,4.0,4.0
Jason Huntley,45693,HB,PHI,1,1,,0,,,0,0,,0,0,0,,,0,0,,0,0,0,,0,0.0,0,0.0,0,0,0,,,,,0,,,0,0,,0,0,0,,,0,0,0.0,0,1,0,100.0,1,0.0,0,0.0,0,0,0,,,0.0,,0,,,0,0,,0,0,0,,,0,0,,0,0,0,,0,0.0,0,0.0,0,0,0,,,,,0,,,0,0,,0,0,0,,,0,0,,0,0,0,,0,0.0,0,0.0,0,0,0,,,,,0,,,0,0,,0,0,0,,,0,0,0.0,0,3,0,100.0,3,0.0,0,0.0,0,0,0,,,0.0,0,,0,,,0,0,,0,0,0,,,0,0,,0,0,0,,0,0.0,0,0.0,0,0,0,,,,24,,0,,,0,0,,0,0,0,,,0,0,,0,0,0,,0,0.0,0,0.0,0,0,0,,,,,0,,,0,0,,0,0,0,,,0,0,,0,0,0,,0,0.0,0,0.0,0,0,0,,,,,0,,,0,0,,0,0,0,,,0,0,,0,0,0,,0,0.0,0,0.0,0,0,0,,,,,0,,,0,0,,0,0,0,,,0,0,0.0,0,2,0,100.0,2,0.0,0,0.0,0,0,0,,,0.0,,0,,,0,0,,0,0,0,,,0,0,,0,0,0,,0,0.0,0,0.0,0,0,0,,,,0,,0,,,0,0,,0,0,0,,,0,0,,0,0,0,,0,0.0,0,0.0,0,0,0,,,,,,,0,,,0,0,,0,0,0,0,0,,0,0,0,,0,0.0,0,0.0,0,0,0,,,,,0,,,0,0,,0,0,0,,,0,0,0.0,0,1,0,100.0,1,0.0,0,0.0,0,0,0,,,0.0,1.0,0,0.0,,0,0,,0,0,0,,59.7,0,0,25.0,1,4,0,75.0,3,39.6,1,100.0,0,0,0,,,0.0,1.0,0,0.0,,0,0,,0,0,0,,59.7,0,0,0.0,0,1,0,100.0,1,39.6,1,100.0,0,0,0,,,0.0
Stephen Sullivan,40411,TE,CAR,3,1,-1.0,0,0.0,,0,0,100.0,1,0,0,27.9,40.7,0,0,0.0,0,1,0,100.0,1,39.6,1,100.0,0,0,0,,,0.0,,0,,,0,0,,0,0,0,,,0,0,,0,0,0,,0,0.0,0,0.0,0,0,0,,,,,0,,,0,0,,0,0,0,,,0,0,0.0,0,2,0,100.0,2,0.0,0,0.0,0,0,0,,,0.0,,0,,,0,0,,0,0,0,,,0,0,0.0,0,3,0,66.7,2,0.0,0,0.0,0,0,0,,,0.0,,0,,,0,0,,0,0,0,,,0,0,0.0,0,4,0,100.0,4,0.0,0,0.0,0,0,0,,,0.0,0,,0,,,0,0,,0,0,0,,,0,0,,0,0,0,,0,0.0,0,0.0,0,0,0,,,,5,-1.0,0,0.0,,0,0,100.0,1,0,0,27.9,40.7,0,0,0.0,0,2,0,100.0,2,39.6,1,100.0,0,0,0,,,0.0,,0,,,0,0,,0,0,0,,,0,0,0.0,0,1,0,100.0,1,0.0,0,0.0,0,0,0,,,0.0,,0,,,0,0,,0,0,0,,,0,0,,0,0,0,,0,0.0,0,0.0,0,0,0,,,,,0,,,0,0,,0,0,0,,,0,0,0.0,0,2,0,100.0,2,0.0,0,0.0,0,0,0,,,0.0,,0,,,0,0,,0,0,0,,,0,0,,0,0,0,,0,0.0,0,0.0,0,0,0,,,,0,,0,,,0,0,,0,0,0,,,0,0,0.0,0,1,0,100.0,1,0.0,0,0.0,0,0,0,,,0.0,,,,0,,,0,0,,0,0,0,0,0,0.0,0,2,0,100.0,2,0.0,0,0.0,0,0,0,,,0.0,,0,,,0,0,,0,0,0,,,0,0,0.0,0,3,0,100.0,3,0.0,0,0.0,0,0,0,,,0.0,,0,,,0,0,,0,0,0,,,0,0,0.0,0,2,0,100.0,2,0.0,0,0.0,0,0,0,,,0.0,,0,,,0,0,,0,0,0,,,0,0,,0,0,0,,0,0.0,0,0.0,0,0,0,,,
Tommy Doyle,40459,T,BUF,7,1,,0,,,0,0,,0,0,0,,,0,0,,0,0,0,,0,0.0,0,0.0,0,0,0,,,,,0,,,0,0,,0,0,0,,,0,0,50.0,1,2,0,50.0,1,0.0,0,0.0,0,0,0,,,0.0,,0,,,0,0,,0,0,0,,,0,0,,0,0,0,,0,0.0,0,0.0,0,0,0,,,,,0,,,0,0,,0,0,0,,,0,0,100.0,1,1,0,0.0,0,0.0,0,0.0,0,0,0,,,,,0,,,0,0,,0,0,0,,,0,0,100.0,2,2,0,0.0,0,0.0,0,0.0,0,0,0,,,,0,,0,,,0,0,,0,0,0,,,0,0,,0,0,0,,0,0.0,0,0.0,0,0,0,,,,4,,0,,,0,0,,0,0,0,,,0,0,100.0,1,1,0,0.0,0,0.0,0,0.0,0,0,0,,,,,0,,,0,0,,0,0,0,,,0,0,,0,0,0,,0,0.0,0,0.0,0,0,0,,,,,0,,,0,0,,0,0,0,,,0,0,100.0,2,2,0,0.0,0,0.0,0,0.0,0,0,0,,,,6.0,0,100.0,,0,0,0.0,0,1,0,64.7,90.2,0,1,50.0,1,2,1,50.0,1,118.8,1,100.0,1,1,0,0.0,1.0,1.0,,0,,,0,0,,0,0,0,,,0,0,,0,0,0,,0,0.0,0,0.0,0,0,0,,,,0,,0,,,0,0,,0,0,0,,,0,0,0.0,0,1,0,100.0,1,0.0,0,0.0,0,0,0,,,0.0,,,,0,,,0,0,,0,0,0,0,0,100.0,1,1,0,0.0,0,0.0,0,0.0,0,0,0,,,,,0,,,0,0,,0,0,0,,,0,0,,0,0,0,,0,0.0,0,0.0,0,0,0,,,,,0,,,0,0,,0,0,0,,,0,0,,0,0,0,,0,0.0,0,0.0,0,0,0,,,,6.0,0,100.0,,0,0,0.0,0,1,0,64.7,90.2,0,1,0.0,0,1,1,100.0,1,118.8,1,100.0,1,1,0,0.0,1.0,1.0
Tyrie Cleveland,42134,WR,DEN,5,1,,0,,,0,0,,0,0,0,,,0,0,,0,0,0,,0,0.0,0,0.0,0,0,0,,,,,0,,,0,0,,0,0,0,,,0,0,0.0,0,1,0,100.0,1,0.0,0,0.0,0,0,0,,,0.0,,0,,,0,0,,0,0,0,,,0,0,0.0,0,1,0,100.0,1,0.0,0,0.0,0,0,0,,,0.0,,0,,,0,0,,0,0,0,,,0,0,0.0,0,1,0,100.0,1,0.0,0,0.0,0,0,0,,,0.0,6.0,0,0.0,0.0,0,1,,0,0,0,,59.7,0,0,0.0,0,5,0,100.0,5,39.6,1,100.0,0,0,0,,,0.0,0,,0,,,0,0,,0,0,0,,,0,0,,0,0,0,,0,0.0,0,0.0,0,0,0,,,,10,,0,,,0,0,,0,0,0,,,0,0,0.0,0,1,0,100.0,1,0.0,0,0.0,0,0,0,,,0.0,,0,,,0,0,,0,0,0,,,0,0,0.0,0,2,0,100.0,2,0.0,0,0.0,0,0,0,,,0.0,,0,,,0,0,,0,0,0,,,0,0,,0,0,0,,0,0.0,0,0.0,0,0,0,,,,,0,,,0,0,,0,0,0,,,0,0,0.0,0,2,0,100.0,2,0.0,0,0.0,0,0,0,,,0.0,,0,,,0,0,,0,0,0,,,0,0,,0,0,0,,0,0.0,0,0.0,0,0,0,,,,0,,0,,,0,0,,0,0,0,,,0,0,0.0,0,1,0,100.0,1,0.0,0,0.0,0,0,0,,,0.0,,,,0,,,0,0,,0,0,0,0,0,,0,0,0,,0,0.0,0,0.0,0,0,0,,,,,0,,,0,0,,0,0,0,,,0,0,0.0,0,1,0,100.0,1,0.0,0,0.0,0,0,0,,,0.0,,0,,,0,0,,0,0,0,,,0,0,,0,0,0,,0,0.0,0,0.0,0,0,0,,,,6.0,0,0.0,0.0,0,1,,0,0,0,,59.7,0,0,0.0,0,1,0,100.0,1,39.6,1,100.0,0,0,0,,,0.0
Nick Allegretti,39268,G,KC,4,1,,0,,,0,0,,0,0,0,,,0,0,,0,0,0,,0,0.0,0,0.0,0,0,0,,,,,0,,,0,0,,0,0,0,,,0,0,100.0,5,5,0,0.0,0,0.0,0,0.0,0,0,0,,,,,0,,,0,0,,0,0,0,,,0,0,100.0,2,2,0,0.0,0,0.0,0,0.0,0,0,0,,,,,0,,,0,0,,0,0,0,,,0,0,100.0,5,5,0,0.0,0,0.0,0,0.0,0,0,0,,,,1.0,0,100.0,,0,0,0.0,0,1,0,64.7,90.1,0,1,83.3,5,6,1,16.7,1,118.8,1,100.0,1,1,0,0.0,1.0,1.0,0,,0,,,0,0,,0,0,0,,,0,0,,0,0,0,,0,0.0,0,0.0,0,0,0,,,,16,,0,,,0,0,,0,0,0,,,0,0,100.0,3,3,0,0.0,0,0.0,0,0.0,0,0,0,,,,,0,,,0,0,,0,0,0,,,0,0,100.0,2,2,0,0.0,0,0.0,0,0.0,0,0,0,,,,,0,,,0,0,,0,0,0,,,0,0,,0,0,0,,0,0.0,0,0.0,0,0,0,,,,,0,,,0,0,,0,0,0,,,0,0,100.0,7,7,0,0.0,0,0.0,0,0.0,0,0,0,,,,,0,,,0,0,,0,0,0,,,0,0,,0,0,0,,0,0.0,0,0.0,0,0,0,,,,0,,0,,,0,0,,0,0,0,,,0,0,,0,0,0,,0,0.0,0,0.0,0,0,0,,,,,,,0,,,0,0,,0,0,0,0,0,100.0,1,1,0,0.0,0,0.0,0,0.0,0,0,0,,,,,0,,,0,0,,0,0,0,,,0,0,100.0,2,2,0,0.0,0,0.0,0,0.0,0,0,0,,,,,0,,,0,0,,0,0,0,,,0,0,100.0,2,2,0,0.0,0,0.0,0,0.0,0,0,0,,,,1.0,0,100.0,,0,0,0.0,0,1,0,64.7,90.1,0,1,0.0,0,1,1,100.0,1,118.8,1,100.0,1,1,0,0.0,1.0,1.0
Daniel Jones,39395,QB,NYG,11,1,,0,,,0,0,,0,0,0,,,0,0,,0,0,0,,0,0.0,0,0.0,0,0,0,,,,,0,,,0,0,,0,0,0,,,0,0,0.0,0,28,0,0.0,0,0.0,0,0.0,0,0,0,,,,,0,,,0,0,,0,0,0,,,0,0,0.0,0,7,0,14.3,1,0.0,0,0.0,0,0,0,,,0.0,,0,,,0,0,,0,0,0,,,0,0,0.0,0,45,0,0.0,0,0.0,0,0.0,0,0,0,,,,,0,,,0,0,,0,0,0,,,0,0,0.0,0,96,0,0.0,0,0.0,0,0.0,0,0,0,,,,0,,0,,,0,0,,0,0,0,,,0,0,,0,0,0,,0,0.0,0,0.0,0,0,0,,,,21,,0,,,0,0,,0,0,0,,,0,0,0.0,0,10,0,0.0,0,0.0,0,0.0,0,0,0,,,,,0,,,0,0,,0,0,0,,,0,0,0.0,0,5,0,0.0,0,0.0,0,0.0,0,0,0,,,,,0,,,0,0,,0,0,0,,,0,0,0.0,0,17,0,0.0,0,0.0,0,0.0,0,0,0,,,,,0,,,0,0,,0,0,0,,,0,0,0.0,0,34,0,0.0,0,0.0,0,0.0,0,0,0,,,,15.0,0,100.0,100.0,1,1,0.0,0,1,0,64.7,95.6,0,16,0.0,0,1,1,100.0,1,118.8,1,100.0,0,16,1,1.0,16.0,16.0,0,,0,,,0,0,,0,0,0,,,0,0,6.7,1,15,0,0.0,0,0.0,0,0.0,0,0,0,,,,,,,0,,,0,0,,0,0,0,0,0,0.0,0,16,0,0.0,0,0.0,0,0.0,0,0,0,,,,15.0,0,100.0,100.0,1,1,0.0,0,1,0,64.7,95.6,0,16,0.0,0,30,1,6.7,2,118.8,1,100.0,0,16,1,1.0,16.0,8.0,,0,,,0,0,,0,0,0,,,0,0,0.0,0,62,0,0.0,0,0.0,0,0.0,0,0,0,,,,,0,,,0,0,,0,0,0,,,0,0,,0,0,0,,0,0.0,0,0.0,0,0,0,,,
Eric Tomlinson,9786,TE,BLT,16,1,,0,,,0,0,,0,0,0,,,0,0,,0,0,0,,0,0.0,0,0.0,0,0,0,,,,,0,,,0,0,,0,0,0,,,0,0,0.0,0,2,0,100.0,2,0.0,0,0.0,0,0,0,,,0.0,,0,,,0,0,,0,0,0,,,0,0,33.3,1,3,0,66.7,2,0.0,0,0.0,0,0,0,,,0.0,,0,,,0,0,,0,0,0,,,0,0,70.0,7,10,0,30.0,3,0.0,0,0.0,0,0,0,,,0.0,,0,,,0,0,,0,0,0,,,0,0,7.1,1,14,0,92.9,13,0.0,0,0.0,0,0,0,,,0.0,0,,0,,,0,0,,0,0,0,,,0,0,,0,0,0,,0,0.0,0,0.0,0,0,0,,,,3,,0,,,0,0,,0,0,0,,,0,0,28.6,2,7,0,71.4,5,0.0,0,0.0,0,0,0,,,0.0,,0,,,0,0,,0,0,0,,,0,0,0.0,0,2,0,100.0,2,0.0,0,0.0,0,0,0,,,0.0,,0,,,0,0,,0,0,0,,,0,0,20.0,1,5,0,80.0,4,0.0,0,0.0,0,0,0,,,0.0,,0,,,0,0,,0,0,0,,,0,0,33.3,3,9,0,66.7,6,0.0,0,0.0,0,0,0,,,0.0,,0,,,0,0,,0,0,0,,,0,0,,0,0,0,,0,0.0,0,0.0,0,0,0,,,,0,,0,,,0,0,,0,0,0,,,0,0,0.0,0,1,0,100.0,1,0.0,0,0.0,0,0,0,,,0.0,,,,0,,,0,0,,0,0,0,0,0,66.7,4,6,0,33.3,2,0.0,0,0.0,0,0,0,,,0.0,,0,,,0,0,,0,0,0,,,0,0,28.6,2,7,0,71.4,5,0.0,0,0.0,0,0,0,,,0.0,3.0,0,100.0,,0,0,0.0,0,0,0,64.7,62.6,0,7,40.0,2,5,1,60.0,3,95.8,1,100.0,0,7,4,4.0,7.0,2.33,3.0,0,100.0,,0,0,0.0,0,0,0,64.7,62.6,0,7,0.0,0,1,1,100.0,1,95.8,1,100.0,0,7,4,4.0,7.0,7.0
Terence Steele,39461,T,DAL,15,1,,0,,,0,0,,0,0,0,,,0,0,,0,0,0,,0,0.0,0,0.0,0,0,0,,,,,0,,,0,0,,0,0,0,,,0,0,100.0,26,26,0,0.0,0,0.0,0,0.0,0,0,0,,,,,0,,,0,0,,0,0,0,,,0,0,100.0,19,19,0,0.0,0,0.0,0,0.0,0,0,0,,,,,0,,,0,0,,0,0,0,,,0,0,100.0,47,47,0,0.0,0,0.0,0,0.0,0,0,0,,,,5.0,0,100.0,,0,0,0.0,0,1,0,64.7,90.5,0,1,99.2,123,124,1,0.8,1,118.8,1,100.0,1,1,0,0.0,1.0,1.0,0,,0,,,0,0,,0,0,0,,,0,0,,0,0,0,,0,0.0,0,0.0,0,0,0,,,,9,,0,,,0,0,,0,0,0,,,0,0,100.0,27,27,0,0.0,0,0.0,0,0.0,0,0,0,,,,,0,,,0,0,,0,0,0,,,0,0,100.0,18,18,0,0.0,0,0.0,0,0.0,0,0,0,,,,,0,,,0,0,,0,0,0,,,0,0,96.2,25,26,0,3.8,1,0.0,0,0.0,0,0,0,,,0.0,,0,,,0,0,,0,0,0,,,0,0,100.0,50,50,0,0.0,0,0.0,0,0.0,0,0,0,,,,,0,,,0,0,,0,0,0,,,0,0,,0,0,0,,0,0.0,0,0.0,0,0,0,,,,0,,0,,,0,0,,0,0,0,,,0,0,92.9,13,14,0,7.1,1,0.0,0,0.0,0,0,0,,,0.0,,,,0,,,0,0,,0,0,0,0,0,96.7,29,30,0,3.3,1,0.0,0,0.0,0,0,0,,,0.0,,0,,,0,0,,0,0,0,,,0,0,100.0,26,26,0,0.0,0,0.0,0,0.0,0,0,0,,,,,0,,,0,0,,0,0,0,,,0,0,100.0,53,53,0,0.0,0,0.0,0,0.0,0,0,0,,,,5.0,0,100.0,,0,0,0.0,0,1,0,64.7,90.5,0,1,0.0,0,1,1,100.0,1,118.8,1,100.0,1,1,0,0.0,1.0,1.0
Taylor Heinicke,9896,QB,WAS,16,1,-3.0,0,100.0,,0,0,0.0,0,0,0,,,0,-2,0.0,0,1,1,0.0,0,79.2,1,100.0,0,-2,1,1.0,-2.0,,-3.0,0,100.0,,0,0,0.0,0,0,0,,,0,-2,0.0,0,50,1,0.0,0,79.2,1,100.0,0,-2,1,1.0,-2.0,,,0,,,0,0,,0,0,0,,,0,0,0.0,0,24,0,0.0,0,0.0,0,0.0,0,0,0,,,,,0,,,0,0,,0,0,0,,,0,0,0.0,0,46,0,0.0,0,0.0,0,0.0,0,0,0,,,,,0,,,0,0,,0,0,0,,,0,0,0.0,0,136,0,0.0,0,0.0,0,0.0,0,0,0,,,,0,,0,,,0,0,,0,0,0,,,0,0,,0,0,0,,0,0.0,0,0.0,0,0,0,,,,32,,0,,,0,0,,0,0,0,,,0,0,0.0,0,17,0,0.0,0,0.0,0,0.0,0,0,0,,,,,0,,,0,0,,0,0,0,,,0,0,0.0,0,22,0,0.0,0,0.0,0,0.0,0,0,0,,,,,0,,,0,0,,0,0,0,,,0,0,0.0,0,20,0,0.0,0,0.0,0,0.0,0,0,0,,,,,0,,,0,0,,0,0,0,,,0,0,0.0,0,35,0,0.0,0,0.0,0,0.0,0,0,0,,,,,0,,,0,0,,0,0,0,,,0,0,,0,0,0,,0,0.0,0,0.0,0,0,0,,,,0,,0,,,0,0,,0,0,0,,,0,0,0.0,0,29,0,0.0,0,0.0,0,0.0,0,0,0,,,,,,,0,,,0,0,,0,0,0,0,0,0.0,0,27,0,0.0,0,0.0,0,0.0,0,0,0,,,,,0,,,0,0,,0,0,0,,,0,0,0.0,0,41,0,0.0,0,0.0,0,0.0,0,0,0,,,,,0,,,0,0,,0,0,0,,,0,0,0.0,0,52,0,0.0,0,0.0,0,0.0,0,0,0,,,,,0,,,0,0,,0,0,0,,,0,0,,0,0,0,,0,0.0,0,0.0,0,0,0,,,
Andrew Thomas,59701,T,NYG,13,1,,0,,,0,0,,0,0,0,,,0,0,,0,0,0,,0,0.0,0,0.0,0,0,0,,,,,0,,,0,0,,0,0,0,,,0,0,100.0,40,40,0,0.0,0,0.0,0,0.0,0,0,0,,,,,0,,,0,0,,0,0,0,,,0,0,100.0,8,8,0,0.0,0,0.0,0,0.0,0,0,0,,,,,0,,,0,0,,0,0,0,,,0,0,100.0,59,59,0,0.0,0,0.0,0,0.0,0,0,0,,,,6.0,0,100.0,,0,0,0.0,0,1,0,64.7,90.4,0,2,99.1,114,115,1,0.9,1,118.8,1,100.0,1,2,0,0.0,2.0,2.0,0,,0,,,0,0,,0,0,0,,,0,0,,0,0,0,,0,0.0,0,0.0,0,0,0,,,,21,,0,,,0,0,,0,0,0,,,0,0,100.0,13,13,0,0.0,0,0.0,0,0.0,0,0,0,,,,,0,,,0,0,,0,0,0,,,0,0,100.0,12,12,0,0.0,0,0.0,0,0.0,0,0,0,,,,,0,,,0,0,,0,0,0,,,0,0,100.0,21,21,0,0.0,0,0.0,0,0.0,0,0,0,,,,,0,,,0,0,,0,0,0,,,0,0,100.0,43,43,0,0.0,0,0.0,0,0.0,0,0,0,,,,,0,,,0,0,,0,0,0,,,0,0,,0,0,0,,0,0.0,0,0.0,0,0,0,,,,0,,0,,,0,0,,0,0,0,,,0,0,100.0,14,14,0,0.0,0,0.0,0,0.0,0,0,0,,,,,,,0,,,0,0,,0,0,0,0,0,100.0,18,18,0,0.0,0,0.0,0,0.0,0,0,0,,,,,0,,,0,0,,0,0,0,,,0,0,100.0,23,23,0,0.0,0,0.0,0,0.0,0,0,0,,,,,0,,,0,0,,0,0,0,,,0,0,100.0,54,54,0,0.0,0,0.0,0,0.0,0,0,0,,,,6.0,0,100.0,,0,0,0.0,0,1,0,64.7,90.4,0,2,0.0,0,1,1,100.0,1,118.8,1,100.0,1,2,0,0.0,2.0,2.0
Anthony McFarland Jr.,57289,HB,PIT,2,1,,0,,,0,0,,0,0,0,,,0,0,,0,0,0,,0,0.0,0,0.0,0,0,0,,,,,0,,,0,0,,0,0,0,,,0,0,,0,0,0,,0,0.0,0,0.0,0,0,0,,,,,0,,,0,0,,0,0,0,,,0,0,,0,0,0,,0,0.0,0,0.0,0,0,0,,,,,0,,,0,0,,0,0,0,,,0,0,0.0,0,1,0,100.0,1,0.0,0,0.0,0,0,0,,,0.0,,0,,,0,0,,0,0,0,,,0,0,0.0,0,4,0,50.0,2,0.0,0,0.0,0,0,0,,,0.0,0,,0,,,0,0,,0,0,0,,,0,0,,0,0,0,,0,0.0,0,0.0,0,0,0,,,,25,,0,,,0,0,,0,0,0,,,0,0,,0,0,0,,0,0.0,0,0.0,0,0,0,,,,,0,,,0,0,,0,0,0,,,0,0,,0,0,0,,0,0.0,0,0.0,0,0,0,,,,,0,,,0,0,,0,0,0,,,0,0,,0,0,0,,0,0.0,0,0.0,0,0,0,,,,0.0,0,100.0,,0,0,0.0,0,1,0,64.7,65.2,0,11,0.0,0,3,1,100.0,3,112.5,1,100.0,0,11,11,11.0,11.0,3.67,,0,,,0,0,,0,0,0,,,0,0,,0,0,0,,0,0.0,0,0.0,0,0,0,,,,0,,0,,,0,0,,0,0,0,,,0,0,,0,0,0,,0,0.0,0,0.0,0,0,0,,,,,,,0,,,0,0,,0,0,0,0,0,0.0,0,1,0,100.0,1,0.0,0,0.0,0,0,0,,,0.0,,0,,,0,0,,0,0,0,,,0,0,0.0,0,1,0,100.0,1,0.0,0,0.0,0,0,0,,,0.0,,0,,,0,0,,0,0,0,,,0,0,0.0,0,1,0,100.0,1,0.0,0,0.0,0,0,0,,,0.0,0.0,0,100.0,,0,0,0.0,0,1,0,64.7,65.2,0,11,0.0,0,1,1,100.0,1,112.5,1,100.0,0,11,11,11.0,11.0,11.0
Gary Brightwell,57133,HB,NYG,3,1,,0,,,0,0,,0,0,0,,,0,0,,0,0,0,,0,0.0,0,0.0,0,0,0,,,,,0,,,0,0,,0,0,0,,,0,0,,0,0,0,,0,0.0,0,0.0,0,0,0,,,,,0,,,0,0,,0,0,0,,,0,0,,0,0,0,,0,0.0,0,0.0,0,0,0,,,,,0,,,0,0,,0,0,0,,,0,0,0.0,0,1,0,100.0,1,0.0,0,0.0,0,0,0,,,0.0,0.0,0,100.0,,0,0,0.0,0,0,0,64.7,65.4,0,6,0.0,0,2,1,100.0,2,91.7,1,100.0,0,6,6,6.0,6.0,3.0,0,,0,,,0,0,,0,0,0,,,0,0,,0,0,0,,0,0.0,0,0.0,0,0,0,,,,21,,0,,,0,0,,0,0,0,,,0,0,,0,0,0,,0,0.0,0,0.0,0,0,0,,,,,0,,,0,0,,0,0,0,,,0,0,,0,0,0,,0,0.0,0,0.0,0,0,0,,,,,0,,,0,0,,0,0,0,,,0,0,,0,0,0,,0,0.0,0,0.0,0,0,0,,,,,0,,,0,0,,0,0,0,,,0,0,0.0,0,3,0,100.0,3,0.0,0,0.0,0,0,0,,,0.0,,0,,,0,0,,0,0,0,,,0,0,,0,0,0,,0,0.0,0,0.0,0,0,0,,,,0,,0,,,0,0,,0,0,0,,,0,0,,0,0,0,,0,0.0,0,0.0,0,0,0,,,,,,,0,,,0,0,,0,0,0,0,0,,0,0,0,,0,0.0,0,0.0,0,0,0,,,,,0,,,0,0,,0,0,0,,,0,0,50.0,1,2,0,50.0,1,0.0,0,0.0,0,0,0,,,0.0,,0,,,0,0,,0,0,0,,,0,0,,0,0,0,,0,0.0,0,0.0,0,0,0,,,,0.0,0,100.0,,0,0,0.0,0,0,0,64.7,65.4,0,6,0.0,0,1,1,100.0,1,91.7,1,100.0,0,6,6,6.0,6.0,6.0
