player,player_id,position,team_name,player_game_count,assists,avg_depth_of_tackle,declined_penalties,forced_fumbles,franchise_id,grades_coverage_defense,grades_defense,grades_defense_penalty,grades_pass_rush_defense,grades_run_defense,grades_tackle,missed_tackle_rate,missed_tackles,penalties,run_stop_opp,snap_counts_run,stop_percent,stops,tackles
Julius Peppers,1010,ED,CAR,16,4,1.1,1,0,5,72.0,75.8,65.2,66.7,73.4,80.3,0.0,0,2,146,151,4.8,7,9
Terrell Suggs,1326,ED,BLT,17,8,1.2,1,0,3,55.8,69.5,50.5,73.0,63.3,44.3,14.3,4,4,241,250,5.4,13,16
Mike Adams,1972,S,CAR,16,8,6.2,0,0,5,42.1,49.2,66.2,67.3,61.8,82.2,4.9,2,1,327,340,4.3,14,31
Adam Jones,2223,CB,DEN,6,0,21.5,0,0,10,62.8,64.2,81.3,,68.0,44.0,0.0,0,1,46,46,2.2,1,2
Thomas Davis Sr.,2231,LB,CAR,12,11,3.8,0,0,5,74.4,73.9,86.0,74.0,62.9,66.9,10.3,4,0,244,252,6.1,15,24
Derrick Johnson,2232,LB,OAK,6,1,5.0,0,0,23,68.6,65.2,79.6,46.7,60.1,42.6,20.0,2,0,51,51,3.9,2,7
Darren Sproles,2347,HB,PHI,1,0,,0,0,24,60.7,73.1,60.0,,60.0,,,0,0,1,1,0.0,0,0
Lorenzo Alexander,2476,LB,BUF,16,9,3.4,0,1,4,79.8,86.6,88.2,70.5,82.5,82.5,2.5,1,0,251,257,8.0,20,30
Haloti Ngata,2957,DI,PHI,15,6,0.8,0,1,24,58.2,69.4,85.4,56.8,73.5,46.3,10.0,2,0,174,179,5.7,10,12
Johnathan Joseph,2969,CB,HST,15,2,2.5,0,0,13,81.1,80.8,87.5,55.3,69.6,35.9,27.3,3,1,298,311,1.7,5,6
Frostee Rucker,3036,ED,OAK,15,5,2.1,0,0,23,65.4,62.0,90.3,48.9,65.1,34.9,20.5,9,0,298,312,7.4,22,30
Domata Peko Sr.,3068,DI,DEN,16,9,2.5,0,0,10,86.3,70.8,15.9,59.0,75.7,43.3,12.5,4,7,254,262,6.3,16,19
Kyle Williams,3079,DI,BUF,16,6,2.0,0,0,4,62.8,70.6,64.8,65.5,69.2,56.8,9.5,2,2,232,240,3.9,9,13
Antoine Bethea,3152,S,ARZ,16,11,9.0,0,0,1,73.5,64.2,38.7,61.3,52.0,62.7,15.6,12,4,484,499,3.7,18,54
Tom Johnson,3378,DI,MIN,14,3,3.3,0,0,18,73.3,61.3,68.0,61.3,53.6,76.5,0.0,0,1,123,129,4.9,6,13
Tramon Williams,3558,S,GB,16,2,12.6,0,0,12,62.6,63.3,88.7,50.3,63.3,66.5,26.3,5,1,413,425,0.0,0,12
Brent Grimes,3589,CB,TB,13,4,10.6,1,1,30,61.0,61.3,86.6,60.0,58.1,71.9,14.3,3,3,328,341,0.3,1,14
Leon Hall,3634,CB,OAK,10,2,5.6,0,0,23,57.1,63.3,83.1,57.8,83.4,62.8,0.0,0,0,137,144,1.5,2,7
Reggie Nelson,3637,S,OAK,11,2,9.1,0,1,23,63.4,63.2,83.3,55.4,60.4,55.5,26.7,4,0,135,141,2.2,3,9
Eric Weddle,3653,S,BLT,17,4,6.6,1,0,3,78.6,82.3,90.0,70.9,86.3,84.9,4.9,2,1,354,369,4.8,17,35
Brandon Mebane,3701,DI,LAC,13,14,2.7,0,0,27,68.2,61.8,61.0,56.4,62.4,67.2,2.7,1,2,212,221,6.1,13,22
Corey Graham,3784,S,PHI,15,9,10.8,0,0,24,64.5,65.9,85.8,55.0,67.9,73.5,13.8,4,2,228,235,0.9,2,16
Chris Long,4316,ED,PHI,18,5,3.4,0,0,24,51.6,75.4,79.6,71.4,69.5,52.6,6.7,1,1,168,173,3.0,5,9
Dominique Rodgers-Cromartie,4330,CB,OAK,5,0,5.3,0,0,23,75.1,67.0,80.2,,39.2,29.3,50.0,3,1,69,75,1.4,1,3
Aqib Talib,4334,CB,LA,10,0,7.4,1,0,26,77.5,77.7,84.6,,69.7,89.3,0.0,0,2,184,193,1.1,2,5
Calais Campbell,4364,ED,JAX,16,10,0.8,0,1,15,74.8,90.9,56.6,70.4,93.6,67.8,5.0,3,5,302,312,14.6,44,47
William Hayes,4417,ED,MIA,3,0,0.0,0,0,17,,79.8,81.0,67.9,79.1,74.0,0.0,0,0,17,17,11.8,2,2
Brandon Carr,4454,CB,BLT,17,2,8.7,1,0,3,71.9,70.8,65.8,52.2,66.0,68.5,10.0,1,5,289,302,1.0,3,7
Orlando Scandrick,4457,CB,KC,15,2,9.5,3,0,16,70.2,70.0,35.9,,72.2,53.1,11.1,1,11,191,198,0.5,1,6
Wesley Woodyard,4583,LB,TEN,13,21,3.6,0,0,31,71.1,72.2,86.4,58.9,69.4,84.5,5.9,4,0,247,258,8.5,21,43
Danny Amendola,4717,WR,MIA,1,0,,0,0,17,,60.0,60.0,,60.0,,,0,2,1,1,0.0,0,0
Cameron Wake,4907,ED,MIA,14,5,3.1,0,0,17,54.3,81.7,66.7,81.3,70.0,70.7,4.2,1,2,191,198,6.8,13,18
Brian Orakpo,4936,ED,TEN,13,4,1.7,0,0,31,77.7,68.2,89.3,63.4,58.0,29.0,27.8,5,0,204,209,3.4,7,9
Malcolm Jenkins,4937,S,PHI,18,6,4.7,0,1,24,85.5,79.6,86.6,57.2,66.6,66.8,8.9,4,1,345,356,5.5,19,35
Vontae Davis,4948,CB,BUF,1,0,,0,0,4,62.3,59.4,74.7,,51.3,72.8,,0,0,12,12,0.0,0,0
Clay Matthews,4949,ED,GB,16,2,2.4,0,2,12,64.0,65.3,65.9,62.7,64.3,36.6,25.0,8,4,295,301,6.1,18,22
Ziggy Hood,4955,DI,MIA,11,1,0.9,0,0,17,60.0,59.2,83.8,65.8,57.2,52.6,0.0,0,0,92,96,6.5,6,7
Patrick Chung,4957,S,NE,17,14,7.1,0,0,19,76.2,71.4,70.8,61.6,59.3,83.4,2.8,1,3,299,307,4.0,12,21
Connor Barwin,4969,ED,NYG,14,6,4.4,0,0,21,74.0,47.8,68.5,57.0,35.5,57.7,8.3,1,1,111,113,0.9,1,5
Mike Mitchell,4970,S,IND,8,1,7.5,0,0,14,77.9,81.1,83.4,54.0,72.4,62.5,17.6,3,0,72,75,6.9,5,13
Michael Johnson,4993,ED,CIN,15,9,3.9,0,0,7,63.6,57.5,76.7,47.3,64.8,35.3,16.2,6,1,229,233,5.7,13,22
Glover Quin,5035,S,DET,16,7,7.8,1,0,11,63.4,66.1,59.8,61.8,70.5,60.8,16.7,7,2,334,342,3.3,11,28
Jason McCourty,5127,CB,NE,17,2,7.0,1,0,19,80.2,79.4,88.0,51.5,67.6,82.4,8.3,1,1,269,278,1.1,3,9
Captain Munnerlyn,5140,CB,CAR,16,1,5.8,2,0,5,60.3,61.6,57.8,65.1,65.1,76.2,14.3,1,4,172,178,1.2,2,5
Ricky Jean Francois,5168,DI,DET,16,9,2.9,1,0,11,62.7,66.4,69.0,55.7,69.6,62.7,3.2,1,1,187,193,8.0,15,21
Clinton McDonald,5173,DI,OAK,15,14,2.8,0,0,23,65.8,64.4,87.5,53.3,65.3,66.4,3.4,1,0,194,202,6.2,12,14
Steve McLendon,5232,DI,NYJ,16,7,2.8,1,0,22,66.8,75.7,43.6,62.2,79.0,62.7,6.5,2,3,226,237,6.6,15,22
Michael Bennett,5273,ED,PHI,18,4,0.8,2,0,24,61.7,75.8,41.3,74.9,70.6,43.9,16.7,5,7,205,211,8.3,17,21
Ramon Humber,5310,LB,NE,7,1,9.5,0,0,19,58.6,54.5,76.5,51.8,54.7,29.3,25.0,1,0,23,23,4.3,1,2
Ndamukong Suh,5527,DI,LA,18,15,3.0,1,0,26,73.9,80.2,38.2,67.0,84.1,65.7,9.1,5,8,353,363,7.1,25,35
Gerald McCoy,5528,DI,TB,14,0,2.1,1,0,30,64.9,76.7,58.1,66.6,78.1,49.7,20.0,4,4,272,283,4.0,11,16
Eric Berry,5530,S,KC,3,2,5.7,0,0,16,61.7,62.4,82.1,67.9,58.8,75.0,11.1,1,0,92,92,3.3,3,6
Joe Haden,5532,CB,PIT,15,3,5.6,0,1,25,70.9,70.9,87.8,,63.5,46.3,27.8,5,5,307,321,1.0,3,10
Tyson Alualu,5535,DI,PIT,15,2,2.3,0,0,25,65.3,63.2,84.5,55.9,62.4,65.3,10.5,2,0,132,137,10.6,14,15
Brandon Graham,5538,ED,PHI,18,7,1.0,0,0,24,76.6,88.6,78.1,77.8,81.3,62.5,5.6,2,3,243,251,9.5,23,27
Earl Thomas III,5539,S,SEA,4,1,13.2,0,0,29,90.6,91.3,13.0,64.0,71.5,90.4,0.0,0,1,90,93,1.1,1,10
Jason Pierre-Paul,5540,ED,TB,16,8,1.7,3,0,30,68.6,60.1,33.0,58.3,63.7,39.8,14.0,7,8,364,381,7.1,26,35
Derrick Morgan,5541,ED,TEN,13,4,3.9,0,0,31,62.4,61.2,74.9,60.7,58.3,59.0,9.1,2,1,201,210,4.5,9,16
Kareem Jackson,5545,CB,HST,17,4,3.0,0,1,13,74.2,79.2,88.5,64.3,89.9,68.8,7.9,3,6,357,368,5.6,20,31
Devin McCourty,5552,S,NE,18,5,9.8,0,0,19,82.2,79.6,86.8,48.7,73.8,82.0,7.4,2,0,340,348,1.8,6,20
Jerry Hughes,5556,ED,BUF,16,7,0.4,1,0,4,58.2,87.9,47.7,90.4,72.3,47.1,14.3,4,5,236,243,6.4,15,17
Patrick Robinson,5557,CB,NO,3,0,6.0,1,0,20,66.1,66.9,79.6,59.1,67.2,56.0,0.0,0,2,34,35,0.0,0,1
Linval Joseph,5571,DI,MIN,15,14,3.1,0,1,18,71.0,72.2,48.1,64.3,73.4,66.9,2.2,1,4,300,308,7.7,23,31
Carlos Dunlap,5579,ED,CIN,16,5,2.3,2,0,7,63.6,78.2,44.9,67.4,86.5,67.4,5.4,2,6,282,291,6.7,19,30
Sean Lee,5580,LB,DAL,9,9,2.4,0,0,9,53.0,57.8,83.2,59.0,63.8,56.2,8.0,2,0,99,103,11.1,11,14
Golden Tate,5585,WR,PHI,1,0,,0,0,24,,60.0,60.0,,60.0,,,0,2,1,1,0.0,0,0
Morgan Burnett,5596,S,PIT,11,5,7.8,1,0,25,62.8,66.7,82.8,67.2,69.8,83.2,8.3,1,3,107,109,2.8,3,6
Earl Mitchell,5605,DI,SF,13,6,2.9,0,0,28,56.1,62.8,87.3,56.1,63.5,67.0,0.0,0,0,185,192,6.5,12,16
Corey Peters,5607,DI,ARZ,15,8,2.1,0,0,1,70.7,66.0,89.8,51.4,68.7,57.5,4.9,2,0,323,333,7.1,23,31
Everson Griffen,5624,ED,MIN,11,6,3.0,1,0,18,59.9,68.0,38.5,61.4,76.1,61.3,9.4,3,5,237,244,7.6,18,23
Geno Atkins,5643,DI,CIN,16,14,1.8,1,0,7,52.9,81.8,60.0,85.1,70.0,37.9,10.0,4,3,290,299,6.6,19,22
Al Woods,5646,DI,IND,14,7,2.8,1,0,14,51.1,59.1,53.0,62.4,66.9,27.2,19.0,4,2,182,187,3.3,6,10
Kendrick Lewis,5659,S,TEN,6,5,5.9,0,0,31,49.1,53.1,84.4,,66.5,70.8,0.0,0,0,110,111,2.7,3,9
Sherrick McManis,5667,CB,CHI,8,2,4.3,0,0,6,83.2,85.7,84.6,70.0,83.5,80.3,0.0,0,0,48,49,4.2,2,7
Reshad Jones,5686,S,MIA,14,2,9.4,1,0,17,71.7,72.1,61.7,70.2,68.6,67.8,12.8,5,1,349,363,3.4,12,32
Dekoda Watson,5740,ED,SF,4,0,1.5,0,0,28,60.0,69.4,82.1,66.3,62.3,74.0,0.0,0,0,8,8,25.0,2,2
Kurt Coleman,5767,S,NO,17,3,4.5,0,1,20,53.7,55.9,83.1,48.0,63.0,36.2,15.8,3,0,149,152,5.4,8,13
Rafael Bush,5779,CB,BUF,15,7,5.8,0,0,4,59.2,60.9,44.8,66.5,64.0,62.0,18.8,3,1,185,190,2.7,5,6
Kyle Love,5806,DI,CAR,16,5,1.5,0,2,5,61.0,75.8,71.2,64.1,78.2,46.9,10.5,2,1,169,176,6.5,11,12
Vincent Rey,5811,LB,CIN,10,5,4.0,0,0,7,51.2,47.7,77.2,57.3,48.4,58.5,0.0,0,1,98,101,3.1,3,6
Darian Stewart,5820,S,DEN,14,6,9.0,1,0,10,60.8,59.6,61.5,49.1,59.9,38.6,10.0,3,3,343,353,1.2,4,21
Ben Garland,5839,G,ATL,1,0,,0,0,2,,70.7,67.5,60.0,60.0,,,0,2,1,1,0.0,0,0
Tramaine Brock Sr.,5903,CB,DEN,11,0,10.7,1,0,10,60.5,59.5,84.9,,49.6,58.2,40.0,2,2,149,155,0.7,1,3
Barry Church,5924,S,JAX,11,6,3.9,1,0,15,40.1,49.9,27.5,64.9,75.9,66.6,10.0,3,4,260,265,5.0,13,21
Sam Shields,5943,CB,LA,12,0,4.3,1,0,26,57.1,60.6,84.9,,80.1,42.4,0.0,0,2,73,74,2.7,2,6
Frank Zombo,5945,ED,KC,4,0,,0,0,16,60.0,55.9,77.2,58.2,54.3,,,0,0,16,16,0.0,0,0
Anthony Levine,6013,S,BLT,13,0,2.8,0,0,3,76.4,62.8,85.4,53.2,28.7,51.2,16.7,1,1,40,41,10.0,4,5
Marcus Sherels,6017,CB,MIN,3,0,,0,0,18,58.6,60.4,73.5,,63.2,23.2,,0,0,13,14,0.0,0,0
Albert McClellan,6022,LB,NE,3,1,4.0,0,0,19,59.5,51.7,99.9,50.9,53.1,49.3,0.0,0,0,14,14,7.1,1,1
Andrew Sendejo,6118,S,MIN,5,2,5.8,0,0,18,70.7,70.4,31.1,56.2,65.7,61.3,23.1,3,2,110,116,2.7,3,8
Von Miller,6154,ED,DEN,16,10,2.4,0,1,10,84.4,90.3,35.4,90.0,80.2,64.4,16.1,5,7,304,312,3.9,12,16
Marcell Dareus,6155,DI,JAX,15,4,1.7,0,0,15,62.9,78.5,88.0,59.5,80.7,48.3,11.4,4,0,260,266,7.3,19,27
Patrick Peterson,6157,CB,ARZ,16,1,7.1,1,0,1,83.7,82.5,50.9,72.1,71.9,65.8,15.4,4,3,481,496,1.5,7,21
Julio Jones,6158,WR,ATL,2,0,,0,0,2,60.8,61.2,66.7,,60.0,,,0,1,2,2,0.0,0,0
J.J. Watt,6163,ED,HST,17,6,0.5,0,1,13,69.6,90.5,30.7,89.7,87.9,50.7,14.3,7,9,334,348,10.2,34,36
Robert Quinn,6166,ED,MIA,16,4,1.7,1,0,17,75.3,69.4,49.9,73.2,55.9,29.1,20.0,6,4,252,259,6.3,16,20
Ryan Kerrigan,6168,ED,WAS,16,9,1.8,0,0,32,63.5,75.9,83.7,70.2,71.7,85.0,0.0,0,1,305,309,3.6,11,15
Corey Liuget,6170,DI,LAC,6,0,0.2,0,0,27,59.5,69.9,26.2,61.9,79.7,74.1,0.0,0,2,61,63,13.1,8,9
Prince Amukamara,6171,CB,CHI,16,3,7.6,2,1,6,77.1,81.0,89.9,,90.5,78.4,6.7,1,9,292,298,0.7,2,11
Adrian Clayborn,6172,ED,NE,15,0,1.6,0,1,19,66.7,69.4,73.5,64.1,70.3,30.7,37.5,3,1,44,45,9.1,4,5
Cameron Jordan,6176,ED,NO,18,8,1.3,1,0,20,64.6,89.9,81.3,82.1,86.6,75.4,2.3,1,2,304,312,8.9,27,34
Jimmy Smith,6179,CB,BLT,13,0,5.4,1,0,3,62.6,61.2,29.9,39.0,62.6,65.3,18.2,2,5,233,242,1.7,4,9
Muhammad Wilkerson,6182,DI,GB,3,1,2.5,0,0,12,61.6,76.5,34.0,66.2,76.4,71.4,0.0,0,1,38,41,2.6,1,2
Cameron Heyward,6183,DI,PIT,16,9,2.8,1,0,25,67.5,84.4,68.5,76.6,77.5,70.0,2.8,1,2,280,293,6.4,18,26
Jabaal Sheard,6189,ED,IND,18,5,1.3,1,0,14,63.1,70.0,59.3,63.3,73.4,53.3,13.9,5,6,310,320,6.8,21,26
Bruce Carter,6192,LB,ATL,7,1,3.2,0,0,2,61.2,55.5,76.9,53.6,51.6,68.7,22.2,2,0,31,32,12.9,4,6
Jarvis Jenkins,6193,DI,KC,12,0,1.6,0,0,16,59.5,50.4,83.3,48.2,56.2,26.9,28.6,2,0,70,73,5.7,4,5
Brooks Reed,6194,ED,ATL,16,6,2.0,0,0,2,41.7,65.8,76.9,61.2,71.0,29.5,19.0,4,1,184,190,5.4,10,11
Marcus Gilchrist,6202,S,OAK,16,6,12.3,0,0,23,53.5,54.4,86.3,49.8,56.3,69.6,23.1,6,0,363,381,1.1,4,14
Randall Cobb,6216,WR,GB,1,0,,1,0,12,,60.0,60.0,,60.0,,,0,1,1,1,0.0,0,0
Terrell McClain,6217,DI,ATL,13,5,2.5,0,0,2,52.6,51.1,85.9,51.3,54.6,53.4,5.3,1,0,156,161,7.1,11,13
Kelvin Sheppard,6220,LB,DET,1,0,10.0,0,0,11,61.9,55.8,71.5,,54.7,69.9,0.0,0,0,8,8,0.0,0,1
Justin Houston,6222,ED,KC,14,4,2.5,0,0,16,64.1,85.8,89.7,89.1,65.2,59.3,11.1,3,0,304,310,4.9,15,20
Jurrell Casey,6229,DI,TEN,15,12,2.1,1,0,31,71.5,85.4,31.4,67.0,90.6,48.3,7.5,4,5,273,278,10.3,28,37
Mason Foster,6236,LB,WAS,16,22,4.4,0,0,32,56.8,57.3,84.1,55.0,58.3,82.6,4.2,3,0,382,388,6.8,26,46
Allen Bailey,6238,DI,KC,18,13,1.8,0,2,16,62.9,62.7,89.6,58.5,60.8,39.8,16.3,8,0,307,313,7.5,23,28
Shareece Wright,6241,CB,HST,12,0,1.4,0,0,13,59.0,61.3,86.6,60.0,71.6,54.2,28.6,2,0,129,133,3.9,5,5
Chris Conte,6245,S,TB,3,1,5.5,0,0,30,57.0,58.0,78.0,60.0,62.8,35.6,25.0,1,1,30,32,3.3,1,2
K.J. Wright,6251,LB,SEA,6,5,4.1,0,0,29,67.1,71.3,79.1,64.3,71.0,63.5,15.0,3,1,115,119,6.1,7,12
Da'Norris Searcy,6252,S,CAR,2,1,17.0,0,0,5,60.0,66.5,78.2,,75.0,82.9,0.0,0,0,25,27,0.0,0,1
Sam Acho,6255,ED,CHI,3,0,,0,0,6,61.8,62.8,75.3,56.1,64.8,,,0,0,11,11,0.0,0,0
Davon House,6283,CB,GB,2,0,,0,0,12,28.9,28.8,74.8,,51.1,26.3,100.0,1,1,8,8,0.0,0,0
Buster Skrine,6289,CB,NYJ,14,1,3.9,0,0,22,50.8,57.3,29.4,78.8,80.7,61.9,5.3,1,6,247,253,3.6,9,17
Richard Sherman,6306,CB,SF,14,1,5.5,2,0,28,68.1,68.9,63.8,69.9,68.9,64.9,22.2,2,5,289,302,1.0,3,6
Pernell McPhee,6317,ED,WAS,13,1,1.7,0,0,32,61.9,69.1,25.1,73.5,62.8,53.5,12.5,1,2,72,73,6.9,5,6
Aldrick Robinson,6330,WR,MIN,1,0,,0,0,18,,60.5,89.4,,60.0,,,0,1,1,1,0.0,0,0
Colin Jones,6342,S,CAR,5,1,13.8,0,0,5,56.8,58.8,79.7,59.2,64.8,64.1,16.7,1,0,32,35,3.1,1,4
Lawrence Guy,6385,DI,NE,18,13,2.6,0,1,19,59.8,89.4,87.7,65.6,90.2,72.6,1.8,1,0,258,265,11.6,30,41
Malcolm Smith,6394,LB,SF,11,7,3.4,0,0,28,52.5,62.6,44.7,66.1,72.4,66.7,7.7,2,2,140,146,7.1,10,17
Chris Harris Jr.,6457,CB,DEN,12,4,3.7,1,0,10,84.4,85.5,86.8,66.4,78.7,82.1,9.1,1,3,271,278,1.1,3,6
Josh Bynes,6503,LB,ARZ,11,16,3.3,0,0,1,63.9,74.8,87.9,66.9,79.2,78.0,8.3,4,0,315,329,6.7,21,28
Nick Bellore,6515,FB,DET,1,0,,0,0,11,,60.0,60.0,,60.0,,,0,0,1,1,0.0,0,0
Mario Addison,6558,ED,CAR,16,9,1.1,0,1,5,64.2,69.9,73.2,69.0,61.5,53.5,7.7,2,2,226,234,4.9,11,15
Ron Parker,6625,S,KC,15,2,10.9,1,0,16,62.7,59.6,64.1,78.6,49.2,68.2,12.1,4,3,338,347,1.2,4,27
Ben Jacobs,6817,LB,CAR,2,0,,0,0,5,60.8,56.3,99.9,60.0,55.0,,,0,0,4,5,0.0,0,0
Craig Robertson,7003,LB,NO,6,2,0.0,0,0,20,68.2,71.2,79.8,59.5,68.6,84.6,0.0,0,0,36,36,8.3,3,3
Morris Claiborne,7012,CB,NYJ,15,3,4.0,3,0,22,60.3,62.7,68.8,,71.5,53.1,10.0,2,9,359,372,2.2,8,15
Mark Barron,7013,LB,LA,14,12,3.5,0,1,26,51.5,48.2,57.3,63.9,47.5,68.5,13.0,6,3,297,310,6.7,20,28
Luke Kuechly,7015,LB,CAR,16,11,3.6,1,0,5,84.1,90.5,64.4,56.5,91.8,81.3,7.6,6,2,325,337,12.0,39,62
Stephon Gilmore,7016,CB,NE,18,0,5.7,3,0,19,91.1,90.9,33.9,77.6,73.9,81.8,0.0,0,9,348,357,1.4,5,7
Dontari Poe,7017,DI,CAR,16,3,3.2,0,0,5,59.5,66.9,74.2,58.3,70.1,59.2,14.3,2,1,209,216,2.9,6,9
Fletcher Cox,7018,DI,PHI,18,10,1.5,0,0,24,69.1,92.3,82.1,91.5,83.9,63.5,6.3,2,1,256,263,6.6,17,20
Michael Brockers,7020,DI,LA,18,15,2.5,0,0,26,63.7,65.1,59.9,58.7,67.2,63.5,5.0,3,3,333,344,9.0,30,42
Bruce Irvin,7021,ED,ATL,16,5,3.4,0,0,2,62.8,59.1,39.9,62.2,56.9,51.8,7.1,1,3,166,172,3.0,5,8
Dre Kirkpatrick,7023,CB,CIN,13,2,5.1,1,0,7,62.6,60.0,35.0,60.0,52.5,29.8,31.3,5,7,279,291,1.4,4,9
Melvin Ingram III,7024,ED,LAC,18,9,1.9,1,1,27,88.9,73.8,1.8,73.1,72.8,62.5,13.6,6,11,372,383,7.0,26,29
Chandler Jones,7027,ED,ARZ,16,5,2.2,1,0,1,72.2,72.3,61.0,68.2,69.5,76.0,6.7,2,4,405,419,3.7,15,23
Dont'a Hightower,7030,LB,NE,17,10,4.0,0,1,19,58.8,61.4,79.0,60.5,61.5,82.2,3.1,1,1,300,308,3.7,11,21
Whitney Mercilus,7031,ED,HST,17,7,0.5,0,0,13,46.8,62.2,52.9,68.0,65.1,58.9,17.4,4,3,253,263,4.3,11,12
Nick Perry,7033,ED,GB,9,2,3.5,0,0,12,42.0,52.9,62.1,55.8,58.8,72.6,0.0,0,1,110,114,7.3,8,14
Derek Wolfe,7040,DI,DEN,16,10,2.1,1,0,10,66.7,75.3,58.1,57.9,84.7,68.8,0.0,0,3,261,267,10.0,26,32
Andre Branch,7042,ED,MIA,14,3,2.2,3,0,17,59.9,46.3,4.7,51.6,57.2,58.7,15.8,3,7,178,186,4.5,8,13
Jackrabbit Jenkins,7043,CB,NYG,16,4,5.0,3,0,21,66.3,68.0,70.1,58.6,72.5,56.7,16.0,4,8,414,424,1.2,5,17
Mychal Kendricks,7049,LB,SEA,4,4,4.6,0,0,29,56.1,66.4,77.4,85.7,67.1,48.1,0.0,0,0,78,80,5.1,4,8
Bobby Wagner,7050,LB,SEA,16,23,4.2,0,2,29,90.5,91.7,25.4,86.7,91.2,91.5,2.4,2,3,356,366,8.4,30,58
Tavon Wilson,7051,S,DET,13,1,4.0,0,0,11,67.2,68.0,33.3,62.8,68.3,81.4,8.3,1,1,118,120,5.1,6,10
Jerel Worthy,7054,DI,TB,4,1,2.0,0,0,30,,61.7,15.2,64.6,63.4,68.7,0.0,0,1,27,28,0.0,0,1
Zach Brown,7055,LB,WAS,16,11,2.0,0,0,32,84.4,88.2,57.5,68.7,82.1,86.5,4.3,2,1,291,295,8.9,26,33
Lavonte David,7060,LB,TB,14,14,1.9,0,0,30,77.5,76.1,68.3,63.8,70.0,80.8,5.1,3,1,350,366,9.4,33,42
Vinny Curry,7061,ED,TB,12,1,1.8,0,0,30,52.3,58.4,76.4,58.4,58.9,59.0,14.3,2,2,156,162,3.2,5,11
Casey Hayward Jr.,7064,CB,LAC,18,1,7.8,0,0,27,74.5,75.9,89.7,66.0,72.7,70.4,4.5,1,3,408,423,2.2,9,20
Trumaine Johnson,7067,CB,NYJ,10,1,7.0,1,0,22,75.1,74.9,5.8,60.0,82.5,71.2,0.0,0,5,243,249,0.8,2,4
Josh Robinson,7068,CB,NO,3,0,5.0,0,0,20,69.6,69.1,84.9,58.3,64.8,76.4,0.0,0,0,8,8,0.0,0,1
Josh LeRibeus,7073,G,NO,1,0,,0,0,20,,60.1,66.9,,60.0,,,0,2,1,1,0.0,0,0
Olivier Vernon,7074,ED,NYG,11,2,5.1,1,0,21,82.4,86.3,40.2,86.0,71.2,64.7,14.3,3,5,232,238,4.7,11,16
Demario Davis,7079,LB,NO,18,11,2.6,0,0,20,59.5,75.1,68.0,81.0,83.9,69.8,11.7,7,3,318,327,8.5,27,42
Tyrone Crawford,7083,DI,DAL,16,6,2.2,0,0,9,66.6,70.5,61.1,69.1,63.7,57.4,7.4,2,4,244,256,5.3,13,19
Akiem Hicks,7090,DI,CHI,17,4,1.5,0,1,6,77.1,91.7,62.8,78.9,92.8,70.8,4.0,2,3,275,281,13.8,38,44
Travis Benjamin,7100,WR,LAC,1,0,,0,0,27,60.7,70.3,60.0,,60.0,,,0,0,1,1,0.0,0,0
Nigel Bradham,7105,LB,PHI,17,11,3.5,1,0,24,58.3,63.4,51.4,64.1,70.6,53.8,11.3,7,4,320,329,9.4,30,44
Kyle Wilber,7113,LB,OAK,6,2,4.5,0,0,23,78.7,65.8,0.0,51.0,73.7,61.1,14.3,1,1,26,27,3.8,1,4
Coty Sensabaugh,7115,CB,PIT,15,1,9.4,2,0,25,64.7,65.7,86.5,54.2,65.1,75.4,10.5,2,3,239,250,1.3,3,16
Mike Daniels,7132,DI,GB,10,5,2.4,0,0,12,57.1,69.0,69.7,78.5,57.9,56.2,8.7,2,1,181,185,8.8,16,16
Tahir Whitehead,7135,LB,OAK,16,19,4.4,1,0,23,51.6,54.8,68.1,56.4,59.6,69.5,10.0,9,3,457,476,7.0,32,62
Najee Goode,7137,LB,IND,4,0,1.7,0,0,14,41.5,35.6,0.0,68.8,48.7,29.7,40.0,2,1,25,28,8.0,2,3
Korey Toomer,7147,LB,GB,1,0,4.0,0,0,12,52.4,54.0,68.5,60.0,61.6,74.8,0.0,0,0,2,2,50.0,1,1
Jack Crawford,7151,DI,ATL,16,13,2.3,0,1,2,54.9,70.5,75.9,65.0,72.2,29.6,14.3,4,1,206,211,3.9,8,11
George Iloka,7159,S,MIN,5,0,8.3,0,0,18,63.0,68.0,82.2,60.0,75.7,83.9,0.0,0,0,31,33,3.2,1,3
Keith Tandy,7166,S,ATL,1,0,,0,0,2,60.0,60.0,64.4,,60.0,,,0,0,1,1,0.0,0,0
Danny Trevathan,7177,LB,CHI,17,13,4.0,0,0,6,68.7,73.7,64.9,75.5,72.7,81.9,6.7,4,1,322,329,8.7,28,43
Rishard Matthews,7211,WR,NYJ,1,0,,0,0,22,,60.0,60.0,,60.0,,,0,0,1,1,0.0,0,0
Nate Stupar,7214,LB,NYG,5,1,4.0,0,0,21,35.3,31.7,0.0,56.1,54.3,28.8,0.0,0,1,29,31,3.4,1,1
Rodney McLeod,7271,S,PHI,3,1,7.3,0,0,24,78.2,75.8,78.5,53.7,52.1,49.6,28.6,2,0,48,50,2.1,1,4
Michael Thomas,7279,S,NYG,14,8,6.9,1,0,21,70.1,69.7,82.2,58.2,64.5,59.2,14.3,4,2,165,170,5.5,9,16
Vontaze Burfict,7280,LB,CIN,7,11,4.4,0,0,7,42.5,48.0,81.7,44.4,61.4,27.5,18.5,5,2,132,136,2.3,3,11
Tashaun Gipson Sr.,7288,S,JAX,16,5,6.2,0,0,15,71.9,70.7,52.4,57.4,69.1,74.0,11.8,4,5,374,386,3.5,13,25
L.J. Fort,7292,LB,PIT,12,2,2.2,0,0,25,64.0,72.4,83.7,66.0,76.8,74.1,0.0,0,0,85,87,18.8,16,19
Damon Harrison Sr.,7355,DI,DET,17,16,1.5,1,1,11,64.8,92.0,64.4,67.0,93.7,78.6,1.4,1,2,288,295,16.0,46,56
Julian Stanford,7372,LB,BUF,4,0,2.5,0,0,4,51.8,71.4,78.2,81.4,78.1,81.7,0.0,0,0,42,44,4.8,2,4
Johnson Bademosi,7374,CB,HST,1,0,,0,0,13,60.8,60.4,73.4,,60.0,,,0,0,1,1,0.0,0,0
Leonard Johnson,7385,CB,ARZ,2,0,5.0,0,0,1,38.7,35.5,78.6,52.5,33.1,45.7,0.0,0,0,22,25,0.0,0,1
Derrick Shelby,7400,ED,ATL,7,0,3.0,0,0,2,60.0,63.7,84.5,54.6,67.7,76.2,0.0,0,0,60,63,8.3,5,9
Jacquies Smith,7401,ED,OAK,4,0,8.0,0,0,23,62.6,53.2,21.0,54.7,58.2,71.4,0.0,0,1,23,24,0.0,0,1
DeShawn Shead,7450,CB,DET,12,0,9.0,0,0,11,51.3,52.3,82.9,,55.6,48.8,0.0,0,0,56,57,0.0,0,1
Brandon Bolden,7469,HB,MIA,1,0,,0,0,17,,61.6,60.1,,60.0,,,0,0,1,1,0.0,0,0
Emmanuel Lamur,7561,LB,NYJ,8,3,3.2,0,0,22,37.7,52.9,77.2,57.5,65.5,50.5,7.7,1,0,96,98,6.3,6,9
Eddie Pleasant,7593,S,GB,5,1,5.0,0,0,12,30.3,34.2,79.8,46.9,62.2,44.6,0.0,0,0,28,29,0.0,0,1
Harrison Smith,7641,S,MIN,16,12,5.6,2,0,18,68.7,79.7,68.8,73.0,91.3,90.3,2.1,1,3,406,420,4.4,18,34
Malik Jackson,7647,DI,JAX,15,4,1.8,0,0,15,52.7,61.6,41.0,70.1,56.3,42.7,4.5,1,4,206,211,6.8,14,17
Brandon Marshall,7648,LB,DEN,11,8,4.8,0,0,10,67.1,63.5,84.5,61.6,54.4,61.8,11.5,3,1,157,162,5.7,9,15
Josh Norman,7649,CB,WAS,16,3,8.0,1,1,32,72.0,68.9,88.4,,45.0,49.7,36.8,7,7,381,387,0.5,2,9
Neiko Thorpe,7716,CB,SEA,2,0,,0,0,29,76.1,75.8,76.3,,60.0,75.1,,0,0,4,4,0.0,0,0
Dion Jordan,7785,ED,SEA,13,2,1.5,0,1,29,61.5,66.6,70.4,56.6,75.4,70.0,7.1,1,1,115,116,6.1,7,11
Barkevious Mingo,7787,ED,SEA,17,4,3.5,0,0,29,48.1,56.0,87.2,67.2,57.6,46.6,15.0,3,0,240,249,2.9,7,13
D.J. Hayden,7793,CB,JAX,10,4,4.2,0,0,15,73.7,74.8,84.5,70.1,67.3,78.4,0.0,0,2,138,144,2.2,3,6
Sheldon Richardson,7794,DI,MIN,16,15,2.8,0,0,18,56.2,69.5,67.4,65.8,69.1,68.5,0.0,0,3,272,280,6.6,18,26
Star Lotulelei,7795,DI,BUF,16,3,2.1,0,0,4,60.0,55.6,72.7,53.8,58.5,48.7,11.1,2,1,222,229,3.2,7,13
Kenny Vaccaro,7796,S,TEN,13,7,4.8,0,0,31,61.6,66.4,87.2,83.0,66.9,80.5,10.0,3,1,275,287,3.6,10,20
Eric Reid,7799,S,CAR,13,3,9.7,1,0,5,66.7,65.7,11.9,66.6,66.5,53.9,18.6,8,3,269,277,4.8,13,32
Desmond Trufant,7803,CB,ATL,16,1,6.1,0,0,2,68.7,69.5,68.6,74.7,67.8,76.8,8.3,1,5,367,379,0.8,3,10
Xavier Rhodes,7806,CB,MIN,14,5,5.4,3,0,18,55.1,58.2,61.4,,73.2,77.1,0.0,0,9,306,316,0.7,2,5
Datone Jones,7807,DI,DAL,1,0,,0,0,9,,59.3,71.0,60.0,53.1,,,0,0,4,4,0.0,0,0
Sylvester Williams,7809,DI,MIA,13,1,3.3,0,0,17,60.0,59.7,66.7,54.4,62.4,56.6,14.3,2,1,198,203,4.0,8,11
Alec Ogletree,7811,LB,NYG,13,16,3.0,1,0,21,54.5,49.3,23.8,68.4,44.1,47.7,16.4,9,5,349,357,5.4,19,30
Darius Slay,7817,CB,DET,15,2,4.8,3,0,11,78.2,75.0,87.4,58.7,52.3,72.5,30.0,3,6,334,343,0.9,3,5
Manti Te'o,7819,LB,NO,5,3,2.0,0,0,20,72.1,80.4,79.5,53.5,79.8,61.3,7.1,1,0,68,69,11.8,8,10
Tank Carradine,7821,ED,OAK,1,0,3.0,0,0,23,,62.2,77.3,51.8,67.6,67.4,0.0,0,0,11,11,9.1,1,1
Kawann Short,7825,DI,CAR,14,6,0.3,0,0,5,64.0,83.7,62.1,69.6,85.4,47.7,10.8,4,2,191,198,12.6,24,27
Kevin Minter,7826,LB,TB,4,1,0.0,0,0,30,30.4,50.8,71.5,74.1,71.8,50.2,33.3,1,0,12,12,8.3,1,1
Kiko Alonso,7827,LB,MIA,15,21,4.1,3,0,17,41.9,47.7,0.0,47.3,64.9,69.1,9.3,7,7,415,428,6.3,26,47
Johnathan Hankins,7830,DI,OAK,15,6,2.0,0,0,23,57.0,63.0,53.3,51.5,68.9,29.7,17.1,6,4,318,334,5.7,18,23
Jon Bostic,7831,LB,PIT,16,12,3.4,0,0,25,56.3,59.5,21.1,67.4,62.8,88.6,0.0,0,2,247,258,5.3,13,20
David Amerson,7832,CB,ARZ,6,1,3.8,0,0,1,58.2,58.3,81.8,52.0,58.4,70.6,10.0,1,1,129,131,3.9,5,8
Jamie Collins Sr.,7833,LB,CLV,16,14,3.5,0,1,8,59.8,61.2,59.0,60.7,62.5,44.0,13.2,9,2,403,415,7.7,31,45
Margus Hunt,7834,DI,IND,17,5,0.4,0,0,14,56.5,70.5,35.8,61.8,81.3,39.2,3.6,1,5,290,299,7.2,21,22
Jamar Taylor,7835,CB,DEN,9,1,8.3,2,1,10,39.4,43.5,0.0,60.0,74.9,57.5,20.0,1,5,128,133,0.0,0,3
D.J. Swearinger Sr.,7838,S,ARZ,15,3,4.4,0,1,1,79.5,79.3,65.5,93.1,64.6,60.1,21.4,6,2,348,354,2.9,10,19
Robert Alford,7841,CB,ATL,15,3,5.0,4,0,2,53.1,56.6,68.5,81.7,70.9,62.8,21.4,3,12,348,358,0.9,3,8
Bennie Logan,7848,DI,TEN,15,5,1.2,0,0,31,63.9,59.3,58.2,52.3,62.6,73.3,0.0,0,1,116,120,3.4,4,5
Tyrann Mathieu,7850,S,HST,17,4,7.9,0,0,13,70.6,75.3,84.9,67.1,84.8,69.8,10.0,3,4,365,379,3.3,12,23
Blidi Wreh-Wilson,7851,CB,ATL,2,0,8.0,0,0,2,90.1,90.1,72.6,,61.8,76.6,0.0,0,0,2,2,0.0,0,1
T.J. McDonald,7852,S,MIA,14,13,7.6,0,0,17,66.7,70.6,67.0,68.9,74.7,58.9,13.2,7,2,393,406,4.3,17,33
J.J. Wilcox,7861,S,IND,3,0,14.0,0,0,14,61.9,60.5,0.0,53.7,69.9,69.0,0.0,0,1,31,31,3.2,1,2
Damontre Moore,7862,ED,OAK,2,0,,0,0,23,62.5,61.3,80.4,58.5,60.4,69.6,,0,0,6,6,0.0,0,0
John Jenkins,7863,DI,NYG,7,0,,0,0,21,,55.1,79.5,56.3,55.0,,,0,0,29,30,0.0,0,0
Logan Ryan,7864,CB,TEN,14,8,6.5,2,0,31,70.1,71.6,85.9,89.3,58.2,81.3,14.8,4,5,306,315,2.6,8,15
Shawn Williams,7865,S,CIN,16,9,7.4,0,0,7,78.7,71.6,4.3,60.5,63.8,66.1,16.4,10,5,418,429,4.3,18,42
Kayvon Webster,7871,CB,HST,2,0,0.0,0,0,13,76.0,81.9,70.5,,68.7,73.3,0.0,0,0,4,4,25.0,1,1
Duron Harmon,7872,S,NE,17,3,17.8,0,1,19,66.6,66.3,54.9,69.2,61.9,80.8,12.5,2,2,176,182,0.0,0,11
Brandon Williams,7875,DI,BLT,17,8,2.5,0,0,3,57.0,73.8,53.5,61.5,78.6,64.1,5.3,2,3,256,268,7.8,20,28
Akeem Spence,7882,DI,MIA,16,11,3.0,0,0,17,59.8,52.2,53.2,60.1,49.4,38.3,10.0,4,3,284,292,6.0,17,25
Alex Okafor,7885,ED,NO,18,10,3.2,0,0,20,71.3,69.0,91.5,60.5,67.3,59.1,9.1,3,0,218,223,6.4,14,20
Shamarko Thomas,7893,S,DEN,1,0,,0,0,10,56.6,56.3,76.0,,60.0,77.2,,0,0,2,2,0.0,0,0
B.W. Webb,7896,CB,NYG,16,1,8.4,1,0,21,60.4,61.3,47.2,68.6,65.2,75.5,14.3,2,10,361,370,1.1,4,11
Gerald Hodges,7902,LB,ARZ,12,8,3.3,1,0,1,47.4,56.0,32.7,51.9,69.9,61.5,10.5,4,2,164,169,7.9,13,26
William Gholston,7908,DI,TB,16,3,3.0,0,0,30,59.6,30.4,13.2,47.6,32.4,60.1,0.0,0,5,142,148,2.1,3,6
John Simon,7911,ED,NE,13,2,1.8,0,0,19,59.3,69.4,84.9,59.1,81.1,80.7,0.0,0,0,65,66,9.2,6,8
Steven Means,7929,ED,ATL,8,3,1.1,0,0,2,,73.4,47.9,59.2,82.5,76.6,0.0,0,1,69,70,14.5,10,11
A.J. Klein,7930,LB,NO,18,13,2.5,0,0,20,70.8,69.9,88.7,59.0,64.9,64.1,7.7,4,0,277,286,7.9,22,35
Micah Hyde,7941,S,BUF,15,4,10.4,0,0,4,88.6,84.1,88.4,46.1,68.6,60.1,17.9,7,1,363,375,2.5,9,28
Stacy McGee,7987,DI,WAS,8,1,2.0,0,0,32,60.0,58.6,81.2,51.0,62.4,73.3,0.0,0,0,72,74,6.9,5,6
Vince Williams,7988,LB,PIT,14,9,4.9,0,0,25,55.3,65.0,86.6,80.3,61.9,74.1,10.2,5,0,264,276,8.0,21,35
Jordan Poyer,8000,S,BUF,16,12,7.2,0,0,4,70.9,68.4,85.8,69.2,59.1,62.2,16.1,10,0,418,431,4.1,17,40
Nick Williams,8006,DI,CHI,2,0,,0,0,6,,50.1,77.7,53.9,50.9,,,0,0,12,12,0.0,0,0
Kemal Ishmael,8026,S,ATL,9,2,3.3,0,0,2,39.6,46.8,75.2,,60.4,72.2,14.3,1,0,38,40,5.3,2,4
Marcus Cooper,8035,CB,DET,3,0,,0,0,11,90.3,90.0,76.8,,61.2,72.5,,0,0,9,10,0.0,0,0
Damion Square,8042,DI,LAC,18,8,3.8,1,0,27,77.8,50.0,43.4,52.1,51.9,59.8,9.1,3,4,268,277,6.0,16,22
Daren Bates,8077,LB,TEN,5,0,1.5,0,0,31,44.4,48.2,95.6,49.9,71.4,51.4,0.0,0,0,11,11,18.2,2,2
Ezekiel Ansah,8094,ED,DET,7,4,2.5,1,0,11,62.2,74.5,12.5,74.6,69.6,54.5,0.0,0,2,36,36,11.1,4,4
Rontez Miles,8102,S,NYJ,3,0,16.8,0,0,22,65.3,72.3,78.0,60.0,75.9,67.2,0.0,0,0,37,39,0.0,0,4
A.J. Bouye,8110,CB,JAX,13,3,5.3,1,0,15,79.3,75.7,38.8,,58.5,63.1,23.1,3,5,306,315,1.0,3,7
Jahleel Addae,8117,S,LAC,18,13,6.8,0,0,27,58.3,60.5,49.7,84.1,63.3,70.2,12.5,6,4,401,415,2.5,10,29
Josh Martin,8138,ED,NYJ,1,1,,0,0,22,61.8,66.5,73.9,53.0,70.6,69.9,0.0,0,0,7,7,0.0,0,0
Lerentee McCray,8159,ED,JAX,7,0,1.0,0,0,15,54.9,64.9,84.1,74.7,48.9,26.5,0.0,0,0,24,25,4.2,1,1
Abry Jones,8177,DI,JAX,15,6,1.7,0,0,15,67.3,68.6,73.2,56.0,68.4,63.1,6.5,2,0,236,243,8.9,21,23
Benson Mayowa,8196,ED,ARZ,15,7,1.6,1,0,1,68.6,72.8,68.3,67.6,64.5,57.8,12.1,4,2,231,237,8.2,19,22
Bradley McDougald,8220,S,SEA,17,8,5.5,0,2,29,76.4,74.7,85.5,48.4,70.1,86.0,11.1,5,1,330,341,4.5,15,32
Ray-Ray Armstrong,8271,LB,CLV,7,1,3.2,2,0,8,47.2,49.7,0.0,82.0,60.7,64.1,0.0,0,2,76,77,10.5,8,11
Will Compton,8308,LB,TEN,7,3,4.0,0,0,31,85.3,76.9,78.4,51.3,60.5,62.0,16.7,1,0,37,37,2.7,1,2
Rashaan Melvin,8334,CB,OAK,14,1,4.1,1,0,23,56.3,60.5,54.0,88.8,73.0,76.9,9.1,2,4,239,247,4.2,10,19
Tony Jefferson,8361,S,BLT,15,11,4.4,0,0,3,70.3,71.2,43.0,60.8,74.2,68.7,16.2,6,5,312,327,3.5,11,20
Brandon Copeland,8378,ED,NYJ,16,9,2.2,0,0,22,87.8,67.4,74.6,56.2,67.3,57.8,12.0,3,1,192,200,5.7,11,13
Jeff Heath,8396,S,DAL,18,4,8.8,0,0,9,59.1,56.4,89.8,51.3,48.9,30.0,26.8,15,1,424,441,3.5,15,37
Chris Banjo,8419,S,NO,4,1,7.0,0,0,20,50.2,49.4,75.4,69.7,59.0,52.5,0.0,0,0,14,14,0.0,0,1
Cody Davis,8458,S,JAX,1,0,,0,0,15,60.8,46.9,69.0,,52.4,23.8,100.0,1,0,7,7,0.0,0,0
Jordan Dangerfield,8468,S,PIT,7,3,8.0,0,0,25,72.7,75.8,75.2,,65.3,58.9,14.3,1,0,38,38,5.3,2,3
Brynden Trawick,8471,S,TEN,2,0,,0,0,31,60.0,77.9,60.2,60.0,60.0,,,0,0,2,2,0.0,0,0
Nickell Robey-Coleman,8483,CB,LA,18,1,12.3,1,0,26,81.4,82.1,85.1,59.1,76.3,77.6,0.0,0,3,156,165,0.6,1,3
Wes Horton,8484,ED,CAR,16,3,3.4,0,0,5,60.4,42.5,36.3,47.5,49.2,30.1,14.3,3,4,192,199,4.7,9,15
LaRoy Reynolds,8500,LB,PHI,5,0,0.0,0,0,24,60.0,33.2,70.3,56.6,62.7,71.4,0.0,0,0,8,8,12.5,1,1
Deon Lacey,8512,LB,BUF,2,0,,0,0,4,67.7,72.7,73.6,,63.7,71.4,,0,0,5,5,0.0,0,0
Demetrius Harris,8524,TE,KC,1,0,,1,0,16,,60.1,60.0,,60.0,,,0,4,1,1,0.0,0,0
Jadeveon Clowney,8636,ED,HST,16,4,0.9,1,0,13,87.2,87.2,0.0,78.8,90.8,61.2,11.1,5,14,313,323,9.9,31,36
Khalil Mack,8640,ED,CHI,15,4,2.7,0,1,6,73.9,90.8,81.1,86.4,87.5,51.6,16.7,6,2,238,244,8.8,21,26
Anthony Barr,8644,LB,MIN,13,7,4.5,0,1,18,60.6,70.9,42.8,79.7,72.8,81.1,5.6,2,2,320,333,4.1,13,27
Aaron Donald,8648,DI,LA,18,5,0.0,1,1,26,,95.0,57.2,93.8,92.4,54.3,11.1,5,4,356,371,9.3,33,35
Kyle Fuller,8649,CB,CHI,17,4,8.2,1,0,6,82.3,81.4,88.1,58.6,65.8,71.5,16.7,2,3,328,335,0.6,2,6
C.J. Mosley,8652,LB,BLT,16,19,3.7,0,0,3,66.5,73.6,88.5,57.3,80.1,78.2,6.8,5,0,306,319,10.5,32,49
Ha Ha Clinton-Dix,8656,S,WAS,16,9,12.3,0,0,32,82.0,79.1,88.3,61.2,69.4,82.1,4.4,2,0,412,422,1.0,4,34
Dee Ford,8658,ED,KC,18,8,1.6,0,0,16,57.8,87.6,40.6,91.1,67.3,67.9,9.1,3,7,401,410,4.2,17,22
Darqueze Dennard,8659,CB,CIN,13,2,4.1,0,1,7,60.7,68.6,85.1,57.3,90.5,83.7,10.0,2,1,239,244,4.2,10,16
Marcus Smith,8661,ED,WAS,2,0,,0,0,32,,60.5,72.4,60.0,60.1,,,0,0,8,8,0.0,0,0
Deone Bucannon,8662,LB,ARZ,13,7,4.8,0,0,1,43.0,45.3,39.6,67.2,51.4,68.9,12.0,3,2,204,208,3.9,8,15
Dominique Easley,8664,ED,LA,3,0,5.8,0,0,26,,70.2,79.2,61.1,71.5,73.8,0.0,0,0,25,26,8.0,2,4
Jimmie Ward,8665,S,SF,7,2,12.2,0,0,28,51.3,55.2,84.2,48.0,75.7,90.3,0.0,0,0,128,130,0.8,1,9
Bradley Roby,8666,CB,DEN,15,2,8.2,3,0,10,58.6,59.9,66.4,,65.2,54.6,26.7,4,5,326,335,1.2,4,9
Demarcus Lawrence,8669,ED,DAL,18,7,1.1,0,0,9,66.7,88.0,37.4,82.7,81.7,55.0,12.5,7,7,285,294,11.6,33,42
Kyle Van Noy,8675,LB,NE,18,9,4.0,1,0,19,67.4,70.1,80.8,66.8,65.9,61.1,11.7,7,1,320,328,6.9,22,44
Lamarcus Joyner,8676,S,LA,17,7,11.4,0,0,26,68.4,71.7,65.1,85.2,75.7,89.0,10.8,4,3,361,376,2.5,9,26
Stephon Tuitt,8681,DI,PIT,14,11,1.5,0,0,25,60.1,81.9,68.1,68.5,86.4,80.0,0.0,0,3,205,214,8.3,17,22
Trent Murphy,8682,ED,BUF,13,6,4.1,0,0,4,77.2,57.4,62.0,60.4,48.0,35.4,23.5,4,2,164,171,1.8,3,7
Timmy Jernigan,8683,DI,PHI,5,1,0.3,1,0,24,,49.8,0.0,58.0,63.5,44.5,20.0,1,3,31,34,9.7,3,3
Jeremiah Attaochu,8685,ED,NYJ,9,2,3.0,2,0,22,63.9,67.8,18.5,69.5,66.0,54.7,11.1,1,2,61,61,6.6,4,6
Kony Ealy,8695,ED,OAK,3,1,,0,0,23,,57.8,81.2,47.1,67.1,23.8,50.0,1,0,22,23,0.0,0,0
Christian Kirksey,8706,LB,CLV,7,3,2.0,0,0,8,49.2,44.7,84.3,49.2,45.2,43.8,14.3,3,2,171,176,6.4,11,15
Preston Brown,8708,LB,CIN,7,4,4.7,0,0,7,57.0,53.6,82.9,49.4,52.6,78.4,4.3,1,0,164,170,5.5,9,18
Jay Bromley,8709,DI,NO,2,2,0.0,0,0,20,59.4,48.4,0.0,62.4,56.9,40.7,25.0,1,1,13,13,7.7,1,1
Terrence Brooks,8714,S,NYJ,2,0,9.0,0,0,22,81.4,72.1,0.0,60.0,38.2,56.1,50.0,1,1,20,22,0.0,0,1
Dexter McDougle,8715,CB,PHI,2,0,,0,0,24,54.2,56.4,78.6,68.3,63.1,33.6,,0,0,15,15,0.0,0,0
Kareem Martin,8719,ED,NYG,16,8,1.1,0,0,21,55.4,61.0,89.9,58.0,60.9,31.6,17.6,6,0,259,266,7.3,19,20
Phillip Gaines,8722,CB,CLV,8,2,6.4,0,0,8,56.8,67.3,85.4,67.9,91.1,82.6,0.0,0,3,168,177,3.6,6,14
Will Clarke,8723,ED,TB,3,0,,0,0,30,,44.8,76.4,57.8,44.9,,,0,0,7,7,0.0,0,0
Bashaud Breeland,8737,CB,GB,7,1,4.0,0,0,12,57.2,58.5,30.7,57.2,67.6,56.3,22.2,2,5,135,137,2.2,3,6
Justin Ellis,8742,DI,OAK,6,5,1.0,1,0,23,,47.6,42.9,52.4,51.5,72.9,0.0,0,2,67,69,6.0,4,4
Cassius Marsh,8743,ED,SF,16,4,3.6,0,0,28,52.6,58.1,41.7,62.3,58.9,41.5,15.4,4,4,127,131,11.0,14,18
DaQuan Jones,8747,DI,TEN,16,6,1.9,1,0,31,42.6,63.3,53.0,60.0,66.9,49.6,5.7,2,3,284,293,7.4,21,27
Aaron Colvin,8749,CB,HST,7,1,3.0,2,0,13,53.3,52.2,82.1,52.3,47.6,64.3,40.0,2,4,81,85,1.2,1,2
Anthony Hitchens,8754,LB,KC,17,21,4.8,1,0,16,51.0,37.5,67.9,58.4,29.2,71.7,8.0,7,4,414,423,7.5,31,60
Walt Aikens,8760,S,MIA,5,1,,0,0,17,55.7,54.0,76.3,,54.6,27.5,50.0,1,0,13,13,0.0,0,0
Pierre Desir,8762,CB,IND,17,7,5.3,1,2,14,73.9,77.7,71.2,59.5,90.3,90.3,0.0,0,2,365,373,1.9,7,15
Tre Boston,8763,S,ARZ,14,9,11.7,0,0,1,78.2,74.1,24.0,68.9,66.7,69.5,16.7,8,4,399,410,2.8,11,31
Dontae Johnson,8764,CB,ARZ,1,0,,0,0,1,50.3,47.9,72.8,,52.5,26.6,100.0,1,0,15,15,0.0,0,0
Kevin Pierre-Louis,8767,LB,NYJ,2,1,,0,0,22,62.6,72.0,73.1,76.3,63.8,38.0,0.0,0,0,4,4,0.0,0,0
Nevin Lawson,8768,CB,DET,15,2,5.9,0,0,11,54.7,60.6,20.6,66.1,88.8,84.9,0.0,0,9,352,360,2.6,9,16
Brent Urban,8769,DI,BLT,17,6,1.6,0,0,3,55.6,70.8,87.2,55.7,79.7,62.9,4.3,1,0,202,212,5.9,12,16
Telvin Smith Sr.,8779,LB,JAX,16,17,5.1,0,1,15,65.2,63.7,26.6,68.4,61.7,47.9,14.6,12,3,386,398,8.3,32,53
Ricardo Allen,8782,S,ATL,3,2,6.5,0,0,2,80.2,77.5,81.4,56.8,54.3,66.5,33.3,2,0,65,68,0.0,0,2
Bene Benwikere,8783,CB,OAK,11,4,5.1,0,0,23,55.4,61.4,86.0,69.0,74.0,63.2,4.3,1,3,248,257,3.6,9,18
Aaron Lynch,8785,ED,CHI,13,3,1.0,0,0,6,82.3,72.8,26.3,59.1,85.0,73.7,8.3,1,3,113,117,7.1,8,8
Avery Williamson,8786,LB,NYJ,16,18,4.3,0,1,22,60.7,72.8,86.9,61.5,82.8,89.9,2.7,2,3,412,427,7.0,29,53
Nat Berhe,8787,S,PIT,2,0,,0,0,25,43.7,43.7,74.0,56.3,60.6,29.0,,0,0,4,4,0.0,0,0
Caraun Reid,8793,DI,DAL,12,3,0.9,0,1,9,64.7,66.1,83.9,65.7,59.0,60.4,0.0,0,0,93,96,9.7,9,10
Chris Smith,8794,ED,CLV,16,3,0.5,0,0,8,64.5,59.6,86.4,52.9,62.0,45.4,10.5,2,0,148,150,8.1,12,14
Devon Kennard,8809,ED,DET,15,8,3.0,0,0,11,66.9,60.9,81.9,50.0,68.5,69.7,3.0,1,2,347,355,4.6,16,24
Antone Exum Jr.,8817,S,SF,12,4,9.5,1,1,28,63.5,65.3,0.0,65.7,74.4,45.9,14.8,4,5,241,249,2.9,7,19
E.J. Gaines,8823,CB,CLV,4,1,,0,0,8,62.5,58.7,82.5,56.9,41.1,29.5,80.0,4,0,63,64,0.0,0,0
Zach Moore,8833,ED,ARZ,16,2,2.3,0,0,1,41.5,56.1,86.6,62.3,60.1,46.5,0.0,0,0,121,125,3.3,4,6
Marquis Flowers,8846,LB,WAS,1,0,1.0,0,0,32,62.5,76.9,74.2,,71.4,69.9,0.0,0,0,9,9,11.1,1,1
Dan McCullers,8849,DI,PIT,13,2,2.0,1,0,25,,63.0,31.2,64.0,63.6,27.6,25.0,2,1,59,62,6.8,4,4
Andre Hal,8850,S,HST,7,1,9.5,0,0,13,70.9,72.9,79.9,73.2,63.4,30.0,25.0,1,0,64,65,1.6,1,2
T.J. Carrie,8853,CB,CLV,15,3,2.9,0,0,8,63.9,66.9,89.0,71.7,72.1,68.2,19.2,5,9,289,296,3.5,10,18
Shamar Stephen,8854,DI,SEA,16,7,2.7,1,0,29,79.2,59.8,62.4,54.7,61.6,67.3,4.0,1,2,253,260,4.3,11,17
Beau Allen,8858,DI,TB,14,4,2.9,0,0,30,59.5,54.1,68.1,57.7,53.6,27.1,21.7,5,1,196,204,6.1,12,14
Shelby Harris,8869,DI,DEN,16,8,3.0,0,0,10,74.9,90.0,69.2,70.6,78.3,77.7,0.0,0,1,164,167,9.8,16,22
Terrance Mitchell,8888,CB,CLV,8,0,8.7,0,0,8,64.3,64.0,85.9,56.3,58.6,69.9,9.1,1,2,160,163,1.9,3,10
Brock Coyle,8929,LB,SF,1,0,5.0,0,0,28,27.4,27.7,74.9,54.3,56.1,25.0,33.3,1,0,21,21,4.8,1,2
Kerry Wynn,8938,DI,NYG,13,3,2.9,1,0,21,67.6,66.2,71.1,53.0,70.0,59.8,10.5,2,1,99,103,12.1,12,14
Ethan Westbrooks,8976,DI,LA,18,3,2.0,0,0,26,60.0,47.2,25.1,59.8,46.9,73.7,0.0,0,2,80,84,3.8,3,4
Denico Autry,8982,DI,IND,14,4,0.9,1,1,14,69.0,69.2,25.4,64.8,68.9,52.3,14.8,4,6,226,235,6.6,15,19
Shaquil Barrett,9000,ED,DEN,13,3,2.8,0,0,10,57.1,74.0,57.4,72.5,73.4,58.6,6.7,1,1,107,112,8.4,9,11
Josh Mauro,9003,DI,NYG,12,2,1.0,0,0,21,,66.8,0.0,55.6,79.9,77.7,0.0,0,5,151,158,9.3,14,18
Todd Davis,9007,LB,DEN,16,12,5.3,1,0,10,67.7,70.6,37.1,68.8,70.6,61.7,13.0,10,5,353,362,7.4,26,55
Christian Jones,9020,LB,DET,16,8,5.1,1,0,11,59.8,64.8,87.4,52.8,68.9,78.4,5.8,3,1,299,309,5.4,16,41
Robert Thomas,9022,DI,BUF,2,0,,0,0,4,71.7,68.2,74.7,53.2,61.2,,,0,0,4,4,0.0,0,0
Senorise Perry,9035,HB,MIA,1,0,,0,0,17,,60.0,60.4,,60.0,,,0,0,1,1,0.0,0,0
Malcolm Butler,9040,CB,TEN,16,0,6.9,3,0,31,69.8,67.1,20.3,79.4,54.0,58.9,20.0,4,7,280,292,2.1,6,16
Kerry Hyder,9045,DI,DET,6,2,2.0,0,0,11,,57.1,81.5,57.8,54.6,40.2,25.0,1,0,47,47,2.1,1,1
Adarius Taylor,9074,LB,TB,15,7,4.6,0,0,30,49.6,41.1,58.1,56.1,38.9,64.9,13.2,5,2,300,313,4.0,12,26
Kenny Ladler,9103,S,NYG,1,0,,0,0,21,59.6,54.1,73.3,59.5,60.0,77.2,,0,0,2,2,0.0,0,0
Marcus Williams,9115,CB,CHI,2,0,,0,0,6,78.0,77.5,74.7,,62.8,78.0,,0,0,10,10,0.0,0,0
Tyler Patmon,9135,CB,JAX,6,0,0.0,0,0,15,58.0,60.2,82.0,76.1,58.4,57.1,0.0,0,0,72,74,1.4,1,1
Adrian Phillips,9177,S,LAC,18,8,3.0,0,0,27,67.5,66.0,60.9,50.8,62.2,82.5,2.4,1,1,228,239,9.2,21,32
Zach Kerr,9195,DI,DEN,16,10,3.1,0,0,10,63.4,67.4,69.6,55.7,71.0,47.0,11.8,4,1,175,181,8.0,14,20
Damien Williams,9205,HB,KC,1,0,,0,0,16,,59.9,60.0,,60.0,,,0,0,1,1,0.0,0,0
C.J. Goodwin,9243,CB,DAL,1,0,,0,0,9,37.0,30.0,68.9,,60.0,,,0,0,1,1,0.0,0,0
Daniel Sorensen,9253,S,KC,9,6,7.3,0,0,16,64.9,60.8,50.3,59.8,52.2,64.7,4.2,1,2,192,196,3.6,7,17
Brandon Dunn,9262,DI,HST,15,2,2.4,0,0,13,71.2,62.1,69.3,48.6,65.8,57.8,5.9,1,1,174,178,5.7,10,14
Joe Thomas,9272,LB,DAL,5,1,1.5,0,0,9,62.1,61.7,77.0,63.2,57.8,57.5,25.0,1,0,20,21,5.0,1,2
Garrison Smith,9310,DI,ARZ,2,0,8.5,0,0,1,,59.2,76.4,60.6,57.7,69.0,0.0,0,0,14,15,7.1,1,2
Mike Pennel,9316,DI,NYJ,16,1,2.0,1,0,22,65.9,86.2,32.2,74.5,86.0,55.7,8.3,2,3,205,211,9.3,19,21
K'Waun Williams,9332,CB,SF,14,0,5.4,1,0,28,66.0,66.7,21.9,62.4,73.7,60.0,12.5,2,6,180,186,3.3,6,14
Dante Fowler Jr.,9436,ED,LA,17,5,1.2,2,0,26,66.5,67.2,48.7,69.7,58.8,32.7,20.0,5,4,217,225,5.1,11,15
Leonard Williams,9439,DI,NYJ,16,7,1.4,0,0,22,58.7,77.1,55.8,71.4,76.3,46.9,11.1,4,5,313,323,7.0,22,25
Vic Beasley Jr.,9441,ED,ATL,16,3,1.5,5,0,2,38.2,42.2,9.8,55.8,47.3,24.1,38.9,7,10,209,214,3.3,7,8
Trae Waynes,9444,CB,MIN,14,4,1.9,0,0,18,64.6,69.1,85.9,58.4,84.5,84.4,0.0,0,3,252,260,3.2,8,9
Danny Shelton,9445,DI,NE,14,7,1.8,0,0,19,59.9,74.2,86.0,62.7,74.1,42.5,13.0,3,0,138,142,8.0,11,13
Kevin Johnson,9449,CB,HST,1,1,,0,0,13,47.7,46.1,77.5,,46.6,28.4,50.0,1,1,23,24,0.0,0,0
Arik Armstead,9450,ED,SF,16,9,2.6,1,0,28,52.4,74.2,44.8,68.2,77.5,56.5,7.3,3,4,272,279,6.6,18,29
Marcus Peters,9451,CB,LA,18,1,10.4,2,0,26,58.7,60.1,48.7,56.8,69.9,63.1,0.0,0,8,367,382,0.8,3,8
Bud Dupree,9455,ED,PIT,16,7,2.7,0,0,25,67.0,60.4,15.4,61.0,65.0,61.8,13.6,3,8,287,300,3.5,10,12
Shane Ray,9456,ED,DEN,11,0,4.2,0,0,10,39.0,58.3,85.1,61.8,58.1,52.0,0.0,0,0,87,90,4.6,4,5
Shaq Thompson,9458,LB,CAR,14,6,4.2,0,1,5,61.7,68.7,85.9,62.4,73.9,65.6,6.3,2,0,229,240,6.1,14,24
Byron Jones,9460,CB,DAL,18,5,7.7,1,0,9,80.4,79.9,52.9,56.3,75.5,77.7,9.1,2,7,432,449,2.1,9,15
Damarious Randall,9463,S,CLV,15,9,13.7,0,0,8,71.4,72.8,66.6,51.8,79.0,70.6,4.9,2,1,391,402,0.8,3,30
Stephone Anthony,9464,LB,MIA,9,0,0.0,0,0,17,65.1,47.4,71.6,,44.7,73.3,0.0,0,0,23,23,4.3,1,1
Malcom Brown,9465,DI,NE,17,12,2.9,0,0,19,69.0,61.0,58.6,58.4,61.1,57.5,5.1,2,2,213,217,8.0,17,25
Landon Collins,9466,S,NYG,12,7,5.5,0,1,21,68.2,70.9,83.6,70.8,69.5,65.4,14.0,8,2,318,324,7.2,23,42
Mario Edwards Jr.,9468,DI,NYG,14,1,3.0,0,0,21,67.2,68.8,29.6,62.2,69.8,73.8,0.0,0,2,63,65,6.3,4,5
Preston Smith,9471,ED,WAS,16,11,2.2,0,0,32,76.2,76.3,75.2,68.4,72.0,69.4,5.0,2,3,310,315,6.5,20,27
Eddie Goldman,9472,DI,CHI,17,6,1.8,0,0,6,51.7,87.9,87.2,69.1,90.0,53.3,7.0,3,0,211,215,12.8,27,34
Benardrick McKinney,9476,LB,HST,17,20,4.0,0,1,13,70.6,80.5,67.3,63.6,87.6,77.3,5.1,4,1,363,377,8.8,32,55
Eric Kendricks,9478,LB,MIN,14,20,3.6,0,1,18,64.9,64.5,39.6,55.4,65.6,77.1,3.2,2,2,344,355,6.4,22,40
Jaquiski Tartt,9479,S,SF,8,9,4.1,1,0,28,58.5,66.6,80.7,58.8,79.6,66.4,8.0,2,1,159,163,5.0,8,14
Eric Rowe,9480,CB,NE,3,0,6.7,0,0,19,58.5,62.9,80.5,70.4,75.8,80.5,0.0,0,0,34,35,2.9,1,3
Denzel Perryman,9481,LB,LAC,9,8,3.6,0,0,27,64.7,70.1,82.1,87.3,68.3,53.1,15.4,6,0,165,169,9.1,15,25
Ronald Darby,9483,CB,PHI,9,2,3.3,1,0,24,70.4,70.6,86.5,60.0,63.8,58.6,20.0,2,1,138,143,2.2,3,6
Nate Orchard,9484,ED,KC,3,1,4.0,0,0,16,,54.3,0.0,62.8,58.1,72.6,0.0,0,1,11,11,9.1,1,2
Jordan Phillips,9485,DI,BUF,16,6,1.2,2,0,4,57.8,49.7,8.0,64.9,50.6,33.9,16.0,4,5,199,205,6.5,13,15
Markus Golden,9491,ED,ARZ,11,5,2.6,2,0,1,38.5,52.3,15.6,68.2,50.8,83.0,0.0,0,5,161,167,9.9,16,20
Randy Gregory,9493,ED,DAL,16,1,2.8,1,0,9,64.1,61.7,7.0,66.8,61.9,71.5,7.1,1,9,152,158,3.9,6,12
Frank Clark,9496,ED,SEA,17,0,1.9,0,0,29,61.6,77.4,74.4,74.7,69.1,28.9,30.8,8,2,251,259,5.6,14,18
Jordan Richards,9497,S,ATL,15,3,4.4,0,0,2,63.9,64.6,78.9,67.9,62.0,56.1,12.5,3,0,156,160,6.4,10,18
P.J. Williams,9511,CB,NO,16,3,3.2,1,0,20,48.0,55.0,62.1,72.2,83.8,90.8,0.0,0,8,208,214,3.8,8,13
Eli Harold,9512,ED,DET,8,0,3.0,0,0,11,74.8,58.6,49.6,55.2,60.3,77.1,0.0,0,1,51,53,5.9,3,3
Jordan Hicks,9517,LB,PHI,14,10,4.8,0,0,24,78.1,79.7,61.0,55.4,79.0,86.3,5.1,2,1,245,252,5.7,14,27
Danielle Hunter,9521,ED,MIN,16,9,3.2,0,0,18,69.5,77.8,86.4,70.5,67.1,65.0,9.1,5,1,340,353,7.6,26,41
Carl Davis,9523,DI,CLV,5,0,,0,0,8,,46.2,76.5,58.5,44.5,,,0,0,14,14,0.0,0,0
Henry Anderson,9526,DI,NYJ,16,6,1.9,0,0,22,60.3,74.3,87.9,65.8,73.8,42.5,16.1,5,1,191,197,8.4,16,20
Geneo Grissom,9530,ED,IND,2,0,,0,0,14,,78.0,77.7,75.8,59.9,,,0,0,5,5,0.0,0,0
Steven Nelson,9531,CB,KC,18,4,8.5,2,0,16,71.2,72.1,56.8,60.0,74.1,67.0,13.0,3,11,460,470,0.4,2,16
Angelo Blackson,9533,DI,HST,17,5,2.8,0,0,13,58.9,58.6,70.6,55.0,61.5,55.3,10.5,2,0,178,183,3.9,7,12
Trey Flowers,9534,ED,NE,17,10,2.2,2,2,19,77.6,89.6,56.6,80.5,83.1,73.5,4.5,2,4,257,263,10.1,26,32
Clayton Geathers,9542,S,IND,14,11,7.3,0,0,14,63.6,66.9,87.6,70.7,68.2,71.2,11.3,6,1,301,313,4.0,12,36
Gabe Wright,9546,DI,OAK,2,0,,0,0,23,,44.3,76.0,53.9,46.4,22.9,100.0,1,0,13,13,0.0,0,0
Ibraheim Campbell,9548,S,GB,4,1,11.9,0,0,12,75.6,85.0,78.6,59.1,84.2,89.4,0.0,0,0,40,41,10.0,4,8
Rodney Gunter,9549,DI,ARZ,16,3,2.7,0,0,1,67.5,67.8,66.5,63.2,63.3,60.6,8.1,3,2,289,298,6.9,20,31
Ramik Wilson,9551,LB,LA,7,6,3.2,0,0,26,71.1,61.3,81.6,52.1,47.8,78.1,0.0,0,0,68,69,8.8,6,10
Josh Shaw,9553,S,TB,4,0,0.7,0,0,30,52.0,54.7,80.2,60.0,65.8,74.3,0.0,0,0,41,43,4.9,2,3
Za'Darius Smith,9555,ED,BLT,17,11,3.8,0,0,3,63.2,69.6,21.1,77.9,56.5,74.3,4.2,1,6,214,223,3.3,7,12
Kwon Alexander,9557,LB,TB,6,7,1.3,0,0,30,57.1,57.4,83.9,78.8,49.5,51.4,13.6,3,1,116,121,6.9,8,12
Javorius Allen,9558,HB,BLT,1,0,,0,0,3,,59.9,60.0,,60.0,,,0,2,1,1,0.0,0,0
Damien Wilson,9560,LB,DAL,18,3,2.4,0,0,9,32.9,43.8,80.8,61.4,55.8,32.5,18.2,4,0,160,165,5.6,9,15
Grady Jarrett,9570,DI,ATL,14,13,2.1,0,0,2,61.2,90.4,68.4,86.7,84.8,64.8,2.1,1,3,236,245,9.7,23,34
Adrian Amos,9575,S,CHI,17,9,5.3,0,0,6,85.5,82.7,66.7,73.3,78.0,74.1,16.0,4,2,335,342,1.5,5,12
MyCole Pruitt,9576,TE,TEN,1,0,,0,0,31,,59.9,60.0,,60.0,,,0,1,1,1,0.0,0,0
Bobby McCain,9578,CB,MIA,14,1,5.6,5,0,17,54.0,57.9,61.6,86.1,65.7,51.6,19.2,5,7,338,352,3.3,11,20
David Parry,9584,DI,MIN,3,0,3.0,0,0,18,61.7,59.9,79.8,60.0,51.7,70.1,0.0,0,0,16,17,6.3,1,1
Kyle Emanuel,9586,LB,LAC,16,4,2.8,0,0,27,38.6,48.6,39.7,61.1,61.4,55.1,11.5,3,1,135,138,8.1,11,19
Tyeler Davison,9587,DI,NO,16,6,2.3,1,0,20,54.1,62.1,58.5,54.5,71.6,66.3,5.0,1,2,207,208,4.8,10,13
Tony Lippett,9589,CB,NYG,1,0,,0,0,21,32.4,34.1,75.6,,60.0,27.0,,0,0,1,1,0.0,0,0
David Mayo,9602,LB,CAR,9,3,1.0,0,0,5,70.7,58.7,87.5,62.9,45.9,30.1,22.2,2,0,68,72,5.9,4,4
D.J. Alexander,9605,ED,PHI,1,0,,0,0,24,,60.0,60.0,,60.0,,,0,0,1,1,0.0,0,0
Michael Bennett,9613,DI,ATL,2,0,1.3,0,0,2,,66.7,77.0,56.1,69.6,69.8,0.0,0,0,17,17,11.8,2,3
Darius Philon,9625,DI,LAC,18,10,1.3,1,1,27,57.9,65.7,55.2,63.3,66.9,35.6,16.7,6,3,239,243,6.3,15,20
L.T. Walton,9632,DI,PIT,4,1,1.0,0,0,25,,58.5,77.4,55.7,60.2,68.4,0.0,0,0,23,23,4.3,1,1
Quandre Diggs,9633,S,DET,16,7,7.3,0,0,11,67.1,72.7,88.8,64.3,80.7,72.3,9.1,3,4,362,372,3.9,14,23
Darius Kilgo,9636,DI,TEN,11,1,3.0,0,0,31,62.3,59.6,81.6,49.6,61.7,51.2,0.0,0,0,72,74,2.8,2,4
Christian Ringo,9643,DI,CIN,6,0,1.5,0,0,7,53.0,60.6,44.2,67.7,63.8,72.8,14.3,1,1,51,52,7.8,4,6
Anthony Chickillo,9645,ED,PIT,15,4,0.8,0,0,25,73.6,67.8,85.9,56.0,70.4,57.6,0.0,0,0,95,98,4.2,4,6
Christian Covington,9649,DI,HST,13,3,1.4,0,0,13,72.3,73.4,84.5,63.6,70.1,75.4,11.1,1,0,66,71,7.6,5,5
Rakeem Nunez-Roches,9650,DI,TB,3,0,2.0,0,0,30,60.0,44.9,0.0,51.3,56.1,68.7,0.0,0,1,14,15,7.1,1,1
Hayes Pullard,9652,LB,LAC,8,4,1.8,0,0,27,64.0,71.4,77.2,59.9,73.0,85.2,0.0,0,0,57,61,5.3,3,4
Bryce Hager,9657,LB,LA,8,1,3.0,0,0,26,75.3,71.4,92.5,54.0,58.8,69.0,16.7,1,0,19,19,10.5,2,4
Mark Nzeocha,9669,LB,SF,11,4,3.0,0,0,28,48.3,53.1,80.6,69.5,54.8,36.4,18.2,2,0,97,102,4.1,4,5
Darryl Roberts,9680,S,NYJ,13,4,12.8,0,0,22,66.4,69.0,57.7,57.5,77.5,63.0,5.6,1,2,232,243,0.4,1,13
Akeem King,9682,CB,SEA,5,1,5.0,0,0,29,64.8,64.1,80.8,61.5,56.2,85.1,0.0,0,1,44,47,2.3,1,3
Jermaine Whitehead,9698,S,CLV,9,2,5.3,0,0,8,58.1,57.6,22.2,63.7,58.2,59.2,10.0,1,1,63,65,4.8,3,7
Justin Hamilton,9732,DI,KC,6,1,0.0,0,0,16,,80.0,79.5,77.4,70.3,69.5,0.0,0,0,46,46,2.2,1,1
Denzel Rice,9784,CB,BUF,1,0,,0,0,4,54.7,36.0,76.3,,25.3,72.8,,0,0,10,11,0.0,0,0
Xavier Williams,9809,DI,KC,18,6,3.1,0,1,16,60.9,70.4,87.5,63.3,68.0,56.8,4.2,2,0,229,233,11.4,26,40
Mike Hull,9815,LB,MIA,3,2,10.5,0,0,17,68.9,58.8,73.2,50.5,55.4,36.4,14.3,1,0,39,42,2.6,1,4
Zach Vigil,9824,LB,WAS,1,0,,0,0,32,78.3,76.2,89.4,,60.0,76.0,,0,0,1,1,0.0,0,0
Neville Hewitt,9836,LB,NYJ,8,2,1.5,0,0,22,30.7,42.4,80.0,74.8,59.8,50.1,13.3,2,0,92,95,10.9,10,11
Troy Hill,9881,CB,LA,14,0,5.2,1,0,26,58.7,63.6,43.4,,86.6,74.6,0.0,0,4,170,175,3.5,6,10
Jake Kumerow,9883,WR,GB,2,0,,0,0,12,,60.0,60.0,,60.0,,,0,0,2,2,0.0,0,0
Justin Coleman,9892,CB,SEA,17,1,13.2,2,0,29,75.1,67.3,30.7,58.4,34.0,51.4,33.3,3,6,192,195,1.0,2,5
Anthony Harris,9895,S,MIN,11,4,6.3,0,0,18,87.1,89.0,88.6,48.9,82.6,86.2,5.0,1,0,269,275,1.5,4,15
Matt Longacre,9910,ED,LA,14,4,5.7,0,0,26,66.5,68.6,84.4,63.5,65.2,53.3,21.4,3,0,136,140,2.9,4,7
Cameron Lynch,9911,LB,TB,5,0,,0,0,30,49.0,44.0,72.1,,52.7,,,0,0,8,9,0.0,0,0
Ryan Delaire,9939,ED,SF,1,0,,0,0,28,60.0,44.9,78.1,48.5,51.6,,,0,0,4,4,0.0,0,0
Deshazor Everett,9940,S,WAS,14,3,3.5,0,0,32,54.2,64.5,77.7,57.7,73.3,35.1,6.7,1,0,85,86,7.1,6,11
Josh Keyes,9943,LB,HST,1,0,4.0,0,0,13,33.3,37.9,72.0,60.3,56.5,76.1,0.0,0,0,7,7,0.0,0,1
Damiere Byrd,9964,WR,CAR,1,0,,0,0,5,60.0,63.5,60.0,,60.0,,,0,0,0,1,,0,0
Dean Marlowe,9966,S,BUF,1,2,14.0,0,0,4,62.3,59.8,77.3,58.9,54.1,80.1,0.0,0,0,23,24,0.0,0,1
Jesse Davis,9989,G,MIA,1,0,,0,0,17,,60.0,67.9,,60.0,,,0,6,1,1,0.0,0,0
Bryce Callahan,10000,CB,CHI,13,2,8.0,0,0,6,81.3,81.3,85.1,86.6,57.7,65.1,22.2,2,0,177,180,1.1,2,5
Olsen Pierre,10010,DI,ARZ,10,1,1.9,0,0,1,61.8,39.7,84.1,51.3,35.5,72.9,0.0,0,0,104,107,7.7,8,8
Darius Jennings,10038,WR,TEN,1,0,,0,0,31,,59.9,60.0,,60.0,,,0,1,1,1,0.0,0,0
De'Vante Bausby,10057,CB,PHI,3,0,4.8,0,0,24,32.0,39.9,80.4,,73.6,46.8,14.3,1,1,50,54,6.0,3,6
David Irving,10063,DI,DAL,2,0,-1.0,0,0,9,,62.5,78.2,61.0,60.5,28.3,50.0,1,0,18,18,5.6,1,1
Justin March-Lillard,10065,LB,DAL,2,0,9.0,0,0,9,60.0,53.4,83.9,58.8,54.0,71.6,0.0,0,0,5,7,0.0,0,1
Quinton Dunbar,10073,CB,WAS,7,2,5.8,0,0,32,67.6,66.5,85.1,,55.1,65.8,22.2,2,2,128,131,1.6,2,5
Curtis Riley,10109,S,NYG,16,1,13.4,0,0,21,63.9,58.1,86.9,68.8,37.2,29.1,35.3,12,0,403,412,0.5,2,21
Corey Moore,10117,S,IND,4,1,21.0,0,0,14,55.1,55.3,88.1,60.0,60.1,63.8,33.3,1,0,21,21,0.0,0,1
Nick Dzubnar,10127,LB,LAC,2,0,,0,0,27,60.0,65.2,99.9,60.0,60.0,,,0,0,2,2,0.0,0,0
T.Y. McGill,10156,DI,LAC,7,2,0.0,0,0,27,,44.6,0.0,62.3,47.4,70.3,0.0,0,1,54,57,3.7,2,2
Daniel Munyer,10174,G,ARZ,2,0,,0,0,1,,64.8,72.3,59.9,61.6,,,0,1,3,3,0.0,0,0
Efe Obada,10235,ED,CAR,10,0,1.5,0,0,5,57.8,58.8,58.5,69.7,47.3,31.4,33.3,1,1,74,77,2.7,2,2
Brian Peters,10248,LB,HST,3,2,2.0,0,0,13,39.6,46.5,82.1,59.6,69.1,30.0,0.0,0,0,17,17,5.9,1,1
Erik Harris,10346,S,OAK,15,6,5.6,0,0,23,79.9,73.5,85.6,53.6,52.0,73.4,16.0,4,0,189,197,2.6,5,15
Joey Bosa,10637,ED,LAC,9,4,2.7,1,0,27,71.7,71.5,45.5,70.8,63.6,44.7,10.5,2,3,141,149,7.1,10,13
Jalen Ramsey,10639,CB,JAX,16,2,6.4,0,0,15,72.7,72.8,27.5,,77.0,77.6,0.0,0,5,386,398,1.6,6,14
DeForest Buckner,10641,DI,SF,16,14,2.3,0,0,28,67.8,79.3,52.2,73.0,72.6,49.7,10.2,5,4,296,308,7.1,21,30
Leonard Floyd,10643,ED,CHI,17,9,1.2,1,0,6,77.0,69.6,50.9,57.7,78.0,41.6,11.4,4,4,264,268,7.2,19,22
Eli Apple,10644,CB,NO,17,4,5.2,2,1,20,64.2,64.9,87.9,82.2,59.4,44.0,31.8,7,11,340,346,0.6,2,11
Vernon Hargreaves III,10645,CB,TB,1,0,3.5,0,1,30,56.4,62.3,76.7,60.0,83.2,81.2,0.0,0,0,12,13,8.3,1,2
Sheldon Rankins,10646,DI,NO,17,4,1.6,0,0,20,67.1,78.8,87.7,70.2,67.9,71.2,0.0,0,0,174,179,8.6,15,17
Karl Joseph,10648,S,OAK,12,9,9.1,0,0,23,68.0,74.5,46.0,75.3,77.1,72.4,8.3,3,1,242,251,3.7,9,24
Keanu Neal,10651,S,ATL,1,0,2.0,0,0,2,58.0,62.4,72.7,59.1,69.1,73.3,0.0,0,0,11,12,9.1,1,1
Shaq Lawson,10653,ED,BUF,14,6,1.1,1,1,4,57.8,76.5,72.9,65.0,81.1,81.6,0.0,0,1,203,208,5.9,12,16
Darron Lee,10654,LB,NYJ,12,10,3.0,0,0,22,84.8,72.4,85.9,50.4,55.1,61.4,13.0,6,0,313,324,6.1,19,30
William Jackson III,10658,CB,CIN,16,2,7.8,2,0,7,72.9,73.4,69.4,,71.2,39.6,23.5,4,4,418,430,1.0,4,11
Artie Burns,10659,CB,PIT,8,0,4.0,1,0,25,57.4,58.6,28.6,60.0,70.1,61.0,16.7,1,5,102,105,2.0,2,5
Kenny Clark,10661,DI,GB,13,13,2.4,1,0,12,45.6,90.2,68.3,88.8,88.6,64.2,4.2,2,2,282,290,9.9,28,33
Robert Nkemdiche,10663,DI,ARZ,10,2,1.3,0,0,1,66.2,58.1,54.3,61.8,54.1,76.7,4.3,1,2,184,193,8.7,16,20
Vernon Butler,10664,DI,CAR,14,4,2.1,1,0,5,59.4,61.7,26.7,60.0,67.2,60.4,8.3,1,4,131,136,3.8,5,7
Emmanuel Ogbah,10666,ED,CLV,14,8,3.7,1,0,8,58.1,57.7,62.3,51.4,67.7,65.4,6.1,2,3,285,296,4.2,12,23
Jaylon Smith,10668,LB,DAL,18,16,3.1,0,0,9,80.6,84.1,86.3,84.6,72.8,67.1,4.5,3,1,423,440,7.6,32,47
Myles Jack,10670,LB,JAX,16,20,3.9,0,0,15,66.5,68.3,46.2,69.2,67.4,66.4,13.9,10,2,388,400,7.2,28,42
Chris Jones,10671,DI,KC,18,5,2.2,2,0,16,67.5,90.9,26.5,91.5,74.1,32.3,15.4,4,8,275,283,4.4,12,17
Xavien Howard,10672,CB,MIA,12,2,18.6,1,0,17,75.3,77.3,61.8,60.0,83.5,55.0,10.0,1,7,324,334,0.9,3,7
Noah Spence,10673,ED,TB,4,1,10.0,0,0,30,,49.5,79.7,51.0,55.3,73.0,0.0,0,0,6,6,0.0,0,2
Reggie Ragland,10675,LB,KC,18,20,4.4,0,0,16,57.6,53.5,86.5,79.5,48.5,55.0,8.9,8,0,348,352,6.9,24,62
Kamalei Correa,10676,ED,TEN,13,4,2.9,0,0,31,44.7,54.1,64.6,50.2,68.6,52.5,14.3,2,1,125,127,2.4,3,8
Austin Johnson,10677,DI,TEN,16,2,2.5,0,0,31,48.6,59.2,87.1,58.9,58.2,64.5,0.0,0,0,197,206,6.1,12,17
Jihad Ward,10678,DI,IND,6,0,0.0,0,0,14,,75.7,81.6,69.9,69.8,40.7,0.0,0,0,41,42,2.4,1,1
A'Shawn Robinson,10680,DI,DET,13,9,2.5,0,0,11,60.6,89.7,34.5,65.8,91.3,62.6,4.2,2,2,205,211,11.2,23,37
Jarran Reed,10683,DI,SEA,17,13,1.7,0,0,29,55.1,68.1,73.1,66.4,66.8,66.0,4.5,2,2,288,296,9.4,27,29
Deion Jones,10686,LB,ATL,6,6,4.6,1,0,2,72.2,73.7,0.0,74.1,72.0,63.6,2.9,1,3,133,139,14.3,19,28
Su'a Cravens,10687,S,DEN,5,2,1.3,0,0,10,29.2,37.4,77.4,72.7,75.5,69.5,0.0,0,3,25,25,12.0,3,3
Mackensie Alexander,10688,CB,MIN,15,1,2.8,3,0,18,72.5,78.1,85.0,76.2,86.3,60.9,16.7,2,6,180,183,2.8,5,9
Sean Davis,10692,S,PIT,15,6,8.2,0,1,25,71.5,69.7,40.9,73.1,66.7,68.6,15.4,6,2,324,338,2.2,7,27
Cyrus Jones,10694,S,BLT,5,1,,0,0,3,51.3,59.4,86.5,,69.3,26.2,0.0,0,0,6,7,0.0,0,0
Vonn Bell,10695,S,NO,18,8,3.7,1,1,20,68.3,74.1,43.4,76.4,85.1,74.9,11.4,5,3,241,247,7.9,19,31
James Bradberry,10696,CB,CAR,16,1,9.1,2,1,5,64.9,66.4,67.9,91.4,64.3,53.4,26.3,5,5,355,369,2.0,7,13
Adam Gotsis,10697,DI,DEN,16,7,1.3,0,1,10,54.9,68.2,72.4,66.7,66.3,72.5,2.9,1,1,225,231,9.3,21,26
Kevin Byard,10698,S,TEN,16,17,8.9,0,0,31,82.5,87.9,84.6,90.1,87.8,83.0,7.5,4,1,394,408,2.5,10,32
Carl Nassib,10699,ED,TB,15,3,1.7,0,0,30,73.8,68.7,59.0,61.4,69.3,42.1,15.4,4,3,228,239,6.6,15,19
Maliek Collins,10701,DI,DAL,15,4,0.9,0,0,9,55.2,60.6,87.4,61.1,57.5,68.6,8.3,2,0,209,214,6.2,13,18
Will Redmond,10702,S,GB,1,0,,0,0,12,60.0,66.3,69.0,66.6,60.0,,,0,0,1,1,0.0,0,0
Yannick Ngakoue,10703,ED,JAX,16,5,2.7,1,0,15,59.2,72.7,58.5,76.8,59.0,29.9,22.2,4,4,251,256,2.8,7,9
Bronson Kaufusi,10704,ED,NYJ,2,0,,0,0,22,,44.1,77.7,50.7,45.6,,,0,0,10,10,0.0,0,0
Darian Thompson,10705,S,DAL,1,0,,0,0,9,,60.0,62.9,,60.0,,,0,0,1,1,0.0,0,0
Jonathan Bullard,10706,DI,CHI,17,4,2.5,0,0,6,,60.6,62.4,57.6,63.4,29.0,10.5,2,1,104,106,8.7,9,13
KeiVarae Russell,10708,CB,CIN,6,0,7.5,0,0,7,55.3,55.6,79.4,,55.7,52.5,0.0,0,0,52,53,0.0,0,2
Shilique Calhoun,10709,ED,OAK,7,4,-0.2,1,0,23,60.4,55.0,17.1,58.1,60.5,64.5,0.0,0,2,64,67,6.3,4,5
Daryl Worley,10711,CB,OAK,10,1,5.1,0,0,23,51.1,55.6,85.0,,67.3,52.8,26.7,4,0,249,259,1.6,4,10
Adolphus Washington,10714,DI,CIN,5,2,2.6,0,0,7,,71.9,81.7,67.3,67.3,49.8,12.5,1,0,62,63,6.5,4,5
Jordan Jenkins,10717,ED,NYJ,16,5,2.3,0,0,22,43.8,52.4,44.9,60.6,53.8,53.6,8.0,2,4,265,276,4.9,13,18
Kendall Fuller,10718,CB,KC,17,4,7.7,2,1,16,70.8,72.4,87.5,50.4,74.7,60.2,12.5,4,6,411,421,1.9,8,24
Leonte Carroo,10720,WR,MIA,1,0,,0,0,17,,60.0,60.0,,60.0,,,0,0,1,1,0.0,0,0
Nick Vigil,10721,LB,CIN,11,6,3.6,1,0,7,59.1,60.0,83.7,47.1,63.9,54.1,6.8,3,1,237,245,9.7,23,35
Kyler Fackrell,10722,ED,GB,16,8,3.2,0,0,12,72.7,69.5,75.6,69.0,58.5,44.5,18.5,5,1,247,255,4.5,11,14
Javon Hargrave,10723,DI,PIT,16,12,2.5,0,0,25,81.2,80.6,39.2,71.5,78.5,75.0,2.8,1,3,202,210,7.9,16,23
Brandon Williams,10726,CB,ARZ,3,0,4.0,0,0,1,55.7,49.3,82.0,,35.9,28.1,50.0,3,0,39,40,2.6,1,3
Vincent Valentine,10730,DI,ARZ,3,0,0.0,0,0,1,,57.3,77.9,59.9,55.9,67.6,0.0,0,0,24,24,4.2,1,1
Justin Simmons,10732,S,DEN,16,9,12.0,0,0,10,51.2,60.9,67.3,70.6,80.4,81.1,0.0,0,4,413,424,1.7,7,22
Joe Schobert,10733,LB,CLV,13,9,4.1,0,0,8,87.7,76.8,87.6,67.0,52.2,29.7,20.5,15,0,322,329,7.8,25,49
Sheldon Day,10737,DI,SF,12,2,3.5,0,0,28,63.5,59.1,84.4,67.6,45.5,56.6,0.0,0,0,106,110,2.8,3,6
Tavon Young,10738,CB,BLT,15,0,4.0,0,0,3,62.6,62.7,86.5,47.8,70.5,49.6,11.1,1,1,166,173,2.4,4,8
Eric Murray,10740,S,KC,16,6,10.3,3,0,16,66.9,67.5,37.3,62.6,71.2,67.9,13.0,3,5,219,226,2.3,5,14
Chris Moore,10741,WR,BLT,2,0,,0,0,3,,60.1,64.8,,60.0,,,0,1,2,2,0.0,0,0
Ryan Smith,10742,CB,TB,10,3,4.5,1,0,30,61.8,63.8,85.9,,69.0,57.2,0.0,0,2,138,144,2.2,3,6
B.J. Goodson,10743,LB,NYG,15,5,4.8,0,0,21,59.3,66.2,83.4,66.2,67.8,78.0,7.0,3,0,249,257,6.0,15,35
Miles Killebrew,10745,S,DET,1,0,,0,0,11,,60.0,60.0,,60.0,,,0,0,1,1,0.0,0,0
Nick Kwiatkoski,10747,LB,CHI,8,2,2.5,0,0,6,46.7,56.1,75.9,64.5,71.5,83.1,0.0,0,0,31,32,9.7,3,4
De'Vondre Campbell,10749,LB,ATL,16,12,6.0,0,0,2,50.6,56.6,69.9,57.8,65.3,89.2,2.2,1,1,315,324,5.4,17,33
Hassan Ridgeway,10750,DI,IND,7,1,3.5,0,0,14,69.2,73.9,81.1,60.4,72.5,31.8,16.7,1,0,37,38,8.1,3,4
Juston Burris,10752,CB,CLV,1,0,,0,0,8,,60.0,60.0,,60.0,,,0,0,1,1,0.0,0,0
David Onyemata,10754,DI,NO,18,6,1.4,0,0,20,60.2,79.7,67.9,75.8,73.9,59.8,11.1,3,2,214,219,7.5,16,18
Andrew Billings,10756,DI,CIN,16,3,1.3,0,0,7,60.0,71.1,81.6,64.5,68.8,54.0,11.8,4,1,334,341,6.9,23,27
Deon Bush,10758,S,CHI,8,1,4.8,0,0,6,75.4,75.8,9.2,72.9,62.5,63.7,14.3,1,1,63,64,4.8,3,5
Antonio Morrison,10759,LB,GB,15,11,2.9,0,0,12,47.7,55.8,79.6,65.6,61.3,33.0,14.7,5,0,167,173,7.2,12,18
Demarcus Robinson,10760,WR,KC,1,0,,0,0,16,,60.1,60.0,,60.0,,,0,4,1,1,0.0,0,0
Derrick Kindred,10763,S,CLV,16,2,10.0,0,0,8,52.6,46.9,61.1,54.3,42.8,32.6,27.8,5,1,213,221,0.9,2,11
Blake Martinez,10765,LB,GB,16,31,4.0,0,0,12,82.6,73.6,67.8,63.1,58.5,73.0,9.1,8,1,409,422,5.9,24,49
Willie Henry,10766,DI,BLT,3,1,2.0,0,0,3,59.7,65.7,79.6,59.4,68.2,69.4,0.0,0,0,22,22,4.5,1,1
Rashard Robinson,10767,CB,NYJ,3,0,11.0,0,0,22,33.3,38.3,78.8,54.7,67.7,41.2,0.0,0,0,31,33,0.0,0,1
Dean Lowry,10771,DI,GB,16,7,2.7,0,0,12,61.9,72.6,46.2,60.8,78.4,44.8,9.3,4,4,317,325,7.3,23,32
Seth DeValve,10772,TE,CLV,1,0,,0,0,8,,60.0,60.0,,60.0,,,0,1,1,1,0.0,0,0
Ronald Blair III,10776,ED,SF,16,4,1.7,0,0,28,67.3,61.2,67.4,54.7,64.7,70.0,0.0,0,1,173,180,6.4,11,15
Matthew Judon,10780,ED,BLT,17,5,0.5,0,0,3,55.6,66.9,17.2,71.3,71.3,61.7,10.7,3,6,222,234,7.7,17,20
Quinton Jefferson,10781,DI,SEA,17,3,1.9,0,0,29,64.7,60.3,20.6,57.3,69.9,55.1,11.1,2,6,205,211,5.4,11,13
Matt Ioannidis,10786,DI,WAS,14,2,3.9,0,0,32,60.7,68.7,70.7,70.6,59.2,77.8,0.0,0,1,161,163,5.6,9,15
Wendell Smallwood,10787,HB,PHI,1,0,,0,0,24,,60.0,60.4,,60.0,,,0,0,1,1,0.0,0,0
LeShaun Sims,10791,CB,TEN,10,2,0.7,0,0,31,56.8,58.1,82.2,73.0,54.5,46.2,37.5,3,1,73,79,4.1,3,3
Kentrell Brothers,10794,LB,MIN,1,0,,0,0,18,63.0,65.2,68.2,60.9,60.0,77.1,,0,0,1,1,0.0,0,0
Christian Westerman,10795,G,CIN,1,0,,0,0,7,,60.0,65.2,,60.0,,,0,1,1,1,0.0,0,0
Tyreek Hill,10799,WR,KC,1,0,,1,0,16,,59.9,60.0,,60.0,,,0,6,1,1,0.0,0,0
D.J. Reader,10800,DI,HST,17,9,2.6,0,0,13,68.1,76.1,77.9,62.0,77.1,77.6,0.0,0,1,302,312,5.6,17,21
Marqui Christian,10801,S,LA,16,2,8.3,0,0,26,58.8,55.8,1.4,50.1,59.2,63.6,0.0,0,2,55,56,0.0,0,4
Jatavis Brown,10809,LB,LAC,15,9,4.9,0,0,27,56.8,53.4,55.1,61.1,49.1,65.7,13.9,5,2,206,213,6.3,13,22
Devante Bond,10817,LB,TB,10,3,3.4,0,0,30,40.0,47.1,37.5,54.7,57.1,68.0,13.3,2,1,155,160,3.9,6,10
DeAndre Houston-Carson,10819,S,CHI,4,0,7.0,0,0,6,62.2,59.8,75.4,54.4,52.4,59.6,50.0,1,0,9,9,0.0,0,1
Anthony Brown,10823,CB,DAL,17,3,6.3,0,0,9,65.7,65.8,86.9,59.3,60.7,59.2,17.6,3,2,266,276,1.5,4,11
Blake Countess,10830,S,LA,6,0,9.0,0,0,26,69.7,66.6,81.8,58.3,49.2,28.2,66.7,2,0,20,20,5.0,1,1
Danny Vitale,10831,FB,GB,1,0,,0,0,12,,60.0,60.4,,60.0,,,0,0,1,1,0.0,0,0
Derek Watt,10832,FB,LAC,1,0,,0,0,27,27.2,40.4,60.0,60.0,60.0,68.5,,0,0,1,1,0.0,0,0
Anthony Zettel,10836,ED,CLV,14,2,1.7,0,0,8,65.1,52.4,84.4,49.5,54.1,52.6,11.1,1,0,56,58,7.1,4,6
Jordan Lucas,10838,S,KC,9,7,9.6,0,0,16,61.7,57.8,82.1,66.8,43.7,50.8,25.0,5,1,106,108,0.9,1,8
Kamu Grugier-Hill,10842,LB,PHI,18,4,2.4,0,0,24,60.1,63.5,81.6,61.6,64.2,76.1,13.0,3,0,164,171,6.1,10,16
Maurice Canady,10843,CB,BLT,2,0,,0,0,3,54.7,55.7,97.2,,60.0,75.1,,0,0,4,5,0.0,0,0
Kavon Frazier,10846,S,DAL,11,1,9.0,0,0,9,44.7,52.2,82.3,66.3,70.6,36.1,10.0,1,0,76,80,2.6,2,8
Elandon Roberts,10848,LB,NE,18,11,2.7,0,0,19,55.4,67.9,83.2,68.4,74.0,70.6,4.7,2,0,203,209,11.3,23,30
Will Parks,10853,S,DEN,15,4,5.6,1,0,10,75.7,74.0,85.9,53.7,65.2,52.8,23.5,4,1,197,201,3.0,6,9
Aaron Wallace,10856,ED,DEN,1,1,,0,0,10,50.5,45.0,72.9,57.9,66.8,25.3,0.0,0,0,5,5,0.0,0,0
Jonathan Woodard,10860,ED,MIA,6,1,1.7,0,0,17,61.2,61.3,84.3,58.1,59.8,51.6,12.5,1,0,69,70,7.2,5,6
Stephen Weatherly,10861,ED,MIN,16,2,1.6,0,0,18,66.6,66.9,54.7,58.1,70.1,49.3,17.9,5,3,198,204,9.1,18,21
Jalen Mills,10867,CB,PHI,8,1,3.8,1,0,24,55.8,57.2,84.1,58.3,63.1,41.2,28.6,2,4,126,129,2.4,3,4
Dwayne Washington,10870,HB,NO,1,0,,0,0,20,,60.0,60.0,,60.0,,,0,1,1,1,0.0,0,0
Trevor Bates,10873,LB,DET,1,0,,0,0,11,,66.3,99.9,,61.0,,,0,0,3,3,0.0,0,0
Jayron Kearse,10878,CB,MIN,13,2,3.4,1,0,18,62.1,67.9,80.2,65.2,76.3,87.0,0.0,0,2,68,74,7.4,5,7
Clayton Fejedelem,10879,S,CIN,9,1,6.2,0,0,7,88.4,88.8,80.5,60.4,63.7,76.2,25.0,2,0,41,43,4.9,2,5
Tyler Matakevich,10880,LB,PIT,3,2,8.0,0,0,25,69.8,72.6,76.1,55.7,69.0,66.5,25.0,1,0,24,25,0.0,0,1
Joe Walker,10885,LB,ARZ,1,0,,0,0,1,,60.0,67.5,,60.0,,,0,0,0,1,,0,0
Mike Hilton,10898,CB,PIT,15,2,2.2,0,0,25,72.0,69.9,25.3,48.7,76.7,78.2,0.0,0,3,139,143,7.2,10,12
Jarrod Wilson,10902,S,JAX,10,1,5.7,0,0,15,68.7,73.7,78.2,59.8,73.6,70.2,0.0,0,0,87,91,5.7,5,10
Briean Boddy-Calhoun,10903,CB,CLV,13,2,9.4,0,0,8,63.0,62.0,87.2,74.1,45.0,44.4,36.4,4,1,183,190,0.0,0,5
Chris Milton,10914,CB,IND,2,0,,0,0,14,45.7,47.9,85.3,60.0,62.5,52.6,,0,0,16,17,0.0,0,0
Isaiah Johnson,10935,S,TB,13,3,13.2,0,0,30,37.8,40.0,84.8,53.3,54.6,69.3,8.7,2,0,174,178,2.9,5,18
Cassanova McKinzy,10938,ED,WAS,3,0,,0,0,32,61.9,52.5,76.7,62.0,41.0,70.5,,0,0,10,11,0.0,0,0
Matthias Farley,10953,S,IND,3,0,5.0,0,0,14,66.0,66.4,83.4,54.0,60.7,57.3,14.3,1,0,33,37,9.1,3,6
Justin Zimmer,10975,DI,ATL,1,0,,0,0,2,,59.3,72.4,55.6,61.5,,,0,0,3,3,0.0,0,0
Chris Landrum,10992,ED,LAC,7,1,3.5,0,0,27,60.9,58.0,38.5,57.6,62.4,28.1,25.0,1,1,27,28,3.7,1,2
Trevor Williams,11004,CB,LAC,7,0,5.0,0,0,27,58.4,61.0,85.3,,69.6,34.1,50.0,1,1,141,144,0.0,0,1
Vontarrius Dora,11014,ED,ARZ,2,0,5.0,0,0,1,61.9,47.3,81.4,66.3,39.2,29.9,50.0,1,0,43,44,2.3,1,1
Eddie Yarbrough,11033,ED,BUF,15,3,0.5,0,0,4,61.7,58.0,70.9,50.8,62.7,80.8,4.2,1,1,158,164,11.4,18,20
Sharrod Neasman,11050,S,ATL,11,4,4.5,0,0,2,67.5,67.8,80.2,57.5,64.2,46.3,13.6,3,1,148,154,4.7,7,15
Joshua Perkins,11051,TE,PHI,1,0,3.0,0,0,24,,60.0,60.0,,60.0,70.6,0.0,0,0,1,1,0.0,0,1
Brian Poole,11052,CB,ATL,16,6,8.2,3,0,2,60.5,61.3,18.0,75.2,63.7,53.9,25.0,6,7,245,254,2.4,6,12
Destiny Vaeao,11083,DI,NYJ,6,0,,0,0,22,59.5,50.3,81.3,57.0,47.2,68.1,,0,0,56,57,0.0,0,0
Trevon Coley,11093,DI,CLV,16,7,2.7,0,0,8,55.4,47.1,62.6,48.5,52.9,29.4,17.6,6,2,291,299,5.2,15,21
Patrick Onwuasor,11100,LB,BLT,16,7,3.6,0,0,3,73.5,65.9,20.5,76.5,51.4,67.4,8.1,3,3,189,201,7.4,14,27
Michael Pierce,11101,DI,BLT,15,5,2.2,0,0,3,81.2,91.0,86.6,68.9,92.0,56.0,9.1,3,0,150,156,12.0,18,25
Tra Carson,11104,FB,GB,1,0,14.0,0,0,12,,63.0,60.0,,62.0,68.4,0.0,0,0,1,1,0.0,0,1
Charles Washington,11137,S,DET,1,0,,0,0,11,,60.0,60.0,,60.0,,,0,0,1,1,0.0,0,0
Kentrell Brice,11142,S,GB,14,2,5.9,0,0,12,51.5,52.1,84.6,72.5,50.0,40.0,15.4,4,0,244,253,3.3,8,20
Reggie Gilbert,11147,ED,GB,16,1,2.6,0,0,12,67.6,63.5,87.5,55.4,64.4,69.4,4.3,1,0,188,196,9.6,18,21
Josh Hawkins,11149,CB,PHI,2,0,,0,0,24,55.3,57.3,82.2,,60.0,76.8,,0,0,7,7,0.0,0,0
Brian Price,11157,DI,CLV,13,4,1.9,0,0,8,57.7,53.5,83.0,59.0,51.5,60.1,7.1,1,0,94,98,7.4,7,9
Joel Heath,11162,DI,HST,4,0,3.5,0,0,13,60.0,45.7,77.3,57.2,44.0,69.9,0.0,0,0,19,20,0.0,0,2
Ufomba Kamalu,11164,ED,NE,2,0,-4.0,0,0,19,,53.2,77.4,53.8,58.0,68.1,0.0,0,0,5,5,20.0,1,1
Eric Lee,11165,ED,DET,8,1,-0.8,0,0,11,60.4,50.6,30.0,54.0,56.0,55.4,14.3,1,1,28,33,17.9,5,5
Brennan Scarlett,11169,LB,HST,7,1,2.6,0,0,13,90.4,89.9,3.9,69.2,64.8,51.3,25.0,2,1,48,49,6.3,3,5
Terrance Smith,11181,LB,KC,7,0,5.0,0,0,16,42.3,42.9,86.9,70.2,34.9,71.0,0.0,0,1,20,20,0.0,0,1
Nicholas Grigsby,11187,LB,DET,4,1,-5.0,0,0,11,49.7,45.5,74.0,73.6,45.5,55.5,0.0,0,0,13,13,7.7,1,1
Cory Littleton,11190,LB,LA,18,15,4.0,0,0,26,84.7,66.7,68.3,63.6,42.7,84.4,9.3,7,4,387,402,8.3,32,53
James Burgess,11202,LB,CLV,3,0,2.4,0,0,8,50.2,41.3,75.3,39.8,49.8,25.3,37.5,3,0,43,44,7.0,3,5
Lafayette Pitts,11210,CB,BUF,4,0,,0,0,4,54.3,56.7,78.5,,66.5,27.7,,0,0,29,29,0.0,0,0
Jonathan Jones,11217,CB,NE,15,2,6.1,1,0,19,62.7,65.2,86.1,56.6,76.4,66.6,10.0,1,6,142,144,2.1,3,7
Cre'Von LeBlanc,11218,CB,PHI,12,1,10.8,0,0,24,74.1,72.7,84.2,55.6,59.0,72.2,22.2,2,2,123,127,1.6,2,6
Ken Crawley,11224,CB,NO,11,1,3.0,0,0,20,48.9,50.8,40.1,52.9,69.1,76.9,14.3,1,6,134,137,3.0,4,5
De'Vante Harris,11227,CB,TB,4,1,4.7,0,0,30,72.4,65.1,79.5,59.1,35.8,28.9,20.0,1,0,30,31,3.3,1,3
Tommylee Lewis,11231,WR,NO,1,0,,0,0,20,,60.0,60.0,,60.0,,,0,0,1,1,0.0,0,0
Andrew Adams,11240,S,TB,10,0,6.4,0,0,30,69.0,59.3,82.8,58.9,30.5,29.4,43.8,7,1,132,137,2.3,3,9
Dont'e Deayon,11242,CB,NYG,3,1,,0,0,21,64.1,66.5,79.0,,72.7,49.1,0.0,0,1,36,36,0.0,0,0
Romeo Okwara,11250,ED,DET,15,9,3.5,0,0,11,68.6,64.0,81.2,50.3,73.0,60.7,3.3,1,2,283,288,4.2,12,20
Doug Middleton,11262,S,NYJ,4,3,11.8,0,0,22,61.9,58.5,10.4,54.6,54.9,90.4,0.0,0,1,81,81,0.0,0,4
Tyvis Powell,11291,S,SF,4,0,9.0,0,0,28,30.6,32.1,75.4,56.3,55.3,77.7,0.0,0,0,45,47,0.0,0,1
Antwaun Woods,11332,DI,DAL,17,10,2.2,0,0,9,72.3,63.9,44.4,52.0,68.0,70.1,6.5,2,4,327,340,4.3,14,19
Roy Robertson-Harris,11341,DI,CHI,17,8,0.8,0,0,6,84.0,72.1,85.0,60.4,74.1,60.3,6.7,1,0,85,87,7.1,6,6
C.J. Ham,11347,FB,MIN,1,0,,0,0,18,,60.0,60.0,,60.0,,,0,0,1,1,0.0,0,0
Kenneth Durden,11352,CB,TEN,3,0,,0,0,31,63.6,65.0,73.2,,60.5,,,0,0,8,8,0.0,0,0
Tony McRae,11358,CB,CIN,5,0,,0,0,7,61.1,61.8,78.6,59.1,65.0,33.2,100.0,1,0,18,18,0.0,0,0
Branden Jackson,11394,ED,SEA,9,3,2.3,0,0,29,64.8,58.6,86.7,53.2,60.1,77.0,0.0,0,0,97,101,6.2,6,7
Javien Elliott,11418,CB,TB,9,1,3.3,0,0,30,68.0,63.9,84.0,56.9,43.9,59.0,12.5,1,0,107,113,2.8,3,6
Jeff Richards,11517,CB,LAC,1,0,,0,0,27,60.7,70.2,95.4,,60.0,,,0,0,1,1,0.0,0,0
Myles Garrett,11756,ED,CLV,16,5,1.8,3,1,8,76.2,86.9,16.9,86.2,80.1,65.0,3.8,1,12,370,379,4.6,17,20
Solomon Thomas,11758,ED,SF,16,4,3.0,0,0,28,58.8,62.5,69.5,58.3,64.9,55.5,11.1,3,2,285,295,4.2,12,20
Jamal Adams,11761,S,NYJ,16,11,5.0,0,1,22,89.6,89.8,70.0,89.9,78.0,79.0,10.3,7,2,411,426,6.8,28,50
Marshon Lattimore,11766,CB,NO,18,1,8.1,0,0,20,75.8,77.5,90.0,50.2,78.9,80.3,0.0,0,3,316,325,1.3,4,11
Haason Reddick,11768,LB,ARZ,15,12,3.1,1,0,1,57.5,60.4,12.2,78.7,58.2,66.7,18.0,9,5,358,368,5.6,20,29
Derek Barnett,11769,ED,PHI,6,2,0.8,0,0,24,59.1,67.5,40.8,62.3,76.4,78.8,7.1,1,2,64,64,14.1,9,11
Malik Hooker,11770,S,IND,15,8,13.6,0,0,14,82.2,79.2,67.8,,71.4,75.6,9.1,2,1,353,361,0.3,1,12
Marlon Humphrey,11771,CB,BLT,15,4,5.9,0,0,3,82.0,78.7,15.0,56.6,66.2,52.8,14.3,2,8,239,251,1.3,3,8
Jonathan Allen,11772,DI,WAS,16,13,2.8,0,0,32,61.2,69.7,66.8,68.2,65.2,69.3,2.1,1,2,307,311,6.2,19,33
Adoree' Jackson,11773,CB,TEN,16,3,5.1,0,0,31,69.0,73.0,67.1,81.4,84.0,74.5,0.0,0,2,361,374,1.7,6,14
Jarrad Davis,11776,LB,DET,16,18,3.5,0,1,11,64.5,51.0,12.6,74.5,32.9,53.4,17.1,12,4,382,392,6.0,23,40
Charles Harris,11777,ED,MIA,11,4,4.1,1,0,17,67.2,60.4,54.1,63.6,54.8,45.9,13.3,2,4,157,165,2.5,4,9
Gareon Conley,11779,CB,OAK,14,4,8.9,0,0,23,61.5,64.0,87.4,56.2,69.0,55.6,6.3,1,4,292,305,1.0,3,11
Jabrill Peppers,11780,S,CLV,16,8,6.8,0,0,8,77.3,77.6,87.6,58.8,74.1,67.5,10.3,4,2,274,283,4.7,13,27
Takkarist McKinley,11781,ED,ATL,15,3,3.2,0,0,2,48.0,61.5,46.0,66.5,57.9,48.7,7.1,1,3,188,194,4.3,8,10
Tre'Davious White,11782,CB,BUF,16,1,6.0,4,0,4,62.5,61.0,66.5,55.5,53.6,53.5,28.6,6,10,389,402,1.3,5,14
Taco Charlton,11783,ED,DAL,13,5,1.7,0,0,9,62.1,64.3,76.8,58.6,64.9,59.3,4.8,1,1,181,188,5.5,10,15
T.J. Watt,11785,ED,PIT,16,4,2.1,3,1,25,38.7,75.7,47.8,78.7,83.2,40.5,11.4,5,6,302,314,10.6,32,35
Reuben Foster,11786,LB,SF,6,2,4.0,0,0,28,42.6,44.3,36.4,63.0,52.9,28.3,32.0,8,2,125,125,7.2,9,15
Kevin King,11788,CB,GB,6,2,5.5,1,0,12,59.9,56.6,25.6,56.2,49.3,56.7,14.3,1,2,113,119,0.9,1,4
Budda Baker,11791,CB,ARZ,14,6,4.6,0,0,1,60.6,65.9,69.8,60.5,77.0,70.9,6.5,3,4,399,410,6.5,26,37
Marcus Maye,11794,S,NYJ,6,5,11.1,0,0,22,71.2,80.0,84.3,95.2,75.0,77.0,8.7,2,0,165,170,1.8,3,16
Curtis Samuel,11795,WR,CAR,1,0,,0,0,5,60.0,64.7,89.5,,60.0,,,0,2,0,1,,0,0
Marcus Williams,11797,S,NO,18,4,14.0,0,0,20,66.0,71.1,88.9,93.1,72.6,66.9,14.3,3,1,337,346,0.0,0,14
Sidney Jones,11798,CB,PHI,9,2,1.3,1,0,24,47.6,47.5,82.5,55.5,50.2,29.6,33.3,3,2,79,80,2.5,2,4
Quincy Wilson,11801,CB,IND,13,1,4.5,0,0,14,67.8,69.9,86.5,66.0,72.9,56.7,0.0,0,4,154,157,1.3,2,6
Tyus Bowser,11802,ED,BLT,14,0,,0,0,3,62.7,61.2,82.9,63.1,52.3,73.6,,0,1,57,59,0.0,0,0
Ryan Anderson,11804,ED,WAS,12,2,1.3,0,0,32,88.8,86.8,85.0,57.9,83.8,67.9,0.0,0,0,61,62,8.2,5,6
Justin Evans,11805,S,TB,10,3,10.9,0,0,30,65.8,67.6,53.5,55.5,70.8,74.8,7.4,2,1,217,229,2.8,6,22
DeMarcus Walker,11806,DI,DEN,2,0,4.5,0,0,10,,85.0,75.0,74.8,73.2,70.7,0.0,0,0,5,5,40.0,2,2
Teez Tabor,11808,CB,DET,10,0,28.0,1,0,11,29.9,32.2,24.0,50.9,65.7,82.3,50.0,1,5,94,96,0.0,0,1
Raekwon McMillan,11809,LB,MIA,16,13,3.2,0,0,17,42.0,60.2,61.3,49.9,78.5,62.3,9.6,8,1,420,434,11.2,47,62
Dalvin Tomlinson,11810,DI,NYG,16,14,1.7,0,0,21,60.9,76.1,88.7,55.6,80.0,79.2,0.0,0,0,310,317,8.4,26,33
Obi Melifonwu,11811,S,NE,1,0,,0,0,19,56.3,55.2,72.6,53.1,60.5,72.5,,0,0,5,5,0.0,0,0
Zach Cunningham,11812,LB,HST,15,11,2.9,0,1,13,60.0,68.5,84.8,69.8,74.9,57.4,7.7,5,1,287,298,10.1,29,49
Tanoh Kpassagnon,11814,ED,KC,9,0,-6.0,0,0,16,53.9,70.0,82.4,64.8,75.3,73.9,0.0,0,0,22,22,4.5,1,1
Chidobe Awuzie,11815,CB,DAL,17,2,6.0,0,0,9,65.4,63.9,87.8,58.7,52.0,59.4,22.6,7,1,384,399,1.8,7,22
Josh Jones,11816,S,GB,10,10,3.8,0,0,12,59.2,62.3,48.5,63.2,67.5,65.4,9.7,3,1,186,191,5.9,11,18
Larry Ogunjobi,11820,DI,CLV,16,6,1.5,0,1,8,53.6,60.6,54.7,58.8,67.3,52.9,5.1,2,4,337,346,7.4,25,31
Ahkello Witherspoon,11821,CB,SF,13,2,8.5,3,0,28,39.8,44.5,60.1,,66.4,58.1,22.2,4,10,259,269,1.5,4,12
Dawuane Smoot,11823,ED,JAX,8,1,1.0,0,0,15,63.7,71.6,56.6,67.1,67.8,52.7,20.0,1,1,37,41,8.1,3,3
Jordan Willis,11828,ED,CIN,16,3,1.8,0,0,7,61.6,53.6,78.4,55.5,51.4,29.8,23.8,5,1,232,240,5.2,12,13
Chris Wormley,11829,DI,BLT,17,2,3.0,0,0,3,54.8,68.8,69.6,62.4,70.9,42.9,11.8,2,1,174,181,5.2,9,13
Duke Riley,11830,LB,ATL,14,10,4.7,0,0,2,57.6,41.4,82.1,50.4,28.7,34.8,21.9,7,1,155,157,3.9,6,15
Alex Anzalone,11831,LB,NO,18,1,3.3,0,0,20,67.8,67.7,83.9,74.7,53.2,77.1,12.5,2,1,135,137,5.9,8,13
Daeshon Hall,11832,ED,PHI,3,0,1.0,0,0,24,,70.4,95.2,63.1,66.5,71.2,0.0,0,0,5,5,20.0,1,1
Tim Williams,11833,ED,BLT,7,1,1.0,0,0,3,64.3,74.2,40.2,66.9,80.1,76.7,0.0,0,1,30,32,13.3,4,4
Tarell Basham,11835,ED,NYJ,6,1,1.3,0,0,22,62.7,69.1,80.2,57.3,75.4,75.4,0.0,0,0,34,34,11.8,4,4
Fabian Moreau,11836,CB,WAS,16,3,6.3,0,1,32,58.3,60.4,62.2,60.5,70.1,77.7,5.6,1,8,268,273,1.9,5,14
Derek Rivers,11838,ED,NE,7,0,0.0,0,0,19,61.1,48.4,81.5,47.8,57.5,74.2,0.0,0,0,16,17,6.3,1,1
Shaquill Griffin,11845,CB,SEA,17,8,10.1,0,0,29,48.1,50.7,68.8,56.2,62.1,49.3,17.2,5,6,362,372,2.2,8,16
Jourdan Lewis,11846,CB,DAL,7,1,3.0,0,0,9,72.8,76.6,82.1,67.1,87.5,57.9,0.0,0,0,43,44,2.3,1,2
John Johnson III,11847,S,LA,18,15,7.9,0,0,26,87.3,84.1,85.7,57.9,75.7,87.6,7.6,5,0,377,392,5.3,20,46
Montravius Adams,11848,DI,GB,15,6,3.5,0,0,12,60.0,66.8,84.1,62.8,64.0,48.1,5.3,1,0,91,96,5.5,5,12
Delano Hill,11849,S,SEA,10,6,8.9,0,0,29,56.1,62.1,80.8,56.8,74.2,69.0,6.7,1,1,101,102,4.0,4,8
Cameron Sutton,11850,CB,PIT,10,0,2.0,0,0,25,55.9,54.2,82.6,48.9,52.4,73.8,50.0,1,0,52,52,1.9,1,1
Cordrea Tankersley,11852,CB,MIA,1,0,6.0,0,0,17,49.4,53.6,74.3,,65.3,29.2,0.0,0,0,14,15,0.0,0,1
Rasul Douglas,11854,CB,PHI,15,2,7.0,0,0,24,69.9,72.5,58.1,,84.5,71.8,6.7,1,3,188,193,3.2,6,12
Nazair Jones,11857,DI,SEA,10,2,2.6,0,0,29,59.5,56.8,8.1,58.5,63.9,28.7,22.2,2,2,60,63,6.7,4,5
Trey Hendrickson,11858,ED,NO,6,1,3.6,1,0,20,70.4,65.1,50.7,62.2,62.8,75.5,0.0,0,1,57,57,7.0,4,7
Vince Biegel,11863,ED,NO,2,0,,0,0,20,,57.2,65.2,59.1,60.0,,,0,0,2,2,0.0,0,0
Jaleel Johnson,11864,DI,MIN,16,5,1.5,0,1,18,,53.7,61.5,58.2,52.9,74.0,0.0,0,1,113,118,2.7,3,6
Tedric Thompson,11866,S,SEA,15,2,15.0,0,0,29,67.7,67.2,86.8,59.3,61.4,52.1,19.0,4,0,250,257,0.4,1,15
Eddie Jackson,11867,S,CHI,14,1,9.8,0,0,6,94.7,93.2,41.1,72.0,76.7,48.5,15.0,3,2,275,280,1.5,4,16
Rayshawn Jenkins,11868,S,LAC,10,3,1.7,0,0,27,54.9,63.1,82.6,78.3,85.7,72.0,14.3,1,0,66,71,4.5,3,3
Carl Lawson,11871,ED,CIN,6,2,4.3,0,0,7,60.2,79.4,40.0,80.9,60.8,75.7,0.0,0,2,36,39,2.8,1,3
Ben Gedeon,11875,LB,MIN,15,16,4.2,0,0,18,60.0,63.5,80.3,60.4,64.0,89.6,2.8,1,0,185,190,4.9,9,19
Montae Nicholson,11878,S,WAS,8,4,9.4,0,0,32,42.8,47.2,43.0,64.5,68.6,29.1,15.0,3,2,135,138,1.5,2,13
Jalen Reeves-Maybin,11879,LB,DET,8,2,2.8,0,0,11,56.5,58.3,80.3,53.2,62.0,56.5,0.0,0,0,47,47,8.5,4,5
Samson Ebukam,11880,ED,LA,18,9,2.9,0,1,26,55.4,64.6,57.3,66.1,65.4,48.1,11.4,4,3,300,308,4.7,14,22
Deatrich Wise Jr.,11886,ED,NE,16,7,3.8,1,0,19,61.7,59.6,58.3,56.5,64.8,71.8,4.8,1,2,126,129,4.0,5,13
Ryan Glasgow,11893,DI,CIN,3,1,2.2,0,0,7,66.5,84.1,80.8,59.1,83.6,52.3,14.3,1,0,43,45,9.3,4,5
Carlos Watkins,11897,DI,HST,4,1,,0,0,13,60.0,72.9,77.4,64.8,70.4,70.4,0.0,0,0,13,13,0.0,0,0
Grover Stewart,11899,DI,IND,17,4,3.5,1,0,14,55.8,52.4,2.8,51.9,65.2,40.4,11.8,2,5,153,160,4.6,7,11
Blair Brown,11903,LB,JAX,2,0,,0,0,15,60.8,58.8,69.7,,58.4,,,0,0,3,3,0.0,0,0
Damontae Kazee,11904,S,ATL,16,11,10.3,2,1,2,82.7,77.9,14.9,74.0,70.8,58.9,16.7,8,3,357,367,1.4,5,29
Desmond King II,11906,CB,LAC,18,4,9.5,0,0,27,90.1,88.6,66.0,86.5,66.1,60.3,16.7,3,4,276,285,0.7,2,11
Corn Elder,11907,CB,CAR,5,0,6.5,0,0,5,47.7,49.2,81.0,59.0,59.1,31.6,33.3,1,0,23,24,4.3,1,2
Jayon Brown,11910,LB,TEN,16,12,4.0,0,0,31,84.6,81.2,52.1,86.6,62.2,68.7,12.1,7,3,288,300,8.0,23,39
Nate Hairston,11913,CB,IND,8,3,3.1,0,0,14,48.4,51.6,84.5,55.1,64.8,72.8,16.7,2,1,147,154,4.1,6,7
Anthony Walker,11916,LB,IND,17,17,2.7,0,0,14,54.1,58.2,85.9,74.4,59.2,56.0,16.5,13,1,350,360,10.9,38,49
Matt Milano,11918,LB,BUF,13,12,2.6,1,0,4,77.3,76.1,84.7,63.8,67.8,40.4,21.5,14,2,292,304,8.9,26,39
Jamal Agnew,11920,CB,DET,5,0,-9.0,0,0,11,45.6,49.7,79.1,66.6,62.7,39.1,50.0,1,0,41,41,2.4,1,1
Marquel Lee,11923,LB,OAK,16,16,2.9,0,0,23,57.4,61.0,0.0,54.8,69.4,60.1,8.5,4,3,249,262,6.4,16,27
Davon Godchaux,11934,DI,MIA,16,13,1.6,1,0,17,58.8,72.7,64.6,52.5,83.3,68.0,4.5,2,3,307,317,6.8,21,29
Ukeme Eligwe,11938,LB,NYG,3,0,,0,0,21,70.2,49.3,75.8,68.8,26.1,76.0,,0,0,9,9,0.0,0,0
Caleb Brantley,11939,DI,WAS,4,0,0.0,0,0,32,,41.3,0.0,57.6,47.6,67.3,0.0,0,1,14,15,7.1,1,1
Nathan Gerry,11940,LB,PHI,9,4,3.4,0,0,24,62.5,52.3,79.3,64.6,45.3,58.7,14.3,2,0,73,77,8.2,6,8
Chuck Clark,11941,S,BLT,14,3,4.7,0,0,3,58.4,57.7,84.8,47.8,59.8,57.3,14.3,1,0,74,77,2.7,2,3
Mike Tyson,11942,S,HST,2,0,6.0,0,0,13,61.3,59.2,77.6,58.9,50.5,58.4,0.0,0,0,35,35,0.0,0,2
Tanzel Smart,11944,DI,LA,1,0,,0,0,26,,66.3,71.5,56.1,60.0,,,0,0,1,1,0.0,0,0
Xavier Woods,11946,S,DAL,16,6,10.0,0,0,9,72.3,68.0,40.5,,60.5,64.4,8.0,2,2,388,402,0.8,3,17
Jordan Evans,11947,LB,CIN,14,12,5.2,0,0,7,38.9,50.7,82.2,64.5,65.3,73.7,7.3,3,0,237,244,5.9,14,26
Alex Armah,11948,FB,CAR,1,0,,0,0,5,,60.0,60.0,60.0,60.0,,,0,0,0,1,,0,0
Vincent Taylor,11949,DI,MIA,8,5,2.8,0,0,17,62.0,73.8,83.5,66.2,70.1,68.1,4.5,1,0,95,98,11.6,11,16
Tanner Vallejo,11950,LB,CLV,6,4,1.6,0,0,8,44.0,39.4,78.3,66.8,40.9,45.4,25.0,4,0,59,61,11.9,7,8
Al-Quadin Muhammad,11951,ED,IND,17,8,0.6,0,0,14,64.2,63.2,80.4,54.8,65.8,82.1,0.0,0,2,223,230,7.2,16,18
D.J. Jones,11953,DI,SF,10,3,1.7,0,0,28,,58.0,85.0,50.7,59.9,29.8,11.1,2,0,141,143,7.1,10,13
Pita Taumoepenu,11957,ED,SF,2,0,,0,0,28,64.9,63.2,75.0,60.0,59.2,69.9,,0,0,16,16,0.0,0,0
Derrick Jones,11959,CB,NYJ,1,0,,0,0,22,89.9,79.1,76.5,,45.5,36.3,100.0,1,0,20,21,0.0,0,0
Jeremiah Ledbetter,11960,DI,TB,1,0,2.0,0,0,30,,54.2,74.7,64.8,51.0,67.3,0.0,0,0,8,8,12.5,1,1
Brandon Wilson,11962,S,CIN,2,0,,0,0,7,37.3,36.7,76.1,56.8,52.9,26.8,,0,0,4,4,0.0,0,0
Rudy Ford,11963,S,ARZ,4,1,14.0,0,0,1,48.9,42.1,77.4,,44.7,26.1,33.3,1,0,25,27,0.0,0,1
Ifeadi Odenigbo,11975,ED,ARZ,1,1,,0,0,1,,61.7,73.7,58.9,61.3,69.6,0.0,0,0,5,5,0.0,0,0
Shalom Luani,11976,S,SEA,1,0,8.0,0,0,29,72.9,81.4,71.3,67.7,60.0,78.0,0.0,0,0,2,2,50.0,1,1
Isaac Rochell,11980,ED,LAC,18,2,2.4,0,0,27,63.8,55.1,89.8,55.4,49.8,36.2,17.4,4,0,174,180,8.6,15,17
Adrian Colbert,11983,S,SF,6,2,13.0,0,0,28,32.1,31.7,83.1,55.9,53.4,48.4,25.0,2,0,107,109,0.0,0,4
Josh Harvey-Clemons,11985,LB,WAS,10,0,7.7,0,0,32,55.1,51.4,79.2,58.4,30.5,44.8,0.0,0,1,15,15,13.3,2,3
Elijah Lee,11987,LB,SF,11,5,4.2,0,0,28,53.8,58.2,56.1,54.9,66.2,79.5,6.1,2,1,193,201,8.3,16,26
Joshua Holsey,11990,CB,WAS,1,0,,0,0,32,40.5,42.8,73.7,,61.3,25.7,,0,0,6,6,0.0,0,0
Treyvon Hester,11999,DI,PHI,14,2,1.5,1,0,24,56.6,86.2,84.0,74.7,83.4,47.6,7.7,1,1,98,103,8.2,8,10
Tre'von Johnson,12016,LB,LAC,1,0,,0,0,27,,37.5,63.6,60.0,54.1,25.7,100.0,1,0,1,1,0.0,0,0
Ryan Lewis,12017,CB,BUF,5,0,3.0,0,1,4,58.5,65.5,80.6,58.8,91.6,63.5,0.0,0,0,43,44,2.3,1,2
Pasoni Tasini,12023,DI,ARZ,1,1,,0,0,1,,68.6,74.2,57.7,67.5,67.3,0.0,0,0,9,10,0.0,0,0
Michael Davis,12040,CB,LAC,15,1,2.1,0,0,27,70.7,71.5,88.3,60.0,68.5,48.9,20.0,2,4,271,283,1.8,5,7
Riley Bullough,12062,LB,TB,5,1,5.6,0,0,30,46.1,38.9,77.5,59.2,43.1,83.0,0.0,0,0,81,82,2.5,2,7
Greg Mabin,12068,CB,SF,7,1,4.8,0,0,28,48.9,48.8,80.1,,50.4,55.0,28.6,2,0,84,84,2.4,2,4
Bryan Cox Jr.,12092,ED,CAR,11,3,0.3,0,0,5,45.9,57.2,86.9,55.7,62.1,36.9,22.2,2,0,77,80,5.2,4,4
Josh Tupou,12093,DI,CIN,6,2,1.1,0,0,7,,71.5,83.2,57.3,72.0,56.7,8.3,1,0,91,96,7.7,7,9
Taysom Hill,12112,QB,NO,1,0,,0,0,20,60.7,75.5,99.9,,60.0,,,0,1,1,1,0.0,0,0
Lenzy Pipkins,12117,CB,DET,1,0,14.0,1,0,11,61.9,58.6,0.0,,65.3,57.3,0.0,0,1,10,10,0.0,0,1
Marcus Kemp,12137,WR,KC,1,0,,0,0,16,,59.9,60.0,,60.0,,,0,0,1,1,0.0,0,0
Austin Ekeler,12164,HB,LAC,1,0,42.0,0,0,27,,60.0,60.0,60.0,60.0,70.9,0.0,0,0,1,1,0.0,0,1
Tre Sullivan,12165,S,PHI,8,1,6.0,0,0,24,72.3,62.6,25.1,58.9,25.4,29.8,62.5,5,1,46,47,2.2,1,2
Isaiah Irving,12171,ED,CHI,8,2,2.7,0,0,6,67.2,52.7,33.7,48.6,66.0,61.9,0.0,0,1,34,34,8.8,3,3
Robert Tonyan,12193,TE,GB,1,0,,0,0,12,,60.0,64.6,60.0,60.0,,,0,0,1,1,0.0,0,0
Chase Allen,12211,LB,MIA,2,1,4.0,0,0,17,65.3,62.1,69.4,59.9,59.0,77.8,33.3,1,0,13,13,7.7,1,1
Adam Butler,12214,DI,NE,17,2,3.3,0,0,19,65.9,58.3,86.5,58.5,51.2,74.3,0.0,0,0,81,83,6.2,5,9
Devaroe Lawrence,12222,DI,CLV,1,0,,0,0,8,,60.0,67.9,60.0,60.0,,,0,0,1,1,0.0,0,0
Arthur Maulet,12224,CB,IND,3,0,3.0,0,0,14,51.3,51.9,80.1,,55.5,57.1,0.0,0,0,27,28,3.7,1,1
Fadol Brown,12246,DI,GB,11,1,2.3,1,0,12,71.8,55.1,0.0,56.6,62.6,38.6,16.7,4,5,106,111,15.1,16,19
Corey Clement,12253,HB,PHI,1,0,,0,0,24,,60.0,60.0,,60.0,,,0,1,1,1,0.0,0,0
Joe Jones,12321,LB,DEN,2,0,9.5,0,0,10,77.9,83.2,86.1,55.5,72.4,78.3,0.0,0,0,10,11,10.0,1,2
Dominique Hatfield,12338,CB,LA,1,0,,0,0,26,63.1,63.7,70.5,,60.0,,,0,0,2,2,0.0,0,0
JoJo Natson,12739,WR,LA,1,0,,0,0,26,,60.0,60.0,,60.0,,,0,0,1,1,0.0,0,0
Adonis Alexander,13612,CB,WAS,1,0,7.0,0,0,32,55.8,58.4,72.1,,63.8,75.2,0.0,0,0,3,3,0.0,0,1
Justin Hardee,18348,CB,NO,5,0,4.0,0,0,20,52.6,49.5,79.5,,69.6,44.6,0.0,0,0,28,28,0.0,0,1
Trevon Young,18413,ED,LA,2,0,,0,0,26,60.0,73.2,72.2,52.9,63.6,,,0,0,4,4,0.0,0,0
Corey Thompson,18551,LB,BUF,4,1,4.2,0,0,4,91.7,62.5,76.9,57.3,34.9,65.4,12.5,1,0,51,51,5.9,3,6
Skai Moore,21605,LB,IND,6,0,3.8,0,0,14,37.8,43.3,73.8,57.0,57.9,80.7,0.0,0,0,34,37,5.9,2,4
Kemoko Turay,21702,ED,IND,14,3,3.5,0,0,14,69.1,62.9,34.6,67.3,51.6,59.1,12.5,1,5,117,123,2.6,3,4
Nick DeLuca,23189,LB,JAX,4,2,2.3,0,0,15,50.6,63.0,77.0,92.5,51.2,45.5,28.6,2,0,37,39,8.1,3,3
Keionta Davis,23592,ED,NE,6,1,0.4,0,0,19,61.6,49.4,85.3,52.1,46.2,53.7,14.3,1,0,81,83,4.9,4,5
Dylan Cole,24304,LB,HST,7,0,4.2,0,0,13,59.5,52.0,86.8,39.0,48.6,28.6,25.0,2,0,35,38,11.4,4,6
Nathan Shepherd,24614,DI,NYJ,16,7,4.3,0,0,22,58.2,65.8,46.0,65.2,66.2,31.0,15.8,3,1,170,181,2.9,5,9
Raven Greene,24750,S,GB,2,0,,0,0,12,50.4,51.3,85.5,65.2,62.0,70.5,,0,1,10,10,0.0,0,0
Foyesade Oluokun,24904,LB,ATL,16,17,3.9,0,1,2,66.8,65.7,53.3,64.2,62.4,52.2,13.1,8,3,223,229,7.6,17,36
Levi Wallace,25445,CB,BUF,7,7,9.0,0,0,4,85.3,83.5,86.6,64.1,68.7,62.5,14.8,4,0,190,193,3.2,6,16
Dane Cruikshank,25546,S,TEN,4,0,,0,0,31,69.9,69.5,76.3,60.0,55.4,54.0,100.0,1,0,17,18,0.0,0,0
KhaDarel Hodge,26104,WR,LA,1,0,20.0,0,0,26,,63.0,60.0,,62.0,68.4,0.0,0,0,1,1,0.0,0,1
Tae Davis,26296,LB,NYG,10,7,4.2,0,0,21,32.2,40.6,83.6,63.6,56.6,44.0,4.5,1,1,121,122,5.8,7,14
D.J. Reed Jr.,26940,S,SF,10,2,7.8,1,0,28,57.8,66.5,83.9,88.9,80.3,67.3,12.5,2,2,140,143,2.1,3,12
Siran Neal,27130,S,BUF,4,0,2.0,0,0,4,61.2,72.8,72.4,73.2,65.3,78.3,0.0,0,0,10,10,10.0,1,2
D'Juan Hines,27390,LB,CLV,1,0,,0,0,8,,60.0,60.0,,60.0,,,0,0,1,1,0.0,0,0
Jerome Baker,28091,LB,MIA,16,7,3.6,2,0,17,62.2,70.7,81.6,64.6,77.3,75.4,2.7,1,2,256,266,7.0,18,29
Tremon Smith,28196,CB,KC,3,0,,0,0,16,48.1,47.4,78.8,,47.1,27.5,100.0,1,1,33,33,0.0,0,0
Bilal Nichols,28451,DI,CHI,15,7,2.6,0,0,6,71.4,75.3,84.8,64.1,73.4,77.9,0.0,0,0,143,146,7.7,11,17
Nick Nelson,28495,CB,OAK,10,2,2.4,1,0,23,34.8,39.2,27.1,47.7,68.0,35.5,0.0,0,2,125,129,2.4,3,5
Jermaine Carter,28838,LB,CAR,7,3,-0.5,0,0,5,34.3,45.6,81.3,64.0,62.8,27.0,16.7,1,0,40,42,2.5,1,2
Chris Board,29456,LB,BLT,7,0,,0,0,3,64.9,55.7,84.3,53.0,54.4,73.3,,0,0,11,12,0.0,0,0
Justin Jackson,29539,HB,LAC,1,0,,0,0,27,,60.0,60.0,60.0,60.0,,,0,1,1,1,0.0,0,0
P.J. Hall,31211,DI,OAK,14,5,1.3,0,0,23,59.2,65.0,59.5,58.5,69.4,53.1,5.6,1,2,201,208,5.5,11,12
George Odum,31342,S,IND,9,4,5.3,0,0,14,64.1,61.9,0.0,37.8,69.5,70.0,18.8,3,2,80,82,6.3,5,9
Mike Hughes,34057,CB,MIN,6,3,8.3,0,0,18,64.6,65.3,82.1,58.3,64.6,56.1,0.0,0,0,79,83,2.5,2,4
John Kelly,34761,HB,LA,1,0,,0,0,26,,60.0,60.0,,60.0,,,0,0,1,1,0.0,0,0
Matthew Adams,38526,LB,IND,13,6,6.0,1,0,14,39.7,52.4,0.0,60.2,73.8,58.6,7.1,1,3,124,130,3.2,4,7
Lyndon Johnson,38557,DI,JAX,3,0,1.0,0,0,15,,50.8,0.0,51.6,64.0,72.2,0.0,0,1,14,16,14.3,2,2
Folorunso Fatukasi,38558,DI,NYJ,1,0,,0,0,22,,50.8,0.0,,69.6,,,0,1,3,3,0.0,0,0
Maurice Hurst,38563,DI,OAK,13,4,3.5,1,0,23,66.0,70.1,42.7,65.5,69.2,77.7,0.0,0,3,211,219,7.1,15,22
Quenton Meeks,38566,CB,JAX,2,0,,0,0,15,75.0,68.3,77.3,,38.2,31.8,100.0,1,0,17,17,0.0,0,0
Eric Wilson,38587,LB,MIN,12,3,4.0,0,0,18,54.3,62.7,37.1,74.4,69.2,50.5,5.3,1,1,122,126,7.4,9,15
Duke Ejiofor,39256,LB,HST,7,0,5.5,0,0,13,60.5,46.3,86.7,56.1,29.4,65.4,33.3,1,0,19,21,0.0,0,2
J.C. Jackson,42781,CB,NE,15,0,14.6,1,0,19,71.7,68.6,16.8,79.6,50.3,88.8,0.0,0,8,128,130,0.8,1,5
Charvarius Ward,43034,CB,KC,5,2,5.8,1,0,16,65.5,68.7,82.8,59.5,78.2,81.5,0.0,0,4,89,90,1.1,1,6
Kyzir White,44485,LB,LAC,3,2,4.1,0,0,27,66.7,65.6,0.0,,66.2,61.2,0.0,0,1,73,74,1.4,1,9
Leon Jacobs,44980,LB,JAX,12,6,2.3,0,0,15,61.8,68.8,80.8,58.6,71.8,70.5,7.1,1,0,78,81,6.4,5,7
Dontrell Hilliard,45691,HB,CLV,1,0,6.0,0,0,8,,60.0,60.0,,60.0,29.7,0.0,0,0,1,1,0.0,0,1
Kalen Ballage,45741,HB,MIA,1,0,,0,0,17,,60.0,60.0,,60.0,,,0,0,1,1,0.0,0,0
Gus Edwards,46027,HB,BLT,1,0,,0,0,3,,60.0,60.0,,60.0,,,0,0,1,1,0.0,0,0
Tyler Conklin,47124,TE,MIN,1,0,,0,0,18,,60.0,60.0,,60.0,,,0,0,1,1,0.0,0,0
Janarion Grant,47561,WR,BLT,1,0,,0,0,3,,59.9,60.0,,60.0,,,0,0,1,1,0.0,0,0
Deante Burton,47970,CB,HST,2,1,11.0,0,0,13,58.1,61.3,77.8,,70.4,81.1,0.0,0,0,20,23,0.0,0,1
Brandon Powell,48036,WR,DET,1,0,,0,0,11,,60.0,60.0,,60.0,,,0,0,1,1,0.0,0,0
J'Mon Moore,48316,WR,GB,3,0,,0,0,12,,62.9,60.0,,60.0,,,0,0,3,3,0.0,0,0
Carroll Phillips,48353,ED,IND,5,0,2.7,0,0,14,56.5,33.3,14.3,51.4,42.6,44.0,0.0,0,1,21,21,4.8,1,3
Mike Love,48376,ED,BUF,3,1,3.0,0,0,4,,63.0,81.1,63.5,59.5,26.7,33.3,1,0,34,34,0.0,0,1
Da'Shawn Hand,48386,DI,DET,13,8,2.2,0,0,11,61.7,85.2,55.3,79.5,77.6,77.4,0.0,0,2,186,192,8.1,15,17
Jalyn Holmes,48400,ED,MIN,4,0,5.0,0,0,18,60.2,60.2,81.0,54.8,65.1,73.8,0.0,0,0,15,16,0.0,0,2
Demone Harris,48452,ED,TB,1,0,,0,0,30,,67.5,72.5,57.3,64.6,,,0,0,2,2,0.0,0,0
Sam Hubbard,48457,ED,CIN,15,4,4.6,1,0,7,58.9,66.6,63.6,64.5,67.0,58.7,4.5,1,2,157,161,4.5,7,17
Tyquan Lewis,48475,ED,IND,8,3,1.3,1,0,14,60.9,53.2,54.0,52.3,58.4,78.1,0.0,0,1,122,123,3.3,4,4
Bradley Chubb,48526,ED,DEN,16,9,2.1,0,0,10,37.4,67.4,50.7,72.7,67.2,40.2,10.6,5,5,311,317,7.4,23,33
Kylie Fitts,48553,ED,CHI,3,0,,0,0,6,62.3,46.0,7.3,49.9,60.5,,,0,1,11,11,0.0,0,0
Dorance Armstrong,48557,ED,DAL,15,4,3.3,0,0,9,57.5,52.6,88.0,55.1,51.5,57.3,6.3,1,0,129,135,5.4,7,11
Chad Thomas,48565,DI,CLV,4,0,,0,0,8,,49.6,74.6,61.0,48.0,,,0,0,12,12,0.0,0,0
Harold Landry III,48600,ED,TEN,15,6,3.7,0,0,31,85.3,63.5,89.1,59.4,50.4,59.5,8.7,2,0,177,185,5.1,9,15
Tyler Lancaster,48604,DI,GB,11,3,2.3,0,0,12,65.4,74.4,84.3,64.3,71.6,61.5,4.2,1,0,131,137,13.7,18,20
Jullian Taylor,48684,ED,SF,6,3,2.3,0,0,28,,62.3,82.9,60.7,60.1,29.1,22.2,2,0,65,68,3.1,2,4
Harrison Phillips,48690,DI,BUF,16,7,3.8,1,0,4,60.0,64.0,69.0,57.0,65.8,75.7,0.0,0,1,208,213,6.3,13,16
Daron Payne,48698,DI,WAS,16,8,3.2,0,0,32,79.2,67.3,88.9,54.8,65.6,65.3,6.8,3,0,317,322,7.9,25,33
Breeland Speaks,48727,ED,KC,18,4,4.3,1,0,16,52.4,58.4,59.4,57.4,63.8,71.9,5.0,1,2,192,197,5.2,10,15
Rasheem Green,48731,ED,SEA,10,1,4.6,0,0,29,60.3,45.2,85.6,46.6,47.9,60.0,0.0,0,0,79,80,5.1,4,7
Taven Bryan,48753,ED,JAX,16,2,2.4,0,0,15,60.0,69.4,87.3,60.5,69.1,68.4,5.6,1,0,147,154,6.8,10,15
Bruce Hector,48759,DI,PHI,8,0,,0,0,24,,62.8,79.3,62.2,59.7,66.8,,0,0,31,31,0.0,0,0
Deadrin Senat,48815,DI,ATL,15,9,2.7,0,0,2,72.1,66.2,69.3,68.7,58.7,59.0,8.0,2,1,164,169,6.1,10,14
Eli Ankou,48856,DI,JAX,2,2,3.0,0,0,15,,63.3,78.8,61.3,61.4,70.4,0.0,0,0,30,32,6.7,2,3
Patrick Ricard,48862,FB,BLT,6,1,3.0,0,0,3,,54.6,77.6,50.5,59.5,70.6,0.0,0,1,23,23,4.3,1,3
RJ McIntosh,48873,DI,NYG,6,1,4.0,0,0,21,,63.7,79.5,65.6,58.8,72.3,0.0,0,0,30,31,10.0,3,4
Poona Ford,48875,DI,SEA,12,2,2.4,0,0,29,66.9,88.2,85.1,61.5,90.0,76.3,0.0,0,0,119,124,10.9,13,18
Taylor Stallworth,48935,DI,NO,16,6,2.0,0,0,20,53.9,63.0,86.2,51.9,70.4,74.4,0.0,0,0,138,145,5.1,7,9
Justin Jones,48940,DI,LAC,17,0,3.6,1,0,27,58.8,51.0,31.4,62.6,47.5,63.2,0.0,0,3,126,132,4.8,6,15
Vita Vea,48956,DI,TB,13,5,2.4,0,0,30,58.6,73.2,45.3,75.4,69.2,61.1,4.0,1,3,224,233,5.8,13,19
Tim Settle,48966,DI,WAS,10,1,3.0,0,0,32,60.0,60.7,38.2,57.5,62.4,52.3,10.0,1,1,65,66,9.2,6,8
James Looney,48991,DI,GB,1,0,,0,0,12,,66.8,74.4,52.7,68.4,,,0,0,13,14,0.0,0,0
Justin Reid,49048,S,HST,17,3,8.3,0,0,13,77.6,77.4,91.5,62.9,72.6,85.1,6.3,2,1,306,319,2.9,9,27
Tre Flowers,49059,CB,SEA,16,5,6.3,1,1,29,57.4,64.1,68.6,59.1,90.6,52.2,0.0,0,6,346,355,2.0,7,19
Dymonte Thomas,49127,S,DEN,5,1,5.0,0,0,10,71.1,78.5,73.8,71.3,66.0,83.2,0.0,0,0,11,11,0.0,0,1
Jessie Bates III,49162,S,CIN,16,7,10.5,0,0,7,80.9,79.9,90.9,,75.6,75.8,8.9,4,0,436,449,1.1,5,34
Ezekiel Turner,49167,LB,ARZ,3,0,13.0,0,0,1,61.0,45.2,72.2,60.0,47.6,71.7,0.0,0,0,13,14,0.0,0,1
Tarvarius Moore,49178,CB,SF,8,1,5.0,0,0,28,49.7,52.1,82.2,53.5,61.0,66.9,16.7,1,0,108,113,2.8,3,4
Jordan Whitehead,49196,S,TB,14,7,7.7,1,0,30,74.4,64.6,85.8,55.9,40.7,50.2,23.1,12,1,237,247,5.9,14,33
Ahmad Thomas,49204,LB,IND,1,0,3.0,0,0,14,62.5,41.9,67.7,60.0,42.1,75.0,0.0,0,0,10,10,20.0,2,2
Ronnie Harrison,49206,S,JAX,13,2,3.5,0,0,15,68.9,61.1,3.2,69.4,49.8,72.6,16.7,3,3,141,145,5.0,7,13
Tony Brown,49255,CB,GB,9,0,4.0,0,0,12,48.7,48.8,27.8,,57.7,67.5,0.0,0,1,109,114,2.8,3,7
Marcus Allen,49263,S,PIT,1,0,,0,0,25,65.1,62.4,72.0,59.0,57.3,73.8,,0,0,5,5,0.0,0,0
Carlton Davis,49335,CB,TB,13,1,3.9,1,1,30,59.0,61.2,13.4,60.0,79.0,53.3,13.3,2,8,286,297,2.4,7,12
Kevin Toliver II,49348,CB,CHI,4,0,3.7,0,0,6,54.8,58.1,83.0,,76.5,72.0,0.0,0,1,31,32,6.5,2,3
Chandon Sullivan,49349,CB,PHI,3,0,5.5,0,0,24,30.6,33.3,80.3,,47.0,28.7,50.0,2,0,39,42,2.6,1,2
Jaire Alexander,49350,CB,GB,13,1,13.4,0,0,12,73.0,72.4,86.6,68.0,60.2,62.1,14.3,2,2,287,291,0.7,2,11
Greg Stroman,49354,CB,WAS,10,0,5.8,1,0,32,68.6,70.0,37.7,50.5,79.8,73.7,0.0,0,2,108,108,2.8,3,9
Isaac Yiadom,49355,CB,DEN,11,1,5.5,0,0,10,55.6,54.6,0.0,,69.9,50.6,0.0,0,3,71,74,1.4,1,2
Torry McTyer,49357,CB,MIA,10,3,9.3,0,0,17,48.2,52.0,83.6,58.8,66.9,50.6,0.0,0,3,118,121,0.0,0,4
Donte Jackson,49377,CB,CAR,16,6,12.1,2,1,5,67.2,65.0,64.5,81.0,50.7,47.9,28.6,10,7,313,325,2.2,7,19
Danny Johnson,49379,CB,WAS,5,0,13.0,0,0,32,47.8,42.7,84.7,,29.2,42.3,50.0,1,0,18,18,0.0,0,1
M.J. Stewart,49397,CB,TB,7,1,-1.0,0,0,30,56.1,58.7,82.5,58.5,71.8,71.3,0.0,0,0,82,85,2.4,2,2
Keion Crossen,49454,CB,NE,5,0,,0,0,19,41.8,43.5,77.5,,60.8,44.2,,0,0,7,7,0.0,0,0
Darius Phillips,49507,CB,CIN,9,0,11.3,0,0,7,54.2,56.7,82.1,60.0,67.3,59.3,0.0,0,0,79,80,0.0,0,3
Taron Johnson,49511,CB,BUF,11,3,4.2,0,0,4,69.6,69.7,83.3,74.3,59.4,44.5,19.0,4,4,121,126,5.8,7,14
Denzel Ward,49558,CB,CLV,13,2,7.4,0,0,8,83.6,78.9,63.9,60.0,50.7,50.4,25.0,5,3,292,300,1.0,3,13
Matt Dickerson,49601,DI,TEN,3,0,4.0,0,0,31,,61.1,76.5,53.2,64.6,71.2,0.0,0,0,12,13,16.7,2,3
Darius Leonard,49684,LB,IND,17,24,4.5,2,1,14,84.8,81.4,66.8,73.4,70.1,85.4,5.0,5,2,400,413,9.8,39,71
Genard Avery,49699,ED,CLV,16,1,4.1,0,0,8,28.2,54.8,29.8,69.1,72.9,77.0,0.0,0,4,183,188,8.2,15,21
Shaun Dion Hamilton,49706,LB,WAS,6,5,3.7,0,0,32,50.8,53.4,80.0,86.6,50.2,80.9,6.7,1,0,77,79,6.5,5,9
Chris Covington,49825,LB,DAL,1,0,-3.0,0,0,9,,73.4,61.5,,61.5,71.7,0.0,0,0,1,1,100.0,1,1
Zaire Franklin,49834,LB,IND,13,6,2.7,0,0,14,43.5,53.9,80.1,71.7,66.2,75.9,0.0,0,0,87,89,5.7,5,6
James Crawford,49836,LB,GB,3,0,,0,0,12,60.0,64.2,90.8,60.0,60.0,67.3,,0,0,3,3,0.0,0,0
Devante Downs,49842,LB,MIN,1,0,,0,0,18,,60.0,60.0,,60.0,,,0,0,1,1,0.0,0,0
B.J. Hill,49894,DI,NYG,16,11,1.7,0,0,21,62.4,69.1,0.4,72.3,71.1,70.5,2.5,1,9,280,285,7.9,22,28
John Atkins,49918,DI,DET,2,1,-1.0,0,0,11,,62.3,76.7,74.9,52.4,68.4,0.0,0,0,20,20,5.0,1,1
Derrick Nnadi,49970,DI,KC,18,14,2.5,0,0,16,,69.2,23.9,54.5,80.0,65.0,4.5,2,5,260,265,7.7,20,28
Jamiyus Pittman,50036,DI,MIA,3,1,,0,0,17,60.0,51.2,77.4,60.9,47.4,66.8,0.0,0,0,21,22,0.0,0,0
Uchenna Nwosu,50084,ED,LAC,17,1,2.3,0,0,27,75.7,70.9,63.8,67.2,62.0,52.1,10.0,1,1,89,93,5.6,5,8
John Franklin-Myers,50088,ED,LA,17,1,3.5,0,0,26,51.6,62.5,73.8,62.9,59.7,75.8,0.0,0,1,69,73,5.8,4,4
Peter Kalambayi,50089,LB,HST,3,2,,0,0,13,57.6,58.3,74.8,53.4,63.8,78.9,0.0,0,0,15,15,0.0,0,0
Josh Sweat,50120,ED,PHI,8,1,2.0,0,0,24,,65.9,82.5,60.8,64.7,71.2,0.0,0,0,33,36,0.0,0,1
Lorenzo Carter,50126,ED,NYG,15,7,4.2,1,0,21,85.0,65.8,45.6,59.5,61.1,73.5,4.8,1,2,117,118,4.3,5,13
Jacob Martin,50152,ED,SEA,11,1,2.8,0,0,29,48.4,62.6,44.9,69.3,53.1,29.3,25.0,2,2,48,49,6.3,3,5
Olasunkanmi Adeniyi,50154,ED,PIT,1,1,,0,0,25,,77.7,71.3,62.2,69.8,70.5,0.0,0,0,4,4,0.0,0,0
Tashawn Bower,50170,ED,MIN,3,1,3.3,0,0,18,60.1,66.7,81.2,54.9,70.1,73.8,0.0,0,0,23,24,8.7,2,3
Arden Key,50201,ED,OAK,16,5,3.4,2,0,23,50.6,54.0,59.8,56.4,56.1,29.2,22.6,7,5,260,270,4.6,12,19
Oren Burks,50203,LB,GB,11,0,5.4,0,0,12,46.4,44.2,95.8,51.7,47.9,61.7,20.0,2,0,48,50,4.2,2,8
Rashaan Evans,50213,LB,TEN,14,8,2.9,0,0,31,60.0,65.5,85.6,58.1,68.9,70.8,5.1,2,0,218,223,9.2,20,29
Sharif Finch,50221,ED,TEN,14,2,1.6,0,1,31,78.5,85.6,82.4,71.9,80.0,65.7,9.1,1,0,92,96,7.6,7,8
Marquis Haynes,50244,ED,CAR,3,1,,0,0,5,60.7,48.4,80.2,56.2,42.3,71.9,0.0,0,0,11,12,0.0,0,0
Jeff Holland,50287,ED,DEN,3,2,2.3,0,0,10,60.0,68.4,77.1,54.5,73.1,76.0,14.3,1,0,22,22,13.6,3,4
Marcus Davenport,50291,ED,NO,15,4,1.1,0,0,20,65.6,69.7,47.1,62.6,76.2,81.5,0.0,0,4,148,153,8.1,12,15
Cornell Armstrong,50351,CB,MIA,5,0,7.0,0,0,17,48.5,44.4,0.0,,49.9,79.9,0.0,0,2,34,34,0.0,0,1
Anthony Averett,50365,CB,BLT,6,2,,0,0,3,75.3,75.7,80.8,,68.5,78.6,0.0,0,0,25,26,0.0,0,0
Tre Herndon,50380,CB,JAX,3,0,17.0,1,0,15,48.6,49.7,78.4,59.0,57.4,81.5,0.0,0,2,34,34,0.0,0,1
Isaiah Oliver,50393,CB,ATL,8,0,6.0,0,0,2,69.6,70.0,83.3,58.7,66.2,73.6,0.0,0,1,54,56,1.9,1,4
Holton Hill,50414,CB,MIN,12,2,8.9,0,0,18,76.5,70.7,84.8,,41.7,68.3,18.2,2,2,158,163,0.0,0,7
Josh Jackson,50417,CB,GB,16,1,6.1,0,0,12,64.0,59.1,18.1,54.1,48.7,52.9,23.5,4,7,246,253,2.0,5,12
Jalen Davis,50431,CB,MIA,2,1,1.0,0,0,17,76.9,78.8,75.7,87.5,56.3,44.3,33.3,1,0,15,15,0.0,0,1
Natrell Jamerson,50440,CB,GB,3,0,,0,0,12,54.4,47.3,81.8,,28.3,26.8,100.0,2,0,25,25,0.0,0,0
Grant Haley,50473,CB,NYG,9,4,3.7,0,0,21,70.5,69.3,84.1,46.8,65.4,70.2,15.4,2,0,132,136,3.0,4,7
Parry Nickerson,50511,CB,NYJ,5,0,4.5,1,0,22,44.0,45.8,13.6,56.0,70.5,69.7,0.0,0,3,52,55,1.9,1,2
Mike Ford,50535,CB,DET,7,0,8.0,1,0,11,43.5,49.0,84.6,,84.4,69.5,0.0,0,2,83,86,1.2,1,2
Avonte Maddox,50543,CB,PHI,12,2,13.6,1,0,24,53.6,57.6,85.8,70.6,73.6,69.7,6.7,1,1,175,180,2.3,4,12
Brandon Facyson,50564,CB,LAC,2,0,,0,0,27,70.5,70.3,70.3,,60.0,,,0,0,3,3,0.0,0,0
Cameron Malveaux,50587,ED,ARZ,9,5,2.5,0,0,1,,55.9,56.3,57.2,57.3,76.6,0.0,0,1,83,85,4.8,4,4
Justin Lawler,50592,LB,LA,5,0,,0,0,26,69.7,66.1,77.3,57.0,56.7,79.5,,0,0,10,11,0.0,0,0
Austin Calitro,50640,LB,SEA,12,5,3.1,0,0,29,28.3,29.3,21.1,71.5,50.8,50.4,10.7,3,1,131,136,8.4,11,20
Shaquem Griffin,50657,LB,SEA,2,1,4.0,0,0,29,40.2,39.9,74.6,55.0,54.3,47.8,0.0,0,0,14,14,7.1,1,2
Hardy Nickerson,50712,LB,CIN,15,6,5.6,0,1,7,42.8,45.6,84.4,48.1,56.2,48.8,11.4,4,0,224,230,5.8,13,25
Jason Cabinda,50714,LB,OAK,10,3,5.6,0,0,23,69.2,73.4,81.5,66.7,68.3,78.9,5.0,1,0,104,109,9.6,10,16
Josey Jewell,50720,LB,DEN,16,7,3.3,0,0,10,52.6,61.7,86.5,53.4,70.0,71.6,2.6,1,0,239,245,7.9,19,30
Jack Cichy,50787,LB,TB,2,0,,0,0,30,63.9,65.4,70.9,59.1,60.0,71.7,,0,0,3,3,0.0,0,0
Keishawn Bierria,50812,LB,DEN,6,0,5.0,0,0,10,63.8,83.3,70.8,62.9,73.7,74.0,0.0,0,0,12,12,8.3,1,2
Xavier Woodson-Luster,50835,LB,CLV,1,0,,0,0,8,,60.0,60.0,,60.0,,,0,0,1,1,0.0,0,0
Micah Kiser,50879,LB,LA,1,0,,0,0,26,,60.0,60.0,,60.0,,,0,0,1,1,0.0,0,0
Malik Jefferson,50884,LB,CIN,1,0,6.5,0,0,7,60.0,55.6,71.9,55.8,57.8,73.1,0.0,0,0,8,8,12.5,1,2
Roquan Smith,50892,LB,CHI,16,13,3.8,0,0,6,72.7,66.6,64.6,70.9,51.8,75.7,8.3,5,2,282,289,8.9,25,42
Andre Smith,50897,LB,CAR,1,0,,0,0,5,64.6,54.9,72.0,,50.8,26.1,100.0,1,0,7,7,0.0,0,0
Tremaine Edmunds,50905,LB,BUF,15,14,3.2,0,1,4,55.4,57.0,87.6,71.0,54.9,56.8,11.3,7,2,380,391,6.3,24,41
Leighton Vander Esch,50950,LB,DAL,18,16,4.0,0,0,9,82.0,85.4,63.1,75.0,81.4,74.6,7.6,6,1,341,353,10.6,36,57
Ja'Whaun Bentley,50966,LB,NE,3,1,4.3,0,0,19,84.5,80.7,78.8,49.6,69.2,58.0,0.0,0,0,50,51,10.0,5,7
Frankie Luvu,51028,ED,NYJ,14,1,3.2,0,0,22,64.8,60.2,86.4,55.0,61.2,34.0,14.3,2,0,133,140,6.0,8,11
Kenny Young,51029,LB,BLT,17,3,2.9,0,0,3,48.2,55.9,81.9,69.4,58.6,60.2,12.1,4,0,151,156,11.3,17,26
Ben Niemann,51099,LB,KC,6,2,4.2,0,0,16,63.2,62.2,76.9,60.0,59.4,81.4,0.0,0,0,38,38,7.9,3,5
Maurice Smith,51190,S,MIA,2,0,,0,0,17,51.5,53.6,76.5,,67.0,27.1,,0,0,24,25,0.0,0,0
Minkah Fitzpatrick,51206,CB,MIA,16,7,6.4,0,0,17,59.2,61.9,44.3,55.5,73.9,54.4,17.6,6,10,374,389,2.4,9,21
Joel Iyiegbuniwe,51221,LB,CHI,1,0,,0,0,6,62.6,63.8,71.2,61.8,60.9,76.3,,0,0,2,2,0.0,0,0
Fred Warner,51222,LB,SF,16,12,3.5,0,1,28,67.7,64.1,28.9,53.0,63.2,57.0,10.0,7,4,411,425,8.5,35,51
Rashaan Gaulden,51241,S,CAR,10,1,5.3,0,0,5,68.4,68.8,78.0,57.6,61.2,71.2,12.5,1,0,55,56,5.5,3,6
Armani Watts,51264,S,KC,2,0,,0,0,16,40.7,46.6,77.0,84.0,61.7,28.6,,0,0,10,10,0.0,0,0
Tracy Walker,51266,S,DET,15,0,8.8,0,1,11,83.9,89.8,82.4,,85.2,89.8,0.0,0,0,55,57,3.6,2,6
Sean Chandler,51315,S,NYG,6,0,,0,0,21,57.3,52.9,0.0,69.1,50.6,67.9,100.0,1,2,28,29,0.0,0,0
Terrell Edmunds,51334,S,PIT,16,5,7.1,0,0,25,65.2,63.7,85.6,57.1,57.9,74.2,14.7,5,3,311,325,3.5,11,24
Derwin James,51368,S,LAC,18,18,7.4,0,0,27,87.7,87.8,59.4,84.8,82.4,66.6,4.7,3,5,412,427,5.1,21,43
Marcell Harris,51408,S,SF,7,3,2.7,2,0,28,49.2,40.7,42.6,42.3,40.7,30.1,27.8,5,2,160,170,5.0,8,10
Dorian O'Daniel,51487,LB,KC,9,2,4.7,0,0,16,65.2,60.3,83.1,66.4,39.5,47.9,20.0,2,1,51,52,7.8,4,6
Daniel Ross,51592,DI,DAL,14,5,2.3,0,1,9,61.9,64.2,15.6,54.1,75.3,30.0,13.3,2,3,108,115,5.6,6,8
Kenny Moore II,51596,CB,IND,17,4,2.3,1,0,14,65.6,68.7,50.0,68.3,76.0,65.0,12.1,4,4,378,390,4.8,18,25
Nicholas Morrow,51674,LB,OAK,10,4,7.1,0,1,23,53.2,50.9,82.6,67.3,46.5,41.5,16.0,4,0,156,160,7.1,11,17
Anthony Firkser,51837,TE,TEN,1,0,,0,0,31,,59.9,60.0,,60.0,,,0,1,1,1,0.0,0,0
Darious Williams,55724,CB,LA,1,0,,0,0,26,63.6,64.1,68.0,,60.0,,,0,0,1,1,0.0,0,0
Brandon Zylstra,66438,WR,MIN,1,0,,0,0,18,,60.0,60.0,,60.0,,,0,0,1,1,0.0,0,0
Zach Sieler,66917,DI,BLT,2,0,,0,0,3,62.3,58.3,74.1,54.5,51.4,67.3,,0,0,7,7,0.0,0,0
Dennis Gardeck,66928,LB,ARZ,1,0,,0,0,1,,60.0,60.0,,60.0,,,0,0,0,1,,0,0
Tavierre Thomas,66931,CB,CLV,2,1,,0,0,8,54.2,57.8,81.7,,65.0,29.5,0.0,0,0,10,10,0.0,0,0
Niles Scott,66935,DI,CIN,6,0,1.8,0,0,7,59.9,75.4,78.5,60.3,76.5,70.6,0.0,0,0,24,24,12.5,3,4
