player,player_id,position,team_name,player_game_count,avg_depth_of_target,avoided_tackles,caught_percent,contested_catch_rate,contested_receptions,contested_targets,declined_penalties,drop_rate,drops,first_downs,franchise_id,fumbles,grades_hands_drop,grades_hands_fumble,grades_offense,grades_pass_block,grades_pass_route,inline_rate,inline_snaps,interceptions,longest,pass_block_rate,pass_blocks,pass_plays,penalties,receptions,route_rate,routes,slot_rate,slot_snaps,targeted_qb_rating,targets,touchdowns,wide_rate,wide_snaps,yards,yards_after_catch,yards_after_catch_per_reception,yards_per_reception,yprr
Allen Robinson II,8696,WR,CHI,5,11.3,6,62.5,27.3,6,22,0,0.0,0,21,6,0,89.7,77.7,82.2,,81.8,0.5,1,4,37,0.0,0,195,0,35,96.9,189,34.9,68,67.6,56,2,64.6,126,421,114,3.3,12.0,2.23
Amari Cooper,9437,WR,DAL,5,9.5,4,73.6,33.3,2,6,1,2.5,1,23,9,0,81.8,78.3,79.6,,78.9,0.5,1,2,58,0.0,0,222,1,39,97.3,216,21.2,47,87.3,53,1,78.4,174,424,147,3.8,10.9,1.96
DeAndre Hopkins,7808,WR,ARZ,5,8.2,10,84.9,60.0,3,5,0,2.2,1,29,1,0,84.3,78.6,89.8,,90.0,0.0,0,1,45,0.0,0,205,1,45,93.7,192,6.8,14,112.9,53,2,93.2,191,528,204,4.5,11.7,2.75
Stefon Diggs,9579,WR,BUF,5,10.6,5,72.0,70.0,7,10,0,14.3,6,22,4,0,39.6,77.6,79.1,,80.3,0.0,0,0,49,0.0,0,206,3,36,93.7,193,34.5,71,117.8,50,2,65.5,135,509,84,2.3,14.1,2.64
Keenan Allen,7857,WR,LAC,5,9.2,2,72.3,53.8,7,13,1,0.0,0,21,27,2,89.7,77.4,86.7,65.6,85.9,1.2,2,3,28,0.6,1,166,1,34,91.0,151,42.2,70,81.5,47,2,56.6,94,356,159,4.7,10.5,2.36
Robby Anderson,11254,WR,CAR,5,9.7,1,78.3,33.3,1,3,0,5.3,2,21,5,1,63.6,29.4,77.5,,78.9,1.2,2,0,75,0.0,0,171,0,36,95.9,164,29.2,50,118.2,46,1,69.0,118,489,226,6.3,13.6,2.98
Calvin Ridley,48262,WR,ATL,5,17.4,2,64.4,40.0,4,10,0,6.5,2,25,2,0,66.6,76.9,82.2,,82.6,0.0,0,2,63,0.0,0,198,2,29,95.5,189,9.1,18,111.8,45,4,90.9,180,485,82,2.8,16.7,2.57
Darren Waller,9637,TE,LV,5,6.0,4,75.6,71.4,5,7,0,0.0,0,19,23,1,89.0,28.2,72.7,40.9,75.5,50.3,99,1,23,9.1,18,197,0,34,84.3,166,21.8,43,97.9,45,2,26.4,52,295,178,5.2,8.7,1.78
Travis Kelce,7844,TE,KC,5,8.4,4,72.7,20.0,1,5,0,0.0,0,22,16,0,88.3,76.8,86.1,76.8,83.9,30.9,68,1,45,3.6,8,220,1,32,88.6,195,28.2,62,114.3,44,3,39.5,87,405,195,6.1,12.7,2.08
Alvin Kamara,11822,HB,NO,5,1.7,10,86.4,100.0,1,1,0,7.3,3,17,20,0,74.3,63.4,81.8,58.3,91.6,0.0,0,0,52,6.1,9,147,0,38,89.8,132,8.2,12,126.8,44,3,5.4,8,395,343,9.0,10.4,2.99
Adam Thielen,8288,WR,MIN,5,14.8,1,65.9,28.6,4,14,0,3.3,1,19,18,0,77.8,77.4,90.0,,90.4,0.0,0,3,39,0.0,0,163,0,29,93.9,153,18.4,30,102.7,44,6,81.6,133,364,44,1.5,12.6,2.38
Terry McLaurin,48229,WR,WAS,5,10.7,8,65.9,25.0,1,4,0,3.3,1,22,32,0,77.3,76.7,79.3,,79.1,0.0,0,0,39,0.0,0,206,1,29,95.6,197,27.7,57,103.7,44,1,72.3,149,413,220,7.6,14.2,2.1
CeeDee Lamb,61570,WR,DAL,5,10.7,0,74.4,33.3,2,6,0,3.3,1,20,9,0,76.7,81.8,73.0,66.2,75.7,0.0,0,0,43,0.5,1,197,2,29,97.5,192,92.9,183,127.4,39,2,6.6,13,433,117,4.0,14.9,2.26
Odell Beckham Jr.,8647,WR,CLV,5,13.6,4,53.8,50.0,3,6,0,4.5,1,15,8,0,71.3,75.9,76.7,,75.1,0.0,0,0,43,0.0,0,156,2,21,94.9,148,16.0,25,104.0,39,3,84.0,131,294,45,2.1,14.0,1.99
Tyler Boyd,10689,WR,CIN,5,9.3,2,82.1,100.0,2,2,0,3.0,1,25,7,0,78.9,77.2,83.4,,81.9,0.9,2,0,25,0.0,0,216,0,32,95.8,207,83.8,181,113.9,39,1,15.3,33,362,92,2.9,11.3,1.75
Darius Slayton,25578,WR,NYG,5,13.2,5,60.5,37.5,3,8,1,11.5,3,19,21,1,51.6,25.6,76.7,,75.7,0.0,0,1,41,0.0,0,211,1,23,93.8,198,16.6,35,99.1,38,2,83.4,176,365,72,3.1,15.9,1.84
Tyler Lockett,9502,WR,SEA,5,9.5,0,78.9,,0,0,0,11.8,4,17,29,0,49.9,76.6,71.2,,71.5,1.4,3,0,43,0.0,0,210,1,30,93.3,196,63.8,134,139.3,38,4,34.3,72,342,106,3.5,11.4,1.74
D.J. Moore,48267,WR,CAR,5,12.4,2,59.5,42.9,3,7,0,12.0,3,19,5,0,49.1,74.9,71.5,,72.1,0.0,0,1,57,0.0,0,181,3,22,96.1,174,22.1,40,92.3,37,1,77.9,141,381,110,5.0,17.3,2.19
D.K. Metcalf,47864,WR,SEA,5,16.9,4,61.1,36.4,4,11,0,18.5,5,19,29,1,38.9,23.1,76.3,67.4,74.5,0.0,0,1,62,1.0,2,208,0,22,92.3,192,14.4,30,133.1,36,5,85.6,178,496,116,5.3,22.5,2.58
Cooper Kupp,11824,WR,LA,5,6.1,3,80.0,100.0,1,1,0,6.7,2,17,26,0,65.8,42.2,80.4,70.2,75.6,0.0,0,1,55,3.8,6,158,0,28,91.8,145,59.5,94,117.0,35,2,40.5,64,363,224,8.0,13.0,2.5
Mike Evans,8642,WR,TB,5,12.4,1,62.9,50.0,2,4,0,12.0,3,16,30,0,49.1,74.9,67.0,,67.4,0.0,0,1,50,0.0,0,201,4,22,92.5,186,33.8,68,114.4,35,6,66.2,133,271,68,3.1,12.3,1.46
Emmanuel Sanders,5606,WR,NO,5,9.9,2,74.3,66.7,2,3,0,3.7,1,16,20,1,74.9,26.2,71.3,,73.0,0.0,0,1,25,0.0,0,157,1,26,96.8,152,38.2,60,107.3,35,2,61.8,97,304,50,1.9,11.7,2.0
Tyreek Hill,10799,WR,KC,5,16.7,5,62.9,25.0,1,4,0,8.3,2,18,16,0,61.3,77.2,76.1,,76.1,0.9,2,0,54,0.0,0,213,1,22,92.5,197,57.7,123,135.9,35,4,39.4,84,364,99,4.5,16.5,1.85
Marquise Brown,61568,WR,BLT,5,17.1,3,62.9,25.0,1,4,0,8.3,2,16,3,0,61.3,75.6,76.3,,75.5,0.0,0,1,47,0.0,0,144,0,22,97.9,141,24.3,35,90.1,35,1,75.0,108,319,97,4.4,14.5,2.26
Hunter Henry,10669,TE,LAC,5,8.5,1,66.7,50.0,4,8,0,8.3,2,14,27,0,61.5,75.1,69.9,59.5,69.4,42.6,81,0,33,12.1,23,190,0,22,81.6,155,45.8,87,101.6,33,1,11.1,21,268,117,5.3,12.2,1.73
A.J. Green,6156,WR,CIN,5,14.7,1,42.4,50.0,6,12,0,12.5,2,8,7,0,53.3,73.3,58.5,,57.7,0.0,0,1,15,0.0,0,173,1,14,95.4,165,20.2,35,39.8,33,0,79.8,138,119,20,1.4,8.5,0.72
Zach Ertz,7816,TE,PHI,5,6.9,1,60.6,66.7,2,3,0,4.8,1,9,24,0,71.3,74.6,60.9,62.4,61.6,34.8,79,2,30,7.0,16,227,0,20,88.5,201,48.9,111,55.7,33,1,14.5,33,145,44,2.2,7.3,0.72
Mike Davis,9559,HB,CAR,5,-0.7,12,93.8,100.0,1,1,0,0.0,0,12,5,0,87.6,84.2,82.5,72.1,90.4,0.0,0,0,23,16.4,19,116,0,30,81.0,94,12.1,14,114.3,32,2,4.3,5,206,236,7.9,6.9,2.19
DeVante Parker,9447,WR,MIA,5,10.3,2,81.3,75.0,6,8,0,7.1,2,17,17,0,64.1,75.7,77.3,,77.7,0.6,1,0,28,0.0,0,165,1,26,94.5,156,18.8,31,130.3,32,2,80.6,133,329,64,2.5,12.7,2.11
T.Y. Hilton,7092,WR,IND,5,12.1,2,59.4,37.5,3,8,0,9.5,2,12,14,0,56.9,74.1,68.4,,67.8,0.0,0,2,28,0.0,0,153,0,19,90.8,139,17.6,27,55.6,32,0,82.4,126,231,53,2.8,12.2,1.66
Greg Ward,12258,WR,PHI,5,6.1,2,71.0,75.0,3,4,0,4.3,1,9,24,0,72.3,80.2,62.6,68.1,62.7,0.0,0,1,29,0.7,1,145,0,22,92.4,134,82.1,119,92.4,31,2,17.9,26,172,67,3.0,7.8,1.28
Will Fuller V,10655,WR,HST,5,14.5,0,71.0,44.4,4,9,0,4.3,1,15,13,0,72.1,75.5,78.3,,77.5,0.0,0,2,43,0.0,0,161,0,22,97.5,157,24.2,39,111.2,31,3,75.8,122,332,59,2.7,15.1,2.11
Evan Engram,11778,TE,NYG,5,4.5,2,58.1,14.3,1,7,0,10.0,2,11,21,0,58.1,75.1,51.0,45.1,55.0,39.1,84,3,22,6.5,14,215,1,18,87.9,189,47.4,102,30.6,31,0,13.0,28,147,94,5.2,8.2,0.78
Dalton Schultz,47304,TE,DAL,5,7.3,4,61.3,42.9,3,7,0,9.5,2,13,9,1,56.9,23.9,66.3,52.1,61.4,39.7,75,0,28,7.9,15,189,1,19,88.9,168,51.3,97,104.9,31,2,8.5,16,225,112,5.9,11.8,1.34
Russell Gage,44771,WR,ATL,5,8.4,4,67.7,50.0,2,4,0,12.5,3,17,2,0,48.0,75.3,72.4,68.2,68.5,0.0,0,1,24,1.3,2,157,0,21,93.0,146,81.5,128,86.0,31,1,17.2,27,224,75,3.6,10.7,1.53
Brandin Cooks,8655,WR,HST,5,13.6,2,60.0,33.3,2,6,0,5.3,1,13,13,0,69.0,73.9,75.9,,75.3,0.0,0,2,38,0.0,0,165,0,18,98.2,162,27.9,46,76.9,30,1,72.1,119,299,92,5.1,16.6,1.85
Ezekiel Elliott,10638,HB,DAL,5,-0.9,5,80.0,0.0,0,1,0,11.1,3,10,9,0,54.9,28.7,69.1,61.4,63.9,0.0,0,1,19,20.5,46,224,0,24,76.8,172,1.8,4,87.9,30,1,2.7,6,173,194,8.1,7.2,1.01
Jamison Crowder,9538,WR,NYJ,3,8.4,6,73.3,33.3,1,3,0,4.3,1,14,22,0,72.1,75.4,78.4,,78.2,0.0,0,1,69,0.0,0,131,0,22,93.1,122,76.3,100,118.1,30,2,23.7,31,335,174,7.9,15.2,2.75
Mark Andrews,47436,TE,BLT,5,13.2,0,62.1,50.0,5,10,0,14.3,3,15,3,1,43.5,73.9,75.4,67.1,75.1,17.6,23,0,29,0.8,1,131,1,18,97.7,128,72.5,95,125.3,29,5,9.2,12,222,35,1.9,12.3,1.73
Logan Thomas,8755,TE,WAS,5,8.4,0,48.3,27.3,3,11,0,6.7,1,8,32,0,64.7,72.7,55.5,31.1,55.3,19.0,38,1,19,6.0,12,200,0,14,90.5,181,67.0,134,54.7,29,1,13.5,27,106,36,2.6,7.6,0.59
Cole Beasley,7330,WR,BUF,5,8.1,2,85.7,66.7,2,3,0,4.0,1,16,4,0,73.5,75.3,76.7,,77.8,0.0,0,0,29,0.0,0,145,0,24,93.1,135,86.9,126,125.1,28,1,11.7,17,313,97,4.0,13.0,2.32
Laviska Shenault Jr.,61220,WR,JAX,5,7.3,6,82.1,62.5,5,8,0,0.0,0,16,15,0,84.9,77.7,79.8,,81.3,0.0,0,0,28,0.0,0,141,0,23,96.5,136,24.8,35,118.8,28,1,70.9,100,270,136,5.9,11.7,1.99
Tee Higgins,61211,WR,CIN,5,15.6,0,57.1,22.2,2,9,0,5.9,1,13,7,0,67.7,74.0,68.7,62.3,69.8,0.0,0,0,30,0.6,1,169,1,16,94.1,159,24.9,42,105.4,28,2,75.1,127,214,65,4.1,13.4,1.35
George Kittle,11901,TE,SF,3,8.1,1,82.1,75.0,6,8,0,8.0,2,14,28,0,62.3,76.0,79.6,75.3,82.4,60.0,81,0,38,17.8,24,135,1,23,77.8,105,34.8,47,118.9,28,1,3.0,4,271,111,4.8,11.8,2.58
Sammy Watkins,8639,WR,KC,5,7.0,1,75.0,0.0,0,2,0,4.5,1,16,16,1,71.3,25.0,66.9,65.3,64.8,0.0,0,0,21,0.6,1,159,1,21,95.0,151,48.4,77,121.4,28,2,51.6,82,222,81,3.9,10.6,1.47
Jerry Jeudy,61103,WR,DEN,4,14.4,4,55.6,60.0,3,5,0,16.7,3,11,10,1,38.1,73.0,68.8,,68.8,0.0,0,2,48,0.0,0,123,0,15,93.5,115,84.6,104,66.0,27,1,15.4,19,234,74,4.9,15.6,2.03
Jarvis Landry,8698,WR,CLV,5,10.7,0,77.8,83.3,5,6,0,8.7,2,14,8,0,59.2,74.9,74.2,66.2,71.7,0.7,1,1,32,0.7,1,145,0,21,93.1,135,49.7,72,94.3,27,0,49.7,72,279,68,3.2,13.3,2.07
N'Keal Harry,48297,WR,NE,4,6.5,4,66.7,57.1,4,7,0,0.0,0,9,19,1,82.7,24.0,67.2,65.3,69.6,0.8,1,0,27,0.8,1,119,0,18,95.8,114,31.1,37,95.6,27,1,68.1,81,166,81,4.5,9.2,1.46
Mike Gesicki,47153,TE,MIA,5,12.2,0,66.7,66.7,8,12,0,5.3,1,14,17,0,68.7,73.9,84.4,70.4,81.8,7.1,11,1,70,1.9,3,154,0,18,92.2,142,74.7,115,110.3,27,2,18.2,28,281,78,4.3,15.6,1.98
Robert Woods,7822,WR,LA,5,6.0,1,85.2,50.0,1,2,1,4.2,1,12,26,1,73.5,77.6,69.9,76.4,66.6,0.0,0,0,56,3.0,5,164,2,23,92.7,152,47.0,77,137.7,27,2,53.0,87,300,200,8.7,13.0,1.97
Julian Edelman,5156,WR,NE,4,12.3,0,66.7,28.6,2,7,0,18.2,4,16,19,0,31.7,74.7,72.0,,72.6,0.8,1,1,49,0.0,0,125,0,18,97.6,122,75.2,94,87.6,27,0,23.2,29,294,60,3.3,16.3,2.41
Jimmy Graham,5619,TE,CHI,5,8.5,2,63.0,62.5,5,8,0,0.0,0,13,6,1,82.2,23.2,58.2,42.5,60.9,28.3,52,1,29,7.6,14,184,0,17,90.2,166,53.3,98,104.8,27,4,18.5,34,169,53,3.1,9.9,1.02
Keelan Cole,51593,WR,JAX,5,9.6,2,77.8,75.0,3,4,0,0.0,0,14,15,0,84.1,76.5,71.0,66.6,68.8,0.0,0,1,23,0.5,1,191,0,21,95.8,183,69.1,132,122.1,27,3,30.9,59,219,64,3.0,10.4,1.2
Noah Fant,42388,TE,DEN,4,7.7,4,70.4,33.3,1,3,0,9.5,2,9,10,0,58.1,74.4,65.1,30.5,75.6,67.4,91,0,31,4.4,6,135,1,19,87.4,118,25.9,35,119.2,27,2,6.7,9,219,123,6.5,11.5,1.86
Austin Hooper,10715,TE,CLV,5,6.7,0,65.4,100.0,6,6,0,5.6,1,11,8,0,68.0,73.6,74.5,54.6,69.6,70.9,105,1,18,17.6,26,148,0,17,80.4,119,19.6,29,77.9,26,1,8.8,13,153,69,4.1,9.0,1.29
Isaiah Ford,11991,WR,MIA,5,8.8,0,65.4,33.3,2,6,0,5.6,1,12,17,0,68.0,73.6,67.1,,66.0,0.0,0,2,17,0.0,0,146,0,17,93.8,137,95.9,140,52.4,26,0,4.1,6,174,41,2.4,10.2,1.27
Hayden Hurst,47294,TE,ATL,5,10.5,1,57.7,50.0,5,10,0,0.0,0,7,2,0,81.1,73.0,54.8,44.2,53.4,39.7,75,0,42,3.2,6,189,0,15,91.0,172,53.4,101,103.0,26,2,6.9,13,170,65,4.3,11.3,0.99
Kendrick Bourne,12270,WR,SF,5,10.8,4,57.7,28.6,2,7,0,6.3,1,11,28,0,65.6,73.0,64.7,69.8,64.9,1.7,3,1,24,0.6,1,177,0,15,92.7,164,42.4,75,83.3,26,1,55.9,99,227,97,6.5,15.1,1.38
Chris Hogan,6468,WR,NYJ,5,10.0,1,53.8,16.7,1,6,0,6.7,1,6,22,0,80.6,76.2,56.1,,56.0,0.0,0,1,27,0.0,0,185,1,14,92.4,171,22.7,42,49.8,26,0,77.3,143,118,42,3.0,8.4,0.69
Jonnu Smith,11855,TE,TEN,4,6.3,0,69.2,57.1,4,7,0,5.3,1,11,31,0,69.6,74.1,85.0,50.8,89.6,51.8,58,0,63,19.6,22,112,0,18,76.8,86,34.8,39,134.8,26,5,8.9,10,221,114,6.3,12.3,2.57
J.D. McKissic,11047,HB,WAS,5,1.8,5,68.0,0.0,0,3,0,0.0,0,4,32,1,82.7,29.7,63.5,82.2,62.1,0.0,0,0,26,13.1,17,130,0,17,83.8,109,11.5,15,79.4,25,0,13.1,17,124,117,6.9,7.3,1.14
Myles Gaskin,45914,HB,MIA,5,0.0,0,92.0,50.0,1,2,0,4.2,1,4,17,0,72.8,85.9,68.1,51.9,63.8,0.0,0,0,15,21.6,32,148,0,23,74.3,110,11.5,17,91.2,25,0,8.1,12,147,151,6.6,6.4,1.34
Justin Jefferson,61398,WR,MIN,5,13.2,2,76.0,50.0,2,4,0,9.5,2,16,18,0,57.1,74.1,84.2,,83.8,0.0,0,2,71,0.0,0,141,0,19,95.0,134,45.4,64,97.5,25,1,54.6,77,371,122,6.4,19.5,2.77
Marquez Valdes-Scantling,47809,WR,GB,4,17.7,0,48.0,40.0,2,5,0,20.0,3,9,12,0,31.0,71.9,57.5,,58.8,0.0,0,0,45,0.0,0,130,2,12,90.8,118,26.9,35,90.4,25,1,73.1,95,210,58,4.8,17.5,1.78
Larry Fitzgerald,1724,WR,ARZ,5,5.2,0,72.0,20.0,1,5,0,0.0,0,9,1,0,82.7,73.9,56.2,69.2,58.3,0.0,0,1,12,1.6,3,186,0,18,91.4,170,87.1,162,65.9,25,0,12.9,24,123,67,3.7,6.8,0.72
Diontae Johnson,33441,WR,PIT,4,9.3,3,62.5,50.0,1,2,0,11.8,2,9,25,0,51.5,79.0,73.4,,71.9,0.0,0,0,28,0.0,0,88,0,15,98.9,87,15.9,14,93.6,24,1,84.1,74,147,73,4.9,9.8,1.69
JuJu Smith-Schuster,11817,WR,PIT,4,5.2,1,87.5,66.7,2,3,0,0.0,0,11,25,0,84.9,75.6,70.9,,71.2,0.0,0,1,26,0.0,0,155,0,21,94.2,146,78.7,122,121.5,24,3,21.3,33,188,124,5.9,9.0,1.29
Darnell Mooney,48236,WR,CHI,5,13.9,4,62.5,20.0,1,5,0,0.0,0,7,6,1,81.1,22.9,63.8,,61.9,0.0,0,0,33,0.0,0,140,0,15,96.4,135,19.3,27,95.8,24,1,80.7,113,160,31,2.1,10.7,1.19
Randall Cobb,6216,WR,HST,5,7.5,0,79.2,50.0,2,4,0,0.0,0,12,13,0,83.2,74.1,71.2,,71.7,0.0,0,0,34,0.0,0,156,0,19,97.4,152,82.1,128,125.7,24,1,17.9,28,260,119,6.3,13.7,1.71
Michael Gallup,26075,WR,DAL,5,17.6,2,70.8,83.3,5,6,0,10.5,2,14,9,0,56.1,73.9,65.7,,67.0,0.0,0,0,52,0.0,0,235,1,17,97.0,228,3.4,8,127.1,24,1,96.6,227,348,55,3.2,20.5,1.53
Chris Carson,12004,HB,SEA,5,0.6,3,91.3,100.0,1,1,0,0.0,0,8,29,0,84.1,57.2,79.3,53.6,88.4,0.0,0,1,19,8.2,9,110,0,21,88.2,97,6.4,7,113.5,23,3,4.5,5,140,146,7.0,6.7,1.44
Miles Sanders,40555,HB,PHI,4,2.9,1,47.8,50.0,1,2,0,21.4,3,4,24,0,29.9,55.4,63.8,57.8,39.7,0.0,0,1,28,10.2,15,147,0,11,85.7,126,8.2,12,41.4,23,0,10.9,16,97,106,9.6,8.8,0.77
Golden Tate,5585,WR,NYG,4,5.8,0,78.3,66.7,2,3,0,10.0,2,8,21,0,55.9,76.4,57.9,,58.2,0.0,0,0,21,0.0,0,138,1,18,94.2,130,81.9,113,92.9,23,0,18.1,25,145,46,2.6,8.1,1.12
Chase Edmonds,45851,HB,ARZ,5,2.6,1,78.3,0.0,0,1,0,5.3,1,8,1,1,68.7,24.2,63.3,71.6,67.4,2.1,2,0,30,9.4,9,96,0,18,81.3,78,25.0,24,119.0,23,2,8.3,8,129,97,5.4,7.2,1.65
Clyde Edwards-Helaire,57279,HB,KC,5,1.5,5,73.9,50.0,2,4,0,0.0,0,7,16,0,83.2,86.8,68.9,17.1,77.3,0.7,1,0,24,5.6,8,144,0,17,86.8,125,5.6,8,94.3,23,0,9.0,13,169,152,8.9,9.9,1.35
Anthony Miller,48160,WR,CHI,5,13.8,1,56.5,40.0,2,5,0,13.3,2,7,6,1,47.7,74.4,57.7,,58.1,0.0,0,1,28,0.0,0,132,0,13,96.2,127,96.2,127,89.2,23,2,3.8,5,161,25,1.9,12.4,1.27
Jerick McKinnon,8731,HB,SF,5,4.5,2,68.2,,0,0,0,6.3,1,5,28,0,66.7,83.0,79.7,46.0,77.7,0.8,1,2,26,18.2,22,121,0,15,76.0,92,9.1,11,56.4,22,1,1.7,2,107,69,4.6,7.1,1.16
Hunter Renfrow,47509,WR,LV,5,8.7,2,77.3,50.0,2,4,0,5.6,1,12,23,0,67.7,27.8,72.7,,71.9,0.0,0,0,42,0.0,0,135,0,17,91.1,123,65.2,88,127.3,22,1,34.8,47,241,103,6.1,14.2,1.96
Chris Conley,9509,WR,JAX,5,13.7,0,59.1,40.0,2,5,0,13.3,2,9,15,0,49.8,72.7,69.2,,69.4,0.9,1,1,51,0.0,0,107,1,13,97.2,104,26.2,28,68.4,22,0,72.9,78,190,78,6.0,14.6,1.83
Devin Singletary,40485,HB,BUF,5,1.4,8,77.3,0.0,0,1,1,15.0,3,2,4,0,41.9,85.1,63.3,75.1,51.8,0.0,0,0,34,16.0,25,156,1,17,80.1,125,1.3,2,89.6,22,0,16.0,25,122,115,6.8,7.2,0.98
Ronald Jones,34001,HB,TB,5,0.8,1,68.2,100.0,1,1,0,16.7,3,1,30,0,29.8,86.4,68.4,29.3,42.1,0.0,0,0,11,7.1,7,99,0,15,82.8,82,11.1,11,73.3,22,0,9.1,9,76,74,4.9,5.1,0.93
Aaron Jones,11937,HB,GB,4,4.8,2,68.2,66.7,2,3,0,6.3,1,7,12,0,65.6,57.0,71.6,46.5,84.0,2.4,2,0,30,14.6,12,82,0,15,80.5,66,6.1,5,114.8,22,2,15.9,13,135,99,6.6,9.0,2.05
Damiere Byrd,9964,WR,NE,4,11.9,2,63.6,33.3,1,3,0,6.7,1,9,19,0,64.7,77.3,62.0,,62.3,0.0,0,2,30,0.0,0,141,0,14,97.9,138,14.9,21,51.1,22,0,85.1,120,179,45,3.2,12.8,1.3
Chris Herndon,47164,TE,NYJ,5,5.5,1,59.1,0.0,0,4,0,18.8,3,5,22,1,33.5,21.4,51.9,63.6,47.5,58.2,89,0,18,18.3,28,153,0,13,77.1,118,20.9,32,69.9,22,0,17.0,26,98,64,4.9,7.5,0.83
Dontrelle Inman,6597,WR,WAS,5,9.5,0,54.5,100.0,1,1,0,7.7,1,7,32,1,61.8,20.9,59.4,,57.3,0.0,0,2,17,0.0,0,163,1,12,95.7,156,14.7,24,59.5,22,2,85.3,139,103,33,2.8,8.6,0.66
Curtis Samuel,11795,WR,CAR,5,6.4,3,86.4,100.0,2,2,0,5.0,1,10,5,0,56.9,78.6,65.2,76.2,62.5,0.0,0,0,24,1.4,2,145,1,19,94.5,137,71.0,103,101.3,22,0,24.1,35,183,66,3.5,9.6,1.34
James Robinson,22425,HB,JAX,5,-1.0,8,90.5,100.0,1,1,0,5.0,1,7,15,1,70.5,56.6,75.0,77.6,78.6,0.0,0,0,28,24.8,29,117,0,19,70.9,83,0.9,1,103.0,21,0,2.6,3,183,197,10.4,9.6,2.2
John Brown,8726,WR,BUF,4,14.2,0,66.7,66.7,2,3,0,6.7,1,11,4,0,49.8,72.7,67.3,,68.5,0.0,0,0,46,0.0,0,139,0,14,94.2,131,8.6,12,127.9,21,2,91.4,127,194,41,2.9,13.9,1.48
Tim Patrick,12087,WR,DEN,4,13.7,1,76.2,66.7,4,6,1,0.0,0,10,10,0,82.2,73.6,69.5,,72.7,0.7,1,0,40,0.0,0,135,2,16,91.1,123,20.7,28,138.8,21,2,78.5,106,209,38,2.4,13.1,1.7
Danny Amendola,4717,WR,DET,4,10.6,2,47.6,20.0,1,5,0,0.0,0,7,11,0,78.0,71.1,70.0,72.1,68.8,2.8,3,1,50,1.9,2,108,1,10,91.7,99,79.6,86,57.0,21,0,16.7,18,177,82,8.2,17.7,1.79
Brandon Aiyuk,84109,WR,SF,4,10.0,2,57.1,0.0,0,2,1,7.7,1,10,28,0,79.4,73.5,69.8,67.5,70.1,0.0,0,0,20,0.6,1,155,1,12,93.5,145,18.7,29,80.1,21,0,81.3,126,153,43,3.6,12.8,1.06
D.J. Chark Jr.,47702,WR,JAX,4,12.5,0,90.0,100.0,3,3,0,0.0,0,14,15,0,82.7,73.9,76.5,,75.0,0.0,0,0,45,0.0,0,148,0,18,95.3,141,24.3,36,152.1,20,3,75.7,112,220,36,2.0,12.2,1.56
Tre'Quan Smith,48228,WR,NO,5,9.3,4,80.0,66.7,2,3,0,5.9,1,12,20,0,66.7,73.3,66.3,73.7,63.7,0.6,1,0,29,2.3,4,175,0,16,94.3,165,46.3,81,140.4,20,2,53.1,93,194,51,3.2,12.1,1.18
Zach Pascal,12303,WR,IND,5,11.3,1,60.0,33.3,2,6,0,0.0,0,7,14,0,79.4,71.9,62.6,,63.1,0.0,0,0,36,0.0,0,153,0,12,90.8,139,62.1,95,98.8,20,1,36.6,56,144,43,3.6,12.0,1.04
Joe Mixon,11803,HB,CIN,5,-1.6,8,95.0,,0,0,0,0.0,0,5,7,0,83.2,67.6,68.4,57.0,72.7,0.0,0,0,19,15.1,21,139,0,19,82.0,114,12.2,17,109.0,20,1,8.6,12,123,160,8.4,6.5,1.08
Scotty Miller,47481,WR,TB,5,17.7,2,75.0,100.0,1,1,0,6.3,1,9,30,0,65.6,73.5,65.6,,65.8,0.0,0,0,47,0.0,0,155,0,15,92.3,143,22.6,35,133.3,20,1,77.4,120,250,44,2.9,16.7,1.75
Tyler Eifert,7802,TE,JAX,5,9.9,0,55.0,12.5,1,8,0,0.0,0,5,15,0,78.7,71.5,54.5,66.6,51.4,32.7,54,1,19,8.5,14,165,0,11,87.3,144,52.1,86,63.1,20,1,12.1,20,93,38,3.5,8.5,0.65
Christian Kirk,47546,WR,ARZ,4,16.9,0,55.0,40.0,2,5,0,0.0,0,8,1,0,79.4,78.1,61.7,,61.0,0.0,0,1,49,0.0,0,141,0,11,92.9,131,20.6,29,75.8,20,1,79.4,112,154,27,2.5,14.0,1.18
Preston Williams,38855,WR,MIA,5,15.7,0,50.0,33.3,2,6,0,9.1,1,8,17,0,61.8,71.9,63.7,,62.9,0.0,0,1,47,0.0,0,165,0,10,93.9,155,8.5,14,96.9,20,2,91.5,151,195,23,2.3,19.5,1.26
Eric Ebron,8645,TE,PIT,4,9.9,0,70.0,50.0,2,4,0,6.7,1,9,25,1,64.4,21.9,58.3,75.6,61.7,57.5,73,0,21,3.1,4,127,2,14,89.0,113,28.3,36,109.6,20,1,13.4,17,156,37,2.6,11.1,1.38
Mike Williams,11762,WR,LAC,4,18.0,0,60.0,33.3,2,6,0,7.7,1,7,27,0,63.5,72.3,70.0,,69.4,0.0,0,0,64,0.0,0,128,2,12,92.2,118,26.6,34,129.0,20,2,73.4,94,209,39,3.3,17.4,1.77
Jeff Smith,48055,WR,NYJ,2,12.1,1,50.0,50.0,2,4,0,16.7,2,5,22,0,41.1,71.6,58.7,,58.7,0.0,0,0,21,0.0,0,101,0,10,92.1,93,23.8,24,65.4,20,0,76.2,77,104,28,2.8,10.4,1.12
Davante Adams,8688,WR,GB,2,9.5,1,85.0,66.7,2,3,0,0.0,0,10,12,0,82.2,74.2,80.4,,79.5,0.0,0,0,40,0.0,0,68,0,17,94.1,64,26.5,18,140.0,20,2,73.5,50,192,55,3.2,11.3,3.0
Julio Jones,6158,WR,ATL,3,14.3,3,75.0,75.0,3,4,0,6.3,1,8,2,0,65.6,73.0,75.3,,73.0,0.0,0,0,44,0.0,0,100,0,15,94.0,94,25.0,25,109.0,20,0,75.0,75,213,57,3.8,14.2,2.27
Nyheim Hines,48103,HB,IND,5,1.1,5,90.0,0.0,0,1,0,0.0,0,7,14,0,83.2,84.4,61.6,20.7,80.1,0.0,0,0,18,8.0,7,87,0,18,87.4,76,10.3,9,108.1,20,1,9.2,8,119,118,6.6,6.6,1.57
T.J. Hockenson,40912,TE,DET,4,7.6,3,75.0,100.0,2,2,0,6.3,1,10,11,0,81.7,73.3,73.4,51.9,76.1,53.1,69,1,29,8.5,11,130,2,15,84.6,110,30.8,40,114.6,20,2,16.2,21,180,98,6.5,12.0,1.64
Chase Claypool,42312,WR,PIT,4,13.5,3,68.4,50.0,3,6,0,0.0,0,9,25,1,80.6,23.8,82.7,,81.7,0.0,0,0,84,0.0,0,83,1,13,89.2,74,32.5,27,150.8,19,4,67.5,56,261,121,9.3,20.1,3.53
Corey Davis,11760,WR,TEN,3,9.8,2,78.9,80.0,4,5,0,0.0,0,13,31,0,81.1,73.0,79.8,,80.1,0.0,0,0,38,0.0,0,101,0,15,96.0,97,21.8,22,129.4,19,1,78.2,79,206,70,4.7,13.7,2.12
Greg Olsen,3647,TE,SEA,5,7.9,0,78.9,66.7,2,3,0,16.7,3,10,29,0,40.1,73.3,64.7,67.5,63.7,28.1,43,1,21,6.5,10,153,1,15,87.6,134,60.8,93,93.0,19,1,11.1,17,140,28,1.9,9.3,1.04
Olamide Zaccheaus,44920,WR,ATL,5,11.1,2,73.7,66.7,2,3,0,6.7,1,10,2,0,64.4,72.7,67.0,,65.3,0.0,0,0,16,0.0,0,125,1,14,96.0,120,14.4,18,96.4,19,0,85.6,107,150,48,3.4,10.7,1.25
Adam Humphries,10075,WR,TEN,3,8.3,0,78.9,66.7,2,3,0,0.0,0,5,31,0,81.1,73.3,73.0,,73.1,0.0,0,0,23,0.0,0,85,0,15,92.9,79,83.5,71,114.0,19,1,16.5,14,136,33,2.2,9.1,1.72
Marvin Jones Jr.,7158,WR,DET,4,10.1,2,63.2,71.4,5,7,0,14.3,2,9,11,0,46.0,71.9,61.2,65.6,61.3,1.8,3,1,21,0.6,1,164,1,12,92.7,152,34.8,57,80.6,19,1,63.4,104,138,37,3.1,11.5,0.91
Rob Gronkowski,5567,TE,TB,5,10.1,1,63.2,60.0,3,5,0,0.0,0,6,30,0,80.0,73.1,65.4,52.5,70.5,88.8,150,1,29,20.1,34,169,2,12,74.0,125,7.1,12,63.5,19,0,4.1,7,140,81,6.8,11.7,1.12
Josh Jacobs,45953,HB,LV,5,0.1,4,78.9,,0,0,1,11.8,2,2,23,0,52.8,67.8,69.9,45.5,60.3,0.0,0,0,29,25.4,30,118,1,15,69.5,82,2.5,3,90.4,19,0,5.1,6,108,126,8.4,7.2,1.32
David Montgomery,45719,HB,CHI,5,2.1,6,84.2,0.0,0,1,0,0.0,0,6,6,0,81.7,85.3,69.1,82.7,65.1,0.0,0,0,28,15.1,21,139,0,16,81.3,113,5.0,7,111.4,19,1,7.2,10,124,111,6.9,7.8,1.1
DeSean Jackson,4363,WR,PHI,3,16.8,0,52.6,50.0,1,2,0,16.7,2,7,24,0,41.4,72.2,62.4,,61.9,0.0,0,1,27,0.0,0,85,0,10,100.0,85,24.7,21,50.5,19,0,75.3,64,121,21,2.1,12.1,1.42
Gabriel Davis,55410,WR,BUF,5,14.3,1,72.2,50.0,1,2,0,7.1,1,8,4,0,65.9,73.5,70.6,47.4,72.1,0.0,0,1,39,2.0,3,148,1,13,92.6,137,53.4,79,119.4,18,2,46.6,69,187,34,2.6,14.4,1.36
James Washington,47792,WR,PIT,4,7.9,1,72.2,50.0,1,2,0,13.3,2,8,25,0,47.7,72.3,61.0,,59.9,0.0,0,0,21,0.0,0,114,0,13,93.0,106,14.0,16,107.9,18,1,86.0,98,117,51,3.9,9.0,1.1
O.J. Howard,11774,TE,TB,4,12.7,1,61.1,50.0,2,4,0,8.3,1,8,30,0,60.2,71.5,80.1,76.2,85.3,53.4,39,0,33,9.6,7,73,2,11,83.6,61,28.8,21,123.8,18,2,15.1,11,146,17,1.5,13.3,2.39
David Johnson,9519,HB,HST,5,5.5,4,61.1,100.0,1,1,0,15.4,2,6,13,0,43.8,85.5,66.1,40.1,50.5,0.0,0,0,20,12.7,20,157,0,11,86.0,135,4.5,7,77.8,18,0,24.2,38,107,83,7.5,9.7,0.79
Drew Sample,47259,TE,CIN,5,4.9,2,82.4,0.0,0,3,0,6.7,1,6,7,0,64.7,72.7,65.3,51.2,61.5,68.7,114,1,23,19.9,33,166,0,14,75.9,126,13.3,22,72.1,17,0,13.3,22,122,62,4.4,8.7,0.97
Antonio Gibson,78050,HB,WAS,5,-1.5,6,88.2,0.0,0,1,0,0.0,0,5,32,1,81.1,53.0,74.4,35.0,75.3,0.0,0,0,40,9.8,8,82,0,15,87.8,72,4.9,4,96.6,17,0,9.8,8,122,159,10.6,8.1,1.69
Austin Ekeler,12164,HB,LAC,4,-2.0,6,100.0,,0,0,0,0.0,0,7,27,0,82.2,83.6,84.5,42.8,77.5,0.0,0,0,28,14.9,15,101,0,17,80.2,81,8.9,9,102.0,17,0,11.9,12,144,178,10.5,8.5,1.78
Dallas Goedert,47272,TE,PHI,3,7.0,4,76.5,33.3,1,3,0,13.3,2,7,24,0,48.0,72.3,69.8,80.4,67.6,52.9,45,0,34,14.1,12,85,0,13,84.7,72,37.6,32,119.2,17,1,9.4,8,138,68,5.2,10.6,1.92
Mecole Hardman,42683,WR,KC,5,9.5,1,76.5,50.0,1,2,0,7.1,1,7,16,0,64.7,79.8,66.7,,69.9,0.0,0,0,49,0.0,0,132,2,13,91.7,121,59.1,78,152.6,17,2,39.4,52,194,112,8.6,14.9,1.6
Cedrick Wilson,48170,WR,DAL,5,7.8,1,70.6,0.0,0,1,0,7.7,1,9,9,0,62.1,75.5,81.9,,79.6,0.0,0,0,42,0.0,0,53,1,12,94.3,50,67.9,36,140.1,17,2,30.2,16,163,106,8.8,13.6,3.26
Tyler Higbee,10744,TE,LA,5,7.1,0,93.8,,0,0,0,0.0,0,8,26,0,66.7,73.3,68.5,40.2,70.6,77.3,99,0,31,29.7,38,128,1,15,66.4,85,8.6,11,149.5,16,3,14.1,18,166,75,5.0,11.1,1.95
Giovani Bernard,7818,HB,CIN,5,0.2,2,81.3,,0,0,0,7.1,1,4,7,0,63.2,74.8,63.6,64.0,56.0,0.0,0,1,42,26.7,27,101,0,13,70.3,71,19.8,20,67.2,16,0,10.9,11,102,100,7.7,7.8,1.44
Chris Thompson,7936,HB,JAX,5,2.3,5,81.3,100.0,1,1,0,0.0,0,2,15,0,80.0,75.0,55.8,29.9,58.7,0.0,0,0,15,8.0,9,112,0,13,88.4,99,4.5,5,112.5,16,1,17.9,20,96,75,5.8,7.4,0.97
D'Andre Swift,57212,HB,DET,4,2.2,2,81.3,100.0,2,2,0,13.3,2,6,11,0,47.7,77.2,63.6,83.3,54.9,1.5,1,0,19,9.0,6,67,0,13,83.6,56,4.5,3,119.8,16,1,25.4,17,124,99,7.6,9.5,2.21
Rex Burkhead,7971,HB,NE,4,-0.3,1,75.0,,0,0,0,7.7,1,6,19,0,62.1,80.9,69.2,84.8,69.7,0.0,0,1,19,12.8,11,86,0,12,87.2,75,3.5,3,85.7,16,1,3.5,3,101,126,10.5,8.4,1.35
A.J. Brown,48327,WR,TEN,2,8.9,3,75.0,60.0,3,5,0,0.0,0,10,31,0,79.4,71.9,76.9,,78.7,1.4,1,0,16,0.0,0,70,1,12,92.9,65,10.0,7,116.9,16,1,88.6,62,121,37,3.1,10.1,1.86
Miles Boykin,48209,WR,BLT,5,10.6,0,62.5,0.0,0,1,0,0.0,0,5,3,0,78.0,71.1,61.5,,58.5,0.0,0,1,25,0.0,0,122,0,10,97.5,119,9.0,11,57.0,16,0,90.2,110,111,50,5.0,11.1,0.93
Allen Lazard,48135,WR,GB,3,13.5,2,81.3,100.0,2,2,0,13.3,2,11,12,0,33.5,73.3,68.4,61.6,68.7,0.9,1,0,72,0.9,1,107,0,13,90.7,97,52.3,56,158.3,16,2,46.7,50,254,96,7.4,19.5,2.62
Braxton Berrios,47961,WR,NYJ,4,10.8,0,62.5,0.0,0,2,0,16.7,2,6,22,0,41.4,77.4,62.6,,61.4,0.0,0,0,30,0.0,0,90,0,10,92.2,83,77.8,70,125.8,16,2,18.9,17,123,48,4.8,12.3,1.48
Josh Reynolds,11872,WR,LA,5,11.7,1,75.0,33.3,1,3,0,0.0,0,10,26,2,79.4,71.9,68.2,,68.0,0.0,0,0,29,0.0,0,115,0,12,94.8,109,25.2,29,111.7,16,0,74.8,86,181,47,3.9,15.1,1.66
Jared Cook,5012,TE,NO,4,13.3,0,68.8,75.0,3,4,1,8.3,1,8,20,0,60.2,71.5,62.1,30.7,62.6,16.0,17,0,46,0.9,1,106,1,11,95.3,101,39.6,42,142.2,16,2,44.3,47,166,28,2.5,15.1,1.64
Melvin Gordon III,9448,HB,DEN,4,1.3,0,73.3,,0,0,0,8.3,1,2,10,1,60.2,55.8,67.2,54.1,40.4,0.0,0,0,16,20.2,24,119,0,11,73.9,88,1.7,2,97.9,15,1,4.2,5,45,43,3.9,4.1,0.51
Kenny Golladay,11851,WR,DET,2,11.3,0,66.7,60.0,3,5,0,9.1,1,8,11,0,58.5,71.1,77.0,,75.3,0.0,0,0,19,0.0,0,66,0,10,89.4,59,24.2,16,130.3,15,2,75.8,50,119,20,2.0,11.9,2.02
Travis Fulgham,48023,WR,PHI,2,13.1,2,80.0,80.0,4,5,0,0.0,0,11,24,0,79.4,71.9,91.2,,90.7,1.7,1,0,42,0.0,0,58,0,12,94.8,55,32.8,19,158.3,15,2,65.5,38,209,39,3.3,17.4,3.8
John Hightower,84142,WR,PHI,5,19.1,0,46.7,0.0,0,2,1,22.2,2,3,24,0,35.3,70.1,50.5,,52.9,0.0,0,2,13,0.0,0,149,1,7,93.3,139,6.0,9,17.2,15,0,94.0,140,57,25,3.6,8.1,0.41
Jordan Reed,7866,TE,SF,3,7.0,3,73.3,40.0,2,5,0,0.0,0,6,28,0,79.4,71.9,86.9,69.8,87.4,24.4,10,0,18,2.4,1,41,1,11,90.2,37,63.4,26,126.4,15,2,12.2,5,85,35,3.2,7.7,2.3
Demarcus Robinson,10760,WR,KC,5,10.5,2,53.3,0.0,0,1,0,20.0,2,4,16,0,38.4,70.6,54.6,65.6,54.3,2.0,3,0,14,0.7,1,147,1,8,93.2,137,17.0,25,60.4,15,0,81.0,119,50,37,4.6,6.3,0.36
Jordan Akins,47050,TE,HST,4,6.2,3,93.3,100.0,2,2,0,0.0,0,8,13,0,80.6,72.7,72.4,77.0,75.0,20.0,23,0,26,3.5,4,115,1,14,93.9,108,62.6,72,135.6,15,1,8.7,10,168,83,5.9,12.0,1.56
David Moore,11981,WR,SEA,5,13.5,1,71.4,50.0,1,2,0,0.0,0,6,29,0,78.0,77.9,72.1,62.3,71.1,1.1,1,0,57,1.1,1,90,0,10,92.2,83,27.8,25,152.7,14,2,71.1,64,173,78,7.8,17.3,2.08
Mo Alie-Cox,12078,TE,IND,5,10.1,0,78.6,50.0,2,4,0,0.0,0,9,14,0,78.7,71.5,91.3,79.1,89.9,55.7,39,2,45,7.1,5,70,0,11,81.4,57,30.0,21,118.8,14,2,11.4,8,194,90,8.2,17.6,3.4
James Conner,11860,HB,PIT,4,1.1,0,78.6,100.0,2,2,0,15.4,2,5,25,0,44.2,84.2,64.7,64.8,55.5,0.0,0,0,13,14.1,14,99,0,11,76.8,76,5.1,5,91.1,14,0,6.1,6,82,76,6.9,7.5,1.08
James O'Shaughnessy,9606,TE,JAX,5,6.1,0,85.7,100.0,1,1,0,0.0,0,5,15,0,79.4,71.9,62.6,67.4,71.0,67.0,59,0,26,21.6,19,88,2,12,75.0,66,26.1,23,100.9,14,0,6.8,6,115,41,3.4,9.6,1.74
Robert Tonyan,12193,TE,GB,4,9.5,0,92.9,0.0,0,1,0,0.0,0,11,12,0,80.0,72.3,72.5,74.3,75.3,42.1,45,0,27,6.5,7,107,0,13,86.0,92,41.1,44,157.7,14,5,16.8,18,173,72,5.5,13.3,1.88
Kareem Hunt,11841,HB,CLV,5,2.8,7,78.6,33.3,1,3,0,15.4,2,5,8,0,43.5,57.6,78.4,53.7,65.7,3.4,3,0,13,21.8,19,87,0,11,75.9,66,4.6,4,125.0,14,3,8.0,7,63,39,3.5,5.7,0.95
Dalvin Cook,11796,HB,MIN,5,-2.6,1,85.7,0.0,0,1,0,7.7,1,4,18,0,61.8,65.1,82.2,59.3,56.8,0.0,0,0,15,15.8,16,101,0,12,80.2,81,4.0,4,85.7,14,0,8.9,9,64,90,7.5,5.3,0.79
Dion Lewis,6301,HB,NYG,5,1.5,0,64.3,,0,0,0,10.0,1,4,21,0,58.5,77.2,55.8,53.6,54.2,0.0,0,0,15,11.9,13,109,0,9,82.6,90,9.2,10,72.0,14,0,4.6,5,55,41,4.6,6.1,0.61
Kenny Stills,7926,WR,HST,5,14.5,0,61.5,33.3,1,3,0,11.1,1,5,13,0,54.5,70.1,59.9,,59.3,0.0,0,1,24,0.0,0,78,0,8,96.2,75,26.9,21,80.3,13,1,73.1,57,104,13,1.6,13.0,1.39
Malcolm Brown,9902,HB,LA,5,-1.0,1,69.2,0.0,0,1,0,10.0,1,2,26,0,56.7,83.6,60.4,64.4,51.1,0.0,0,0,18,14.9,17,114,0,9,81.6,93,20.2,23,73.9,13,0,9.6,11,44,63,7.0,4.9,0.47
Jamaal Williams,11889,HB,GB,4,1.3,3,100.0,,0,0,0,0.0,0,5,12,0,80.0,80.8,65.9,61.6,73.1,1.2,1,0,29,19.8,16,81,0,13,72.8,59,3.7,3,104.8,13,0,12.3,10,119,102,7.8,9.2,2.02
Willie Snead IV,8999,WR,BLT,5,7.6,1,76.9,,0,0,0,0.0,0,6,3,0,78.0,71.1,64.0,,63.8,0.0,0,1,22,0.0,0,111,0,10,97.3,108,84.7,94,97.3,13,1,15.3,17,117,39,3.9,11.7,1.08
Andy Isabella,47448,WR,ARZ,5,13.0,0,76.9,,0,0,0,16.7,2,6,1,0,41.1,75.8,66.3,,65.3,0.0,0,1,54,0.0,0,73,0,10,98.6,72,80.8,59,120.8,13,2,19.2,14,147,43,4.3,14.7,2.04
Chris Godwin,11839,WR,TB,2,9.1,0,84.6,66.7,2,3,0,0.0,0,6,30,0,78.7,71.5,72.9,66.3,74.2,2.5,2,0,30,1.2,1,81,0,11,93.8,76,70.4,57,138.1,13,1,27.2,22,143,52,4.7,13.0,1.88
Dawson Knox,35883,TE,BUF,4,4.9,0,50.0,50.0,1,2,0,14.3,1,2,4,1,49.2,16.9,60.5,70.9,51.5,36.6,30,0,36,19.5,16,82,0,6,78.0,64,15.9,13,76.0,12,0,7.3,6,93,84,14.0,15.5,1.45
Jalen Richard,11395,HB,LV,5,1.3,0,83.3,0.0,0,1,0,9.1,1,1,23,0,58.5,76.6,62.8,79.7,54.1,0.0,0,0,15,17.7,11,62,1,10,75.8,47,3.2,2,87.2,12,0,8.1,5,59,49,4.9,5.9,1.26
Jonathan Taylor,57488,HB,IND,5,-2.8,3,100.0,,0,0,0,0.0,0,3,14,0,80.0,86.8,69.4,29.3,71.6,0.0,0,0,35,6.9,5,72,0,12,86.1,62,9.7,7,103.8,12,0,1.4,1,107,141,11.8,8.9,1.73
K.J. Hamler,61590,WR,DEN,3,14.1,0,50.0,0.0,0,2,0,25.0,2,3,10,0,29.8,71.6,53.7,,54.7,0.0,0,1,18,0.0,0,94,0,6,87.2,82,22.3,21,36.1,12,0,77.7,73,78,7,1.2,13.0,0.95
Jakeem Grant,10820,WR,MIA,5,8.7,3,75.0,100.0,2,2,0,10.0,1,7,17,0,56.7,79.7,70.3,,69.9,1.6,1,0,19,0.0,0,64,1,9,93.8,60,18.8,12,95.1,12,0,79.7,51,88,26,2.9,9.8,1.47
Zay Jones,11792,WR,LV,5,8.3,1,75.0,50.0,1,2,0,10.0,1,4,23,0,56.7,70.6,62.0,,61.8,0.0,0,0,16,0.0,0,86,0,9,94.2,81,18.6,16,120.5,12,1,80.2,69,81,31,3.4,9.0,1.0
Quintez Cephus,29614,WR,DET,4,12.0,0,50.0,,0,0,0,14.3,1,4,11,0,49.2,68.8,62.9,68.1,64.0,0.0,0,0,36,2.7,2,73,0,6,91.8,67,16.4,12,77.4,12,0,83.6,61,97,41,6.8,16.2,1.45
Isaiah McKenzie,11927,WR,BUF,5,-0.2,5,91.7,,0,0,1,0.0,0,6,4,0,78.7,73.2,75.7,,79.8,0.0,0,0,46,0.0,0,43,2,11,97.7,42,79.1,34,127.4,12,1,16.3,7,95,99,9.0,8.6,2.26
Darren Fells,8549,TE,HST,5,9.1,1,66.7,33.3,1,3,0,0.0,0,6,13,0,76.5,70.1,70.6,51.4,66.1,55.3,57,0,44,17.5,18,103,0,8,81.6,84,35.0,36,138.9,12,2,6.8,7,120,53,6.6,15.0,1.43
Isaiah Wright,40113,WR,WAS,3,3.7,1,75.0,0.0,0,1,0,0.0,0,2,32,0,77.3,76.9,59.7,,56.2,0.0,0,0,11,0.0,0,98,0,9,96.9,95,77.6,76,80.9,12,0,22.4,22,47,45,5.0,5.2,0.49
Harrison Bryant,26394,TE,CLV,5,7.9,2,63.6,,0,0,0,12.5,1,4,8,0,52.1,69.5,63.6,79.1,57.5,43.6,34,1,16,15.4,12,78,0,7,83.3,65,38.5,30,69.9,11,1,14.1,11,59,31,4.4,8.4,0.91
Justin Watson,66915,WR,TB,3,9.6,0,63.6,50.0,2,4,0,0.0,0,5,30,0,75.6,69.5,61.8,70.2,60.9,1.2,1,2,36,1.2,1,84,0,7,91.7,77,58.3,49,51.1,11,0,40.5,34,94,21,3.0,13.4,1.22
Deebo Samuel,48274,WR,SF,2,9.0,0,45.5,0.0,0,1,0,16.7,1,4,28,0,46.3,70.0,62.5,,61.6,0.0,0,1,17,0.0,0,56,0,5,92.9,52,21.4,12,22.5,11,0,78.6,44,54,38,7.6,10.8,1.04
Trey Burton,9185,TE,IND,2,5.5,1,63.6,,0,0,0,12.5,1,3,14,0,54.5,71.1,64.6,70.2,62.4,30.8,12,0,10,2.6,1,39,0,7,89.7,35,46.2,18,73.7,11,0,23.1,9,49,23,3.3,7.0,1.4
Nelson Agholor,9453,WR,LV,5,13.2,1,90.9,75.0,3,4,0,0.0,0,10,23,0,79.4,72.5,73.5,,73.2,0.0,0,0,59,0.0,0,132,0,10,93.2,123,34.1,45,158.3,11,3,65.9,87,185,55,5.5,18.5,1.5
Michael Pittman Jr.,29049,WR,IND,3,5.0,0,81.8,0.0,0,1,0,0.0,0,4,14,0,77.3,70.6,61.3,,64.5,0.0,0,0,16,0.0,0,70,2,9,92.9,65,10.0,7,94.3,11,0,90.0,63,73,37,4.1,8.1,1.12
Henry Ruggs III,61102,WR,LV,3,21.6,0,54.5,33.3,1,3,0,0.0,0,4,23,0,74.6,72.5,65.4,,69.3,0.0,0,0,72,0.0,0,74,0,6,91.9,68,51.4,38,129.9,11,1,48.6,36,177,65,10.8,29.5,2.6
C.J. Uzomah,9590,TE,CIN,2,9.3,0,72.7,50.0,1,2,1,0.0,0,6,7,0,76.5,70.1,58.8,75.3,61.2,59.7,43,0,23,5.6,4,72,2,8,90.3,65,27.8,20,125.9,11,1,12.5,9,87,32,4.0,10.9,1.34
Deonte Harty,91470,WR,NO,4,4.2,3,63.6,,0,0,0,12.5,1,4,20,0,52.5,28.6,67.4,,64.6,0.0,0,1,17,0.0,0,52,0,7,98.1,51,75.0,39,38.1,11,0,25.0,13,55,56,8.0,7.9,1.08
Mike Thomas,10840,WR,CIN,5,6.0,1,90.9,,0,0,0,0.0,0,4,7,1,78.0,20.5,60.8,,60.5,0.0,0,0,14,0.0,0,71,0,10,94.4,67,18.3,13,122.7,11,1,81.7,58,68,14,1.4,6.8,1.01
Darrel Williams,13014,HB,KC,5,-0.4,1,54.5,0.0,0,1,0,14.3,1,3,16,0,52.1,75.5,51.6,21.0,56.5,1.4,1,0,15,17.6,13,74,0,6,74.3,55,4.1,3,60.8,11,0,1.4,1,35,46,7.7,5.8,0.64
LeSean McCoy,4976,HB,TB,4,2.7,2,81.8,,0,0,0,18.2,2,2,30,0,38.4,72.0,53.2,25.4,55.9,0.0,0,0,15,13.0,6,46,0,9,82.6,38,4.3,2,87.5,11,0,10.9,5,55,52,5.8,6.1,1.45
Anthony Firkser,51837,TE,TEN,4,8.5,0,81.8,80.0,4,5,0,0.0,0,5,31,0,77.3,70.6,67.1,,65.4,14.8,9,0,16,0.0,0,61,0,9,91.8,56,68.9,42,92.8,11,0,16.4,10,69,9,1.0,7.7,1.23
Dan Arnold,51842,TE,ARZ,5,7.7,0,81.8,,0,0,0,0.0,0,5,1,1,78.0,19.8,52.8,70.1,55.5,41.7,50,1,25,2.5,3,120,2,9,90.0,108,36.7,44,65.5,11,0,13.3,16,97,43,4.8,10.8,0.9
Darrell Henderson,41193,HB,LA,5,2.2,1,70.0,,0,0,0,0.0,0,5,26,0,75.6,84.2,85.6,67.5,90.3,0.0,0,0,28,13.3,6,45,0,7,84.4,38,4.4,2,132.1,10,1,4.4,2,92,76,10.9,13.1,2.42
Olabisi Johnson,47882,WR,MIN,5,16.7,1,50.0,,0,0,1,16.7,1,4,18,0,46.3,68.0,64.6,,66.3,0.0,0,2,29,0.0,0,58,1,5,91.4,53,8.6,5,42.9,10,0,91.4,53,93,29,5.8,18.6,1.75
Irv Smith Jr.,42060,TE,MIN,5,10.8,0,60.0,0.0,0,1,0,0.0,0,3,18,0,75.6,69.5,58.7,38.4,58.8,78.5,84,0,25,8.4,9,107,3,6,86.9,93,14.0,15,84.6,10,0,6.5,7,78,9,1.5,13.0,0.84
Kalen Ballage,45741,HB,NYJ,3,-0.2,3,90.0,,0,0,0,0.0,0,1,22,0,77.3,73.1,54.6,14.8,72.6,0.0,0,0,21,30.8,16,52,0,9,61.5,32,0.0,0,94.6,10,0,9.6,5,67,89,9.9,7.4,2.09
Todd Gurley II,9443,HB,ATL,5,0.0,2,80.0,0.0,0,1,0,11.1,1,2,2,1,56.7,59.7,63.5,45.0,37.5,0.0,0,0,11,18.2,20,110,0,8,76.4,84,1.8,2,82.5,10,0,2.7,3,38,40,5.0,4.8,0.45
Brian Hill,11911,HB,ATL,5,0.9,0,90.0,100.0,1,1,0,10.0,1,1,2,0,56.7,79.7,61.8,25.0,51.7,0.0,0,0,22,13.6,9,66,0,9,86.4,57,0.0,0,95.4,10,0,3.0,2,69,65,7.2,7.7,1.21
Kyle Rudolph,6195,TE,MIN,5,9.8,0,70.0,0.0,0,2,1,0.0,0,4,18,0,75.6,69.5,67.6,62.8,65.5,88.4,99,0,22,21.4,24,112,1,7,75.9,85,8.9,10,125.4,10,1,1.8,2,76,28,4.0,10.9,0.89
Trent Taylor,11932,WR,SF,5,6.6,0,50.0,33.3,1,3,0,0.0,0,2,28,0,73.4,75.0,53.8,73.8,53.0,0.0,0,1,20,2.2,2,90,1,5,90.0,81,62.2,56,19.6,10,0,37.8,34,37,25,5.0,7.4,0.46
James White,8765,HB,NE,2,-0.3,1,100.0,,0,0,0,0.0,0,4,19,0,78.0,75.0,67.5,40.8,75.8,0.0,0,0,15,17.1,7,41,0,10,80.5,33,14.6,6,95.0,10,0,7.3,3,68,71,7.1,6.8,2.06
Raheem Mostert,9783,HB,SF,3,3.7,1,90.0,100.0,2,2,0,0.0,0,5,28,0,77.3,81.1,89.2,82.5,90.4,0.0,0,0,76,16.7,7,42,0,9,83.3,35,2.4,1,152.1,10,1,2.4,1,139,100,11.1,15.4,3.97
Sterling Shepard,10674,WR,NYG,2,7.7,0,80.0,0.0,0,2,0,11.1,1,4,21,0,54.5,70.8,68.5,,64.6,0.0,0,0,24,0.0,0,56,0,8,92.9,52,64.3,36,98.3,10,0,35.7,20,76,13,1.6,9.5,1.46
Tony Pollard,27126,HB,DAL,5,-2.5,6,70.0,,0,0,0,22.2,2,2,9,0,31.8,81.1,66.6,83.7,51.6,0.0,0,0,18,8.9,4,45,0,7,88.9,40,17.8,8,76.2,10,0,0.0,0,38,63,9.0,5.4,0.95
J.K. Dobbins,57366,HB,BLT,5,1.3,3,90.0,,0,0,0,10.0,1,2,3,0,56.7,77.9,67.2,75.1,55.9,0.0,0,0,19,12.8,10,78,0,9,87.2,68,15.4,12,97.1,10,0,23.1,18,73,55,6.1,8.1,1.07
Collin Johnson,47808,WR,JAX,5,10.6,0,55.6,25.0,1,4,0,0.0,0,4,15,0,73.4,68.0,59.8,,59.4,1.7,1,1,19,0.0,0,60,0,5,95.0,57,30.0,18,67.6,9,1,68.3,41,47,9,1.8,9.4,0.82
Christian McCaffrey,11763,HB,CAR,2,-0.2,1,77.8,,0,0,0,0.0,0,4,5,0,75.6,82.1,76.0,57.6,70.3,0.0,0,1,16,15.4,10,65,0,7,81.5,53,13.8,9,58.1,9,0,13.8,9,67,66,9.4,9.6,1.26
Parris Campbell,47940,WR,IND,2,11.6,0,66.7,50.0,1,2,0,0.0,0,4,14,0,74.6,70.6,72.8,,73.4,0.0,0,1,21,0.0,0,43,2,6,93.0,40,95.3,41,50.9,9,0,4.7,2,71,22,3.7,11.8,1.78
Tarik Cohen,11874,HB,CHI,3,1.7,1,66.7,,0,0,0,14.3,1,1,6,0,49.2,78.1,62.6,83.4,55.6,0.0,0,0,20,8.5,5,59,1,6,91.5,54,10.2,6,76.6,9,0,22.0,13,41,62,10.3,6.8,0.76
Alexander Mattison,45817,HB,MIN,5,0.8,2,88.9,,0,0,0,11.1,1,3,18,0,54.5,82.6,68.2,69.6,56.9,1.8,1,0,14,10.9,6,55,0,8,81.8,45,1.8,1,93.1,9,0,5.5,3,57,47,5.9,7.1,1.27
Jalen Guyton,34164,WR,LAC,5,23.4,1,66.7,,0,0,0,14.3,1,5,27,0,49.2,69.8,57.8,,57.0,0.0,0,0,72,0.0,0,168,1,6,92.3,155,39.3,66,149.3,9,2,60.7,102,174,50,8.3,29.0,1.12
Saquon Barkley,45791,HB,NYG,2,4.1,3,66.7,100.0,1,1,0,14.3,1,3,21,0,49.2,77.5,60.3,27.0,62.8,0.0,0,0,38,25.0,12,48,0,6,72.9,35,20.8,10,85.4,9,0,8.3,4,60,56,9.3,10.0,1.71
Kaden Smith,40973,TE,NYG,5,3.6,0,77.8,0.0,0,1,0,0.0,0,3,21,0,75.6,19.0,69.9,70.0,62.3,66.2,43,0,13,16.9,11,65,1,7,78.5,51,32.3,21,88.0,9,0,0.0,0,46,29,4.1,6.6,0.9
Gerald Everett,11799,TE,LA,5,6.7,3,88.9,,0,0,0,11.1,1,6,26,1,56.7,19.9,72.8,76.0,74.4,55.1,38,0,40,26.1,18,69,0,8,71.0,49,13.0,9,118.8,9,0,27.5,19,141,91,11.4,17.6,2.88
Ian Thomas,42130,TE,CAR,5,7.2,0,55.6,0.0,0,1,0,16.7,1,4,5,0,46.3,68.0,49.8,47.3,49.8,25.9,37,1,11,2.1,3,143,2,5,95.1,136,53.8,77,59.7,9,1,20.3,29,30,8,1.6,6.0,0.22
Alec Ingold,34934,FB,LV,5,6.3,1,77.8,50.0,1,2,0,0.0,0,6,23,0,75.6,70.3,66.0,80.5,81.6,10.3,3,0,23,10.3,3,29,0,7,89.7,26,6.9,2,136.1,9,1,10.3,3,70,48,6.9,10.0,2.69
Van Jefferson,47447,WR,LA,5,14.7,1,55.6,50.0,1,2,0,16.7,1,3,26,1,46.3,69.1,63.3,,64.0,0.0,0,2,31,0.0,0,48,0,5,97.9,47,27.1,13,44.0,9,0,72.9,35,76,11,2.2,15.2,1.62
Noah Brown,11993,WR,DAL,5,12.1,0,77.8,100.0,3,3,0,0.0,0,2,9,0,76.5,70.1,67.3,,66.3,0.0,0,1,20,0.0,0,57,0,7,98.2,56,38.6,22,64.1,9,0,61.4,35,80,21,3.0,11.4,1.43
Devin Duvernay,40006,WR,BLT,5,4.3,0,77.8,,0,0,0,0.0,0,2,3,0,75.6,75.7,73.1,,71.7,0.0,0,0,19,0.0,0,35,0,7,100.0,35,28.6,10,94.0,9,0,68.6,24,59,40,5.7,8.4,1.69
Cameron Brate,9207,TE,TB,4,8.0,0,75.0,0.0,0,1,0,0.0,0,3,30,0,74.6,68.8,69.5,47.7,76.4,48.5,16,0,20,9.1,3,33,0,6,81.8,27,27.3,9,128.6,8,1,21.2,7,47,12,2.0,7.8,1.74
Derrick Henry,10679,HB,TEN,4,2.4,1,75.0,0.0,0,1,0,0.0,0,3,31,0,74.6,88.0,69.5,63.1,53.0,0.0,0,0,6,21.3,19,89,1,6,74.2,66,1.1,1,81.3,8,0,1.1,1,32,18,3.0,5.3,0.48
Nick Boyle,9604,TE,BLT,5,4.0,0,75.0,50.0,1,2,0,14.3,1,3,3,0,52.1,69.5,67.1,56.8,54.0,66.3,53,0,11,15.0,12,80,1,6,81.3,65,28.8,23,119.8,8,1,2.5,2,30,12,2.0,5.0,0.46
Leonard Fournette,11759,HB,TB,3,-0.1,1,87.5,0.0,0,1,0,12.5,1,2,30,0,52.5,79.5,68.2,75.1,62.0,0.0,0,0,14,6.1,2,33,0,7,87.9,29,6.1,2,84.4,8,0,12.1,4,34,35,5.0,4.9,1.17
Tyler Kroft,9518,TE,BUF,5,9.1,0,62.5,0.0,0,1,1,16.7,1,4,4,0,45.8,68.0,59.9,81.8,58.1,31.6,25,1,13,21.5,17,79,2,5,73.4,58,29.1,23,72.9,8,2,11.4,9,36,12,2.4,7.2,0.62
Damion Ratley,48182,WR,NYG,5,11.0,0,50.0,50.0,1,2,0,0.0,0,2,21,1,72.1,15.0,48.8,,51.3,0.0,0,1,29,0.0,0,94,2,4,93.6,88,10.6,10,37.0,8,0,89.4,84,63,11,2.8,15.8,0.72
Demetrius Harris,8524,TE,CHI,5,8.1,0,62.5,,0,0,0,0.0,0,2,6,0,73.4,68.0,63.0,72.3,51.2,72.7,56,0,9,35.1,27,77,0,5,63.6,49,11.7,9,69.8,8,0,15.6,12,30,16,3.2,6.0,0.61
C.J. Board,12088,WR,NYG,5,13.3,0,75.0,50.0,1,2,0,14.3,1,3,21,0,49.7,70.9,63.9,,61.5,0.0,0,0,12,0.0,0,83,0,6,92.8,77,7.2,6,94.8,8,0,92.8,77,58,10,1.7,9.7,0.75
Latavius Murray,7962,HB,NO,5,2.0,5,75.0,0.0,0,1,1,0.0,0,4,20,0,74.6,83.3,73.6,56.8,79.6,0.0,0,0,19,20.0,10,50,1,6,76.0,38,0.0,0,100.0,8,0,0.0,0,68,52,8.7,11.3,1.79
Kyle Juszczyk,7912,FB,SF,5,4.9,0,62.5,0.0,0,1,0,16.7,1,2,28,0,46.3,70.9,65.2,83.3,50.0,12.5,8,0,41,17.2,11,64,0,5,81.3,52,10.9,7,89.1,8,0,17.2,11,67,55,11.0,13.4,1.29
KeeSean Johnson,39587,WR,ARZ,2,14.0,0,37.5,33.3,1,3,0,25.0,1,2,1,0,36.2,65.8,57.1,,56.8,0.0,0,0,14,0.0,0,32,0,3,93.8,30,3.1,1,48.4,8,0,96.9,31,29,14,4.7,9.7,0.97
Vance McDonald,7836,TE,PIT,4,2.4,2,75.0,,0,0,0,0.0,0,2,25,0,74.6,68.8,50.4,45.1,52.1,80.3,57,0,15,12.7,9,71,1,6,83.1,59,8.5,6,88.0,8,0,8.5,6,45,37,6.2,7.5,0.76
Joshua Kelley,13750,HB,LAC,5,-1.0,1,100.0,,0,0,0,0.0,0,4,27,0,77.3,28.7,59.7,87.1,74.6,0.0,0,0,35,18.2,12,66,0,8,74.2,49,7.6,5,115.1,8,0,6.1,4,93,101,12.6,11.6,1.9
Cordarrelle Patterson,7810,HB,CHI,5,5.4,3,87.5,,0,0,0,12.5,1,3,6,0,52.1,82.7,62.2,,59.6,2.8,1,0,25,0.0,0,36,0,7,97.2,35,16.7,6,96.9,8,0,25.0,9,58,52,7.4,8.3,1.66
Jalen Reagor,61697,WR,PHI,2,18.8,0,62.5,66.7,2,3,0,0.0,0,3,24,0,45.8,73.3,54.4,,57.2,0.0,0,1,55,0.0,0,68,0,5,98.5,67,13.2,9,64.6,8,0,86.8,59,96,33,6.6,19.2,1.43
Freddie Swain,26448,WR,SEA,5,5.6,0,87.5,,0,0,0,0.0,0,3,29,0,75.6,69.5,59.6,,60.6,2.4,2,0,23,0.0,0,85,1,7,92.9,79,25.9,22,156.8,8,1,71.8,61,97,67,9.6,13.9,1.23
Justin Jackson,29539,HB,LAC,3,-2.3,1,87.5,,0,0,0,12.5,1,1,27,0,54.5,78.9,63.1,59.9,53.4,0.0,0,0,9,23.4,11,47,1,7,70.2,33,4.3,2,84.9,8,0,6.4,3,35,50,7.1,5.0,1.06
Will Dissly,30762,TE,SEA,5,4.4,1,100.0,100.0,1,1,0,0.0,0,2,29,0,76.5,70.1,70.4,66.6,66.8,84.6,66,0,19,33.3,26,78,1,8,62.8,49,11.5,9,135.4,8,1,3.8,3,56,25,3.1,7.0,1.14
Richard Rodgers,8733,TE,PHI,4,7.7,0,85.7,,0,0,0,0.0,0,3,24,0,74.6,70.1,75.8,77.3,78.9,72.9,35,0,23,14.6,7,48,0,6,83.3,40,16.7,8,107.1,7,0,8.3,4,68,42,7.0,11.3,1.7
John Ross,11764,WR,CIN,2,13.1,1,28.6,0.0,0,2,0,0.0,0,1,7,0,68.3,64.0,48.2,62.3,49.7,0.0,0,0,15,1.6,1,62,1,2,96.8,60,37.1,23,39.6,7,0,62.9,39,17,4,2.0,8.5,0.28
Devonta Freeman,8738,HB,NYG,3,-1.3,0,85.7,,0,0,0,14.3,1,3,21,0,52.1,81.1,61.9,48.1,67.5,0.0,0,0,18,6.5,3,46,0,6,87.0,40,6.5,3,103.6,7,0,2.2,1,62,68,11.3,10.3,1.55
Breshad Perriman,9459,WR,NYJ,2,5.9,0,71.4,0.0,0,1,0,0.0,0,2,22,0,73.4,68.0,56.3,,58.6,0.0,0,0,13,0.0,0,51,0,5,96.1,49,29.4,15,78.9,7,0,70.6,36,29,14,2.8,5.8,0.59
DaeSean Hamilton,45416,WR,DEN,4,20.4,0,42.9,,0,0,0,25.0,1,2,10,0,36.8,65.8,51.4,,48.9,0.0,0,1,18,0.0,0,93,0,3,94.6,88,19.4,18,17.3,7,0,80.6,75,32,4,1.3,10.7,0.36
Kalif Raymond,11028,WR,TEN,4,19.3,0,71.4,,0,0,0,28.6,2,4,31,0,29.3,80.4,60.4,,60.8,0.0,0,0,61,0.0,0,56,0,5,87.5,49,41.1,23,113.7,7,0,58.9,33,144,31,6.2,28.8,2.94
Steven Sims,48341,WR,WAS,3,7.6,0,85.7,50.0,1,2,0,0.0,0,6,32,0,75.6,27.1,62.9,,62.9,1.1,1,0,30,0.0,0,90,0,6,94.4,85,80.0,72,118.8,7,0,18.9,17,103,69,11.5,17.2,1.21
Ito Smith,45932,HB,ATL,5,-0.3,1,85.7,,0,0,0,14.3,1,1,2,0,49.2,75.3,51.2,71.3,47.2,0.0,0,0,11,2.0,1,50,0,6,96.0,48,12.0,6,82.1,7,0,10.0,5,26,28,4.7,4.3,0.54
Ryan Izzo,47327,TE,NE,4,12.9,0,42.9,0.0,0,1,0,40.0,2,2,19,0,28.0,65.8,50.6,79.6,46.0,41.2,49,1,25,27.7,33,119,0,3,70.6,84,42.9,51,24.4,7,0,16.0,19,44,17,5.7,14.7,0.52
Jack Doyle,8520,TE,IND,4,10.1,1,57.1,,0,0,1,0.0,0,3,14,0,72.1,67.0,53.1,72.9,54.4,35.6,31,0,28,5.7,5,87,4,4,88.5,77,58.6,51,86.0,7,0,5.7,5,61,20,5.0,15.3,0.79
Nick Vannett,10728,TE,DEN,3,6.2,0,33.3,,0,0,0,0.0,0,0,10,0,68.3,64.0,39.2,48.6,40.0,93.8,30,1,7,21.9,7,32,2,2,68.8,22,6.3,2,2.8,6,0,0.0,0,1,3,1.5,0.5,0.05
Josh Malone,11883,WR,NYJ,2,3.7,0,66.7,,0,0,0,20.0,1,1,22,0,42.1,75.0,52.8,,51.9,0.0,0,0,13,0.0,0,49,0,4,89.8,44,30.6,15,70.1,6,0,69.4,34,16,7,1.8,4.0,0.36
Boston Scott,39462,HB,PHI,5,-2.7,3,83.3,,0,0,0,0.0,0,1,24,0,74.6,80.1,63.2,44.4,65.4,0.0,0,0,12,15.5,9,58,0,5,81.0,47,5.2,3,96.5,6,0,3.4,2,43,53,10.6,8.6,0.91
Duke Johnson Jr.,9510,HB,HST,3,1.7,1,66.7,,0,0,0,0.0,0,2,13,0,72.1,75.6,60.4,85.7,62.9,0.0,0,0,15,28.6,12,42,0,4,71.4,30,2.4,1,79.9,6,0,11.9,5,32,31,7.8,8.0,1.07
Blake Bell,9550,TE,DAL,5,8.0,0,83.3,100.0,1,1,0,0.0,0,4,9,0,73.4,68.0,72.8,80.5,68.2,58.3,35,0,24,25.0,15,60,0,5,73.3,44,25.0,15,116.0,6,0,16.7,10,71,22,4.4,14.2,1.61
Lawrence Cager,34914,WR,NYJ,2,17.2,0,33.3,0.0,0,1,0,0.0,0,2,22,0,68.3,64.0,62.5,,61.7,0.0,0,2,19,0.0,0,25,0,2,96.0,24,12.0,3,14.6,6,0,88.0,22,35,11,5.5,17.5,1.46
Jesse James,9593,TE,DET,4,11.3,0,66.7,100.0,1,1,1,0.0,0,3,11,0,72.1,67.0,68.6,70.8,69.0,89.4,59,0,31,28.8,19,66,1,4,68.2,45,6.1,4,138.2,6,1,4.5,3,59,22,5.5,14.8,1.31
Courtland Sutton,48164,WR,DEN,1,17.5,0,50.0,0.0,0,2,0,25.0,1,2,10,0,36.2,65.8,72.9,,71.9,4.8,1,1,45,0.0,0,21,0,3,95.2,20,14.3,3,50.0,6,0,81.0,17,66,6,2.0,22.0,3.3
KhaDarel Hodge,26104,WR,CLV,3,16.8,0,50.0,50.0,1,2,0,0.0,0,3,8,0,70.5,65.8,63.5,,64.9,0.0,0,1,26,0.0,0,51,1,3,90.2,46,27.5,14,39.6,6,0,72.5,37,51,5,1.7,17.0,1.11
Kenyan Drake,10707,HB,ARZ,5,-1.7,0,100.0,,0,0,0,0.0,0,0,1,0,74.6,86.8,61.5,64.3,50.5,0.0,0,0,6,20.9,27,129,1,6,73.6,95,5.4,7,81.9,6,0,0.0,0,22,32,5.3,3.7,0.23
Jason Witten,1384,TE,LV,5,5.0,0,100.0,100.0,1,1,0,0.0,0,4,23,0,74.6,68.8,70.7,38.0,71.5,72.0,36,0,15,30.0,15,50,0,6,68.0,34,18.0,9,126.4,6,1,8.0,4,29,7,1.2,4.8,0.85
K.J. Hill,28025,WR,LAC,5,7.8,0,33.3,0.0,0,1,0,33.3,1,1,27,0,29.9,76.5,49.2,,49.1,0.0,0,0,15,0.0,0,71,0,2,91.5,65,52.1,37,45.8,6,0,47.9,34,23,0,0.0,11.5,0.35
Bryan Edwards,28486,WR,LV,3,9.3,1,83.3,50.0,1,2,0,0.0,0,4,23,0,73.4,68.0,70.6,,66.6,0.0,0,0,34,0.0,0,64,0,5,89.1,57,18.8,12,118.8,6,0,79.7,51,99,47,9.4,19.8,1.74
Bennie Fowler,8914,WR,NO,5,7.0,0,33.3,0.0,0,1,0,33.3,1,1,20,0,30.0,64.0,48.0,,51.0,0.0,0,1,7,0.0,0,34,0,2,94.1,32,38.2,13,2.8,6,0,61.8,21,11,1,0.5,5.5,0.34
Seth Roberts,9079,WR,CAR,5,7.3,1,66.7,0.0,0,1,0,0.0,0,2,5,0,72.1,67.0,57.2,,61.5,0.0,0,0,12,0.0,0,35,1,4,97.1,34,80.0,28,79.2,6,0,20.0,7,31,22,5.5,7.8,0.91
Auden Tate,48192,WR,CIN,4,12.5,0,66.7,33.3,1,3,0,0.0,0,4,7,0,72.1,67.0,74.5,67.1,73.4,4.7,2,0,19,11.6,5,43,1,4,86.0,37,32.6,14,96.5,6,0,55.8,24,56,14,3.5,14.0,1.51
Marquez Callaway,42295,WR,NO,4,6.8,1,83.3,0.0,0,1,0,0.0,0,3,20,0,73.4,77.4,63.4,,63.0,0.0,0,0,16,0.0,0,49,0,5,98.0,48,28.6,14,101.4,6,0,71.4,35,50,17,3.4,10.0,1.04
Jamal Agnew,11920,WR,DET,4,7.3,0,66.7,0.0,0,1,0,0.0,0,1,11,0,72.1,78.3,64.4,,59.4,0.0,0,0,20,0.0,0,24,0,4,95.8,23,95.8,23,72.2,6,0,4.2,1,21,32,8.0,5.3,0.91
Ke'Shawn Vaughn,45866,HB,TB,2,2.5,1,66.7,,0,0,0,20.0,1,2,30,1,42.1,18.1,42.8,79.0,28.6,0.0,0,0,13,10.0,3,30,0,4,86.7,26,0.0,0,116.0,6,1,3.3,1,27,19,4.8,6.8,1.04
Darrell Daniels,12122,TE,ARZ,5,5.0,1,80.0,0.0,0,1,0,0.0,0,2,1,0,72.1,68.7,65.0,80.3,62.3,54.5,42,0,31,20.8,16,77,2,4,74.0,57,15.6,12,117.5,5,0,0.0,0,61,49,12.3,15.3,1.07
Adrian Peterson,3623,HB,DET,4,-1.2,0,80.0,,0,0,0,20.0,1,1,11,0,41.6,83.7,47.9,41.7,45.7,0.0,0,0,10,12.5,6,48,0,4,83.3,40,2.1,1,92.5,5,0,0.0,0,31,32,8.0,7.8,0.78
Ted Ginn Jr.,3625,WR,CHI,4,17.6,0,60.0,100.0,1,1,0,0.0,0,1,6,0,70.5,73.6,57.0,,59.2,0.0,0,0,29,0.0,0,38,0,3,97.4,37,21.1,8,85.4,5,0,78.9,30,40,13,4.3,13.3,1.08
Mark Ingram II,6180,HB,BLT,5,2.8,0,60.0,50.0,1,2,0,0.0,0,1,3,0,36.8,82.2,53.4,66.3,45.5,0.0,0,0,18,15.6,7,45,0,3,77.8,35,11.1,5,72.9,5,0,11.1,5,25,23,7.7,8.3,0.71
Ryan Griffin,7982,TE,NYJ,5,5.6,0,60.0,,0,0,0,25.0,1,0,22,0,41.6,67.0,48.5,43.1,37.4,56.9,41,0,4,20.8,15,72,1,3,75.0,54,23.6,17,64.6,5,0,15.3,11,10,8,2.7,3.3,0.19
Josh Hill,8200,TE,NO,5,4.2,1,60.0,,0,0,0,0.0,0,2,20,1,70.5,13.9,51.6,66.2,35.7,76.7,46,0,16,43.3,26,60,0,3,56.7,34,6.7,4,72.1,5,0,15.0,9,24,25,8.3,8.0,0.71
Michael Thomas,10681,WR,NO,1,9.0,0,60.0,66.7,2,3,0,0.0,0,1,20,0,70.5,65.8,57.4,,56.8,0.0,0,0,8,0.0,0,33,0,3,93.9,31,30.3,10,66.3,5,0,69.7,23,17,2,0.7,5.7,0.55
Tyler Ervin,10753,HB,GB,4,-1.8,0,100.0,,0,0,0,0.0,0,2,12,0,74.6,81.0,63.2,,58.0,0.0,0,0,8,0.0,0,51,0,5,88.2,45,78.4,40,88.3,5,0,19.6,10,26,35,7.0,5.2,0.58
Devontae Booker,10770,HB,LV,5,1.0,2,100.0,,0,0,0,0.0,0,1,23,0,73.4,25.9,64.0,64.8,70.7,0.0,0,0,14,16.7,4,24,0,5,79.2,19,0.0,0,95.0,5,0,20.8,5,34,29,5.8,6.8,1.79
Marvin Hall,11440,WR,DET,4,27.2,0,40.0,,0,0,0,33.3,1,2,11,0,36.2,65.8,77.2,,75.9,0.0,0,0,26,0.0,0,28,0,2,96.4,27,14.3,4,116.7,5,1,85.7,24,50,9,4.5,25.0,1.85
Wayne Gallman,11895,HB,NYG,4,0.0,0,100.0,100.0,2,2,0,0.0,0,0,21,0,73.4,76.5,59.6,33.1,58.0,0.0,0,0,14,16.7,4,24,0,5,83.3,20,25.0,6,84.2,5,0,8.3,2,21,21,4.2,4.2,1.05
Taysom Hill,12112,QB,NO,5,2.4,0,60.0,,0,0,0,25.0,1,1,20,0,36.2,16.9,38.3,,47.4,15.0,6,0,14,0.0,0,40,1,3,77.5,31,45.0,18,71.3,5,0,25.0,10,23,21,7.0,7.7,0.74
Matt Breida,12271,HB,MIA,5,-0.2,3,100.0,,0,0,0,0.0,0,3,17,0,73.4,29.2,63.1,82.1,72.7,0.0,0,0,31,18.6,8,43,0,5,76.7,33,4.7,2,118.8,5,0,2.3,1,72,73,14.6,14.4,2.18
Ross Dwelley,20994,TE,SF,5,4.6,2,100.0,100.0,3,3,0,0.0,0,3,28,0,73.4,68.0,55.1,38.2,66.4,82.1,46,0,20,23.2,13,56,1,5,75.0,42,16.1,9,111.7,5,0,0.0,0,54,31,6.2,10.8,1.29
Jeff Wilson Jr.,29413,HB,SF,4,2.0,3,80.0,,0,0,0,0.0,0,4,28,0,72.1,78.0,65.8,62.0,88.9,0.0,0,0,19,16.7,4,24,0,4,70.8,17,4.2,1,158.3,5,1,8.3,2,67,59,14.8,16.8,3.94
Javon Wims,41406,WR,CHI,5,9.4,0,60.0,,0,0,0,0.0,0,3,6,0,70.5,65.8,61.9,,58.9,0.0,0,0,12,0.0,0,58,0,3,91.4,53,15.5,9,106.7,5,1,84.5,49,18,1,0.3,6.0,0.34
Royce Freeman,45747,HB,DEN,4,2.4,0,100.0,,0,0,0,0.0,0,3,10,0,73.4,74.3,62.3,34.8,71.1,0.0,0,0,28,53.1,26,49,0,5,38.8,19,2.0,1,107.5,5,0,8.2,4,49,37,7.4,9.8,2.58
Jace Sternberger,47081,TE,GB,4,9.4,0,60.0,,0,0,1,25.0,1,2,12,0,28.0,65.8,55.5,21.9,48.5,55.6,15,0,23,7.4,2,27,1,3,85.2,23,11.1,3,82.1,5,0,33.3,9,36,17,5.7,12.0,1.57
Christian Blake,47900,WR,ATL,5,14.4,0,60.0,0.0,0,1,0,25.0,1,3,2,0,36.8,65.8,54.9,,56.0,0.0,0,0,21,0.0,0,32,1,3,93.8,30,15.6,5,91.3,5,0,84.4,27,47,5,1.7,15.7,1.57
Brandon Powell,48036,WR,ATL,3,9.4,0,60.0,0.0,0,1,0,0.0,0,3,2,0,70.5,80.3,62.2,,61.8,0.0,0,0,13,0.0,0,32,0,3,90.6,29,96.9,31,74.6,5,0,3.1,1,27,11,3.7,9.0,0.93
Tyler Johnson,48054,WR,TB,3,8.8,3,80.0,100.0,1,1,0,0.0,0,2,30,0,45.8,68.0,57.4,,57.8,0.0,0,0,35,0.0,0,70,0,4,92.9,65,57.1,40,117.5,5,0,41.4,29,61,29,7.3,15.3,0.94
Marcus Johnson,11074,WR,IND,2,17.3,0,100.0,100.0,2,2,0,0.0,0,3,14,0,72.1,67.0,69.4,,68.4,0.0,0,0,36,0.0,0,45,0,4,93.3,42,13.3,6,118.8,4,0,86.7,39,80,11,2.8,20.0,1.9
Zack Moss,40341,HB,BUF,2,3.0,0,75.0,,0,0,0,0.0,0,1,4,0,72.1,77.2,60.5,85.7,60.0,0.0,0,0,8,22.7,10,44,0,3,75.0,33,6.8,3,120.8,4,1,6.8,3,16,11,3.7,5.3,0.48
Foster Moreau,47043,TE,LV,5,11.8,0,100.0,100.0,1,1,0,0.0,0,3,23,0,72.1,67.0,73.8,68.8,80.3,81.0,34,0,31,23.8,10,42,0,4,73.8,31,7.1,3,158.3,4,1,11.9,5,64,20,5.0,16.0,2.06
Frank Gore,2282,HB,NYJ,5,6.0,0,50.0,,0,0,0,0.0,0,0,22,0,68.3,84.7,60.5,76.2,50.4,0.0,0,0,6,20.9,14,67,0,2,70.1,47,3.0,2,56.3,4,0,7.5,5,11,6,3.0,5.5,0.23
Tanner Hudson,66924,TE,TB,1,17.5,0,25.0,0.0,0,2,0,0.0,0,1,30,0,64.7,61.2,66.1,66.6,65.7,41.7,5,0,9,8.3,1,12,0,1,83.3,10,16.7,2,39.6,4,0,41.7,5,9,6,6.0,9.0,0.9
Tevin Coleman,9506,HB,SF,2,5.3,2,75.0,50.0,1,2,0,0.0,0,2,28,0,72.1,77.2,65.8,78.2,90.7,0.0,0,0,18,22.2,4,18,0,3,72.2,13,11.1,2,100.0,4,0,11.1,2,34,14,4.7,11.3,2.62
Virgil Green,6356,TE,LAC,5,6.5,1,50.0,,0,0,0,33.3,1,1,27,0,29.9,64.0,71.6,71.9,56.4,93.2,41,0,14,50.0,22,44,1,2,45.5,20,0.0,0,68.8,4,0,0.0,0,24,24,12.0,12.0,1.2
Patrick Ricard,48862,FB,BLT,5,1.3,0,75.0,,0,0,0,0.0,0,2,3,0,70.5,15.1,61.2,62.2,64.8,19.4,6,0,9,19.4,6,31,1,3,74.2,23,38.7,12,121.9,4,1,16.1,5,17,14,4.7,5.7,0.74
Rashard Higgins,10806,WR,CLV,2,10.3,0,100.0,,0,0,0,0.0,0,2,8,0,72.1,67.0,68.4,,66.0,0.0,0,0,15,0.0,0,33,0,4,93.9,31,24.2,8,147.9,4,1,75.8,25,40,3,0.8,10.0,1.29
Keith Smith,9302,FB,ATL,5,1.3,0,75.0,,0,0,0,25.0,1,0,2,0,36.2,68.7,55.2,52.8,36.3,16.1,5,0,4,38.7,12,31,0,3,61.3,19,0.0,0,77.1,4,0,0.0,0,8,7,2.3,2.7,0.42
Darrius Shepherd,29347,WR,GB,2,24.5,0,50.0,0.0,0,1,0,0.0,0,1,12,0,68.3,64.0,53.9,,53.9,0.0,0,0,19,0.0,0,40,0,2,92.5,37,80.0,32,65.6,4,0,20.0,8,21,0,0.0,10.5,0.57
Durham Smythe,47257,TE,MIA,4,8.8,0,75.0,,0,0,0,0.0,0,2,17,0,70.5,67.9,65.1,74.2,58.2,65.5,38,1,18,36.2,21,58,0,3,56.9,33,6.9,4,63.5,4,0,12.1,7,37,25,8.3,12.3,1.12
David Njoku,11784,TE,CLV,2,13.3,0,100.0,100.0,1,1,0,0.0,0,4,8,0,72.1,67.0,85.2,74.5,83.8,60.9,14,0,28,13.0,3,23,0,4,87.0,20,34.8,8,158.3,4,1,4.3,1,56,8,2.0,14.0,2.8
Travis Homer,45859,HB,SEA,5,1.0,0,75.0,,0,0,0,0.0,0,1,29,0,70.5,79.3,58.5,67.3,58.5,0.0,0,0,3,29.5,18,61,0,3,67.2,41,3.3,2,116.7,4,1,1.6,1,7,7,2.3,2.3,0.17
Ashton Dulin,91479,WR,IND,4,8.3,1,66.7,,0,0,0,0.0,0,1,14,0,68.3,72.1,77.8,,84.2,0.0,0,0,34,0.0,0,9,0,2,100.0,9,55.6,5,109.7,3,0,44.4,4,40,17,8.5,20.0,4.44
C.J. Ham,11347,FB,MIN,5,8.0,0,33.3,0.0,0,1,0,50.0,1,1,18,0,28.8,68.6,51.4,71.2,39.0,8.8,3,0,11,26.5,9,34,0,1,70.6,24,2.9,1,45.1,3,0,8.8,3,11,8,8.0,11.0,0.46
Antonio Gandy-Golden,39993,WR,WAS,4,7.0,0,33.3,,0,0,0,0.0,0,0,32,0,64.7,64.6,50.2,62.3,46.4,0.0,0,0,3,2.9,1,35,0,1,91.4,32,42.9,15,42.4,3,0,57.1,20,3,1,1.0,3.0,0.09
Nick Chubb,45783,HB,CLV,4,4.0,0,100.0,100.0,1,1,0,0.0,0,1,8,0,70.5,49.5,76.1,86.3,60.5,1.7,1,0,9,19.0,11,58,0,3,79.3,46,3.4,2,90.3,3,0,20.7,12,17,5,1.7,5.7,0.37
Chris Manhertz,10211,TE,CAR,5,1.7,1,100.0,,0,0,0,0.0,0,0,5,0,70.5,65.8,53.1,49.1,49.1,63.2,55,0,17,35.6,31,87,0,3,62.1,54,25.3,22,106.9,3,0,11.5,10,29,24,8.0,9.7,0.54
J.J. Arcega-Whiteside,35014,WR,PHI,4,21.3,0,33.3,50.0,1,2,0,0.0,0,1,24,0,64.7,61.2,55.2,,55.2,0.0,0,1,37,0.0,0,40,0,1,97.5,39,27.5,11,41.7,3,0,72.5,29,37,3,3.0,37.0,0.95
MyCole Pruitt,9576,TE,TEN,3,5.0,0,100.0,100.0,1,1,0,0.0,0,2,31,0,70.5,65.8,81.9,69.7,79.2,76.9,20,0,10,38.5,10,26,0,3,57.7,15,7.7,2,129.9,3,1,0.0,0,17,7,2.3,5.7,1.13
Ty Montgomery,9527,HB,NO,2,-1.0,0,66.7,,0,0,0,33.3,1,1,20,0,29.9,68.3,58.2,,59.3,0.0,0,0,17,0.0,0,7,0,2,100.0,7,14.3,1,92.4,3,0,14.3,1,25,26,13.0,12.5,3.57
Chad Beebe,21528,WR,MIN,3,5.0,0,66.7,0.0,0,1,0,0.0,0,1,18,0,68.3,73.3,55.5,,56.1,0.0,0,0,11,0.0,0,40,0,2,95.0,38,70.0,28,82.6,3,0,30.0,12,18,7,3.5,9.0,0.47
Jaylen Samuels,47297,HB,PIT,4,-1.3,0,66.7,,0,0,0,33.3,1,1,25,0,29.9,67.8,51.6,44.8,51.0,0.0,0,0,4,6.9,2,29,0,2,93.1,27,10.3,3,70.1,3,0,6.9,2,5,7,3.5,2.5,0.19
Carlos Hyde,8692,HB,SEA,3,-3.0,0,100.0,,0,0,0,0.0,0,1,29,0,70.5,76.7,59.9,6.3,66.1,0.0,0,0,11,8.8,3,34,0,3,76.5,26,14.7,5,102.8,3,0,2.9,1,26,35,11.7,8.7,1.0
Le'Veon Bell,7829,HB,NYJ,2,6.3,0,100.0,,0,0,0,0.0,0,2,22,0,70.5,77.3,73.7,33.4,72.8,0.0,0,0,30,22.4,13,58,1,3,75.9,44,3.4,2,118.8,3,0,12.1,7,39,20,6.7,13.0,0.89
Kerryon Johnson,34455,HB,DET,4,1.3,2,66.7,,0,0,0,33.3,1,1,11,0,29.9,77.9,57.4,88.8,41.6,0.0,0,0,14,26.1,12,46,0,2,69.6,32,8.7,4,81.3,3,0,2.2,1,17,17,8.5,8.5,0.53
Cole Kmet,60995,TE,CHI,5,11.0,0,33.3,100.0,1,1,0,0.0,0,1,6,0,64.7,61.2,57.0,78.1,52.0,61.4,27,0,12,22.7,10,44,1,1,70.5,31,15.9,7,46.5,3,0,22.7,10,12,0,0.0,12.0,0.39
Deontay Burnett,47477,WR,PHI,2,4.7,0,100.0,,0,0,0,0.0,0,1,24,0,70.5,65.8,55.0,,54.6,0.0,0,0,10,0.0,0,39,0,3,92.3,36,56.4,22,93.1,3,0,43.6,17,19,5,1.7,6.3,0.53
Jacob Hollister,12051,TE,SEA,5,8.0,0,66.7,0.0,0,1,0,0.0,0,2,29,0,70.5,67.9,66.6,43.4,68.4,27.6,8,0,9,6.9,2,29,0,2,82.8,24,41.4,12,111.1,3,1,10.3,3,10,6,3.0,5.0,0.42
Luke Stocker,6256,TE,ATL,5,2.3,0,66.7,0.0,0,1,0,0.0,0,0,2,0,68.3,64.0,58.8,37.7,45.7,92.7,51,0,6,52.7,29,55,0,2,47.3,26,3.6,2,70.1,3,0,1.8,1,8,6,3.0,4.0,0.31
Andre Roberts,5612,WR,BUF,5,13.3,0,66.7,,0,0,0,33.3,1,1,4,0,29.9,28.3,53.2,,55.4,0.0,0,1,16,0.0,0,36,0,2,91.7,33,13.9,5,48.6,3,0,86.1,31,22,0,0.0,11.0,0.67
Marcedes Lewis,2973,TE,GB,3,6.0,0,66.7,100.0,1,1,0,0.0,0,1,12,0,70.5,65.8,81.2,72.0,70.1,84.2,32,0,18,31.6,12,38,0,2,65.8,25,2.6,1,127.8,3,1,13.2,5,22,6,3.0,11.0,0.88
Jake Butt,11900,TE,DEN,4,2.3,0,66.7,,0,0,0,0.0,0,0,10,0,68.3,64.0,40.9,22.3,45.3,87.5,35,0,5,15.0,6,40,0,2,77.5,31,10.0,4,70.1,3,0,2.5,1,5,2,1.0,2.5,0.16
Nick Westbrook-Ikhine,47861,WR,TEN,3,13.7,0,33.3,0.0,0,1,0,0.0,0,1,31,0,64.7,61.2,54.2,,55.6,0.0,0,1,7,0.0,0,32,1,1,96.9,31,12.5,4,2.8,3,0,87.5,28,7,5,5.0,7.0,0.23
Marlon Mack,11898,HB,IND,1,0.0,0,100.0,,0,0,0,0.0,0,1,14,0,70.5,70.6,72.6,,76.2,0.0,0,0,19,0.0,0,7,0,3,100.0,7,0.0,0,108.3,3,0,0.0,0,30,30,10.0,10.0,4.29
Ray-Ray McCloud III,47895,WR,PIT,1,-1.3,0,100.0,,0,0,0,0.0,0,0,25,0,70.5,77.1,83.3,,66.0,0.0,0,0,8,0.0,0,10,0,3,80.0,8,30.0,3,83.3,3,0,70.0,7,12,16,5.3,4.0,1.5
Adam Shaheen,11800,TE,MIA,5,3.3,1,66.7,,0,0,0,0.0,0,1,17,0,68.3,64.0,64.8,78.8,56.2,70.0,28,0,4,40.0,16,40,1,2,55.0,22,30.0,12,109.7,3,1,0.0,0,7,7,3.5,3.5,0.32
Adam Trautman,109795,TE,NO,4,10.7,0,100.0,,0,0,0,0.0,0,2,20,0,70.5,65.8,62.8,80.2,59.1,28.6,12,0,17,7.1,3,42,0,3,90.5,38,47.6,20,113.9,3,0,23.8,10,34,2,0.7,11.3,0.89
Patrick Laird,28219,HB,MIA,3,0.0,0,100.0,,0,0,0,0.0,0,0,17,0,68.3,64.0,59.5,,59.0,0.0,0,0,6,0.0,0,10,0,2,90.0,9,10.0,1,85.4,2,0,40.0,4,9,9,4.5,4.5,1.0
Daurice Fountain,48181,WR,IND,4,11.5,0,100.0,100.0,1,1,0,0.0,0,2,14,0,68.3,64.0,64.6,,64.7,0.0,0,0,12,0.0,0,26,0,2,100.0,26,15.4,4,114.6,2,0,84.6,22,23,0,0.0,11.5,0.88
Reggie Bonnafon,47542,HB,CAR,1,0.0,0,100.0,,0,0,0,0.0,0,2,5,0,68.3,75.2,61.6,,75.7,0.0,0,0,15,0.0,0,10,0,2,90.0,9,10.0,1,143.8,2,1,0.0,0,18,20,10.0,9.0,2.0
Cethan Carter,47149,TE,CIN,4,10.0,0,100.0,100.0,1,1,0,0.0,0,1,7,0,68.3,64.0,65.6,77.0,58.8,53.3,16,0,24,23.3,7,30,0,2,73.3,22,16.7,5,118.8,2,0,20.0,6,25,5,2.5,12.5,1.14
Cameron Batson,47669,WR,TEN,2,12.0,0,100.0,100.0,1,1,0,0.0,0,1,31,0,68.3,66.2,55.1,,54.3,0.0,0,0,18,0.0,0,44,1,2,95.5,42,6.8,3,118.8,2,0,93.2,41,26,2,1.0,13.0,0.62
Josiah Deguara,47034,TE,GB,2,11.5,0,50.0,,0,0,0,0.0,0,1,12,0,64.7,61.2,56.6,52.8,57.0,23.5,4,0,12,17.6,3,17,0,1,82.4,14,23.5,4,68.8,2,0,0.0,0,12,11,11.0,12.0,0.86
Sony Michel,27589,HB,NE,3,0.0,0,100.0,,0,0,0,0.0,0,1,19,0,68.3,78.9,76.6,82.1,73.7,0.0,0,0,14,27.3,6,22,0,2,63.6,14,0.0,0,114.6,2,0,0.0,0,23,23,11.5,11.5,1.64
Andy Janovich,10810,FB,CLV,5,0.0,1,100.0,,0,0,0,0.0,0,1,8,0,68.3,69.4,72.6,87.0,64.6,11.1,3,0,13,40.7,11,27,0,2,55.6,15,0.0,0,93.8,2,0,3.7,1,13,13,6.5,6.5,0.87
Nick Keizer,66940,TE,KC,5,18.0,0,0.0,0.0,0,1,0,100.0,1,0,16,0,27.9,,47.8,71.5,32.6,84.6,33,0,0,33.3,13,39,0,0,56.4,22,10.3,4,39.6,2,0,2.6,1,0,0,,,0.0
Peyton Barber,10927,HB,WAS,4,0.5,0,0.0,,0,0,0,,0,0,32,0,,78.2,49.4,,52.8,0.0,0,0,0,0.0,0,12,0,0,91.7,11,0.0,0,39.6,2,0,0.0,0,0,0,,,0.0
Darwin Thompson,83791,HB,KC,2,-4.0,0,0.0,0.0,0,1,0,,0,0,16,0,,17.7,47.5,,52.8,0.0,0,0,0,0.0,0,15,0,0,100.0,15,0.0,0,39.6,2,0,0.0,0,0,0,,,0.0
Keke Coutee,47698,WR,HST,1,0.5,0,100.0,,0,0,0,0.0,0,1,13,1,68.3,13.3,45.2,,48.0,0.0,0,0,6,0.0,0,5,0,2,100.0,5,100.0,5,89.6,2,0,0.0,0,11,10,5.0,5.5,2.2
Jordan Wilkins,26618,HB,IND,5,0.5,0,100.0,,0,0,0,0.0,0,1,14,0,68.3,79.8,74.9,50.3,65.9,0.0,0,0,16,15.4,2,13,0,2,84.6,11,7.7,1,112.5,2,0,0.0,0,22,21,10.5,11.0,2.0
Donald Parham,91014,TE,LAC,2,18.5,0,50.0,100.0,1,1,0,0.0,0,1,27,0,64.7,61.2,90.5,,84.7,20.0,1,0,19,0.0,0,5,0,1,100.0,5,60.0,3,122.9,2,1,20.0,1,19,1,1.0,19.0,3.8
T.J. Yeldon,9469,HB,BUF,3,16.5,0,50.0,,0,0,0,50.0,1,1,4,0,28.9,21.3,62.6,81.3,52.0,0.0,0,0,22,17.9,5,28,0,1,82.1,23,3.6,1,129.2,2,1,17.9,5,22,0,0.0,22.0,0.96
Jakob Johnson,32565,FB,NE,4,4.0,0,100.0,,0,0,0,0.0,0,1,19,0,68.3,64.0,55.6,42.7,70.3,11.8,2,0,6,52.9,9,17,1,2,47.1,8,0.0,0,120.8,2,1,0.0,0,7,1,0.5,3.5,0.88
Benny Snell Jr.,45954,HB,PIT,4,-5.0,0,50.0,,0,0,0,0.0,0,0,25,0,64.7,23.1,49.1,44.5,53.8,0.0,0,0,-4,21.7,5,23,0,1,73.9,17,17.4,4,56.3,2,0,4.3,1,-4,4,4.0,-4.0,-0.24
DeeJay Dallas,55632,HB,SEA,1,1.5,2,100.0,,0,0,0,0.0,0,1,29,0,68.3,67.8,64.6,18.7,77.7,0.0,0,0,9,22.2,2,9,0,2,66.7,6,0.0,0,97.9,2,0,11.1,1,15,12,6.0,7.5,2.5
DeAndre Carter,9859,WR,HST,1,8.5,0,50.0,,0,0,0,50.0,1,0,13,0,28.8,26.5,43.3,,44.9,0.0,0,0,8,0.0,0,10,0,1,90.0,9,70.0,7,60.4,2,0,30.0,3,8,4,4.0,8.0,0.89
Corey Clement,12253,HB,PHI,5,-3.0,0,100.0,,0,0,0,0.0,0,1,24,0,68.3,74.4,50.8,6.8,56.0,0.0,0,0,8,17.9,5,28,0,2,82.1,23,0.0,0,79.2,2,0,3.6,1,2,8,4.0,1.0,0.09
J.J. Taylor,25512,HB,NE,2,-4.0,0,50.0,,0,0,0,50.0,1,0,19,0,28.8,77.9,67.1,77.5,27.7,0.0,0,0,4,40.0,2,5,0,1,60.0,3,0.0,0,56.3,2,0,0.0,0,4,8,8.0,4.0,1.33
Anthony McFarland Jr.,57289,HB,PIT,2,-0.5,1,50.0,,0,0,0,50.0,1,0,25,0,28.8,73.1,51.2,,40.7,0.0,0,0,7,0.0,0,6,0,1,83.3,5,0.0,0,58.3,2,0,33.3,2,7,11,11.0,7.0,1.4
Jeremy McNichols,11917,HB,TEN,4,1.5,0,100.0,,0,0,0,0.0,0,0,31,0,70.5,74.6,60.3,89.1,55.0,0.0,0,0,5,34.8,16,46,0,2,60.9,28,8.7,4,83.3,2,0,4.3,2,8,5,2.5,4.0,0.29
Josh Adams,45662,HB,NYJ,2,2.5,0,100.0,,0,0,0,0.0,0,0,22,0,68.3,69.0,58.1,11.6,61.7,0.0,0,0,7,28.6,4,14,0,2,64.3,9,0.0,0,95.8,2,0,0.0,0,14,9,4.5,7.0,1.56
Cam Sims,47908,WR,WAS,3,3.0,0,100.0,100.0,1,1,1,0.0,0,0,32,0,68.3,64.0,49.8,,57.8,0.0,0,0,9,0.0,0,7,1,2,100.0,7,57.1,4,102.1,2,0,42.9,3,17,11,5.5,8.5,2.43
Chandler Cox,45629,FB,MIA,5,1.0,0,100.0,,0,0,0,0.0,0,1,17,0,68.3,64.0,56.2,59.0,68.1,0.0,0,0,6,27.8,5,18,0,2,66.7,12,0.0,0,85.4,2,0,0.0,0,9,7,3.5,4.5,0.75
Jaydon Mickens,11371,WR,TB,2,2.5,0,100.0,,0,0,0,0.0,0,1,30,0,68.3,81.0,67.9,,66.7,0.0,0,0,11,0.0,0,9,0,2,77.8,7,0.0,0,112.5,2,0,100.0,9,22,17,8.5,11.0,3.14
La'Mical Perine,26408,HB,NYJ,3,-0.5,0,100.0,,0,0,0,0.0,0,0,22,0,68.3,76.9,52.2,77.6,56.6,0.0,0,0,3,16.0,4,25,0,2,76.0,19,0.0,0,79.2,2,0,4.0,1,-1,0,0.0,-0.5,-0.05
Bruce Miller,6363,FB,JAX,4,-2.5,0,50.0,,0,0,0,50.0,1,1,15,0,28.8,61.2,43.1,64.9,39.6,11.8,2,0,2,35.3,6,17,0,1,52.9,9,0.0,0,56.3,2,0,11.8,2,2,4,4.0,2.0,0.22
Reggie Gilliam,40951,TE,BUF,4,1.0,0,100.0,100.0,1,1,0,0.0,0,1,4,0,64.7,61.2,58.4,,67.1,0.0,0,0,1,0.0,0,5,0,1,100.0,5,40.0,2,118.8,1,1,0.0,0,1,0,0.0,1.0,0.2
Gabe Nabers,40117,FB,LAC,4,1.0,0,100.0,,0,0,0,0.0,0,0,27,0,64.7,64.6,59.2,79.2,60.8,0.0,0,0,5,33.3,3,9,0,1,66.7,6,0.0,0,87.5,1,0,0.0,0,5,4,4.0,5.0,0.83
Khari Blasingame,44889,FB,TEN,3,0.0,0,100.0,,0,0,0,0.0,0,0,31,0,64.7,61.2,49.7,59.9,58.3,7.7,1,0,5,30.8,4,13,0,1,69.2,9,0.0,0,87.5,1,0,0.0,0,5,5,5.0,5.0,0.56
Cullen Gillaspia,38844,HB,HST,1,-2.0,0,100.0,,0,0,0,0.0,0,0,13,0,64.7,61.2,62.4,,65.9,0.0,0,0,6,0.0,0,1,0,1,100.0,1,0.0,0,91.7,1,0,0.0,0,6,8,8.0,6.0,6.0
Dontrell Hilliard,45691,HB,CLV,1,2.0,0,100.0,100.0,1,1,0,0.0,0,0,8,0,64.7,71.5,63.3,,56.4,0.0,0,0,2,0.0,0,10,0,1,100.0,10,20.0,2,79.2,1,0,0.0,0,2,0,0.0,2.0,0.2
D'Ernest Johnson,45734,HB,CLV,3,-3.0,0,100.0,,0,0,0,0.0,0,0,8,0,64.7,78.3,74.1,49.0,54.6,0.0,0,0,4,16.7,3,18,0,1,83.3,15,0.0,0,83.3,1,0,11.1,2,4,7,7.0,4.0,0.27
Aaron Rodgers,2241,QB,GB,4,-7.0,0,100.0,,0,0,0,0.0,0,0,12,0,,88.4,96.3,,,0.0,0,0,-6,0.0,0,159,2,1,0.0,0,0.0,0,79.2,1,0,0.0,0,-6,1,1.0,-6.0,
Ryan Nall,45753,HB,CHI,4,-1.0,0,100.0,,0,0,0,0.0,0,0,6,0,64.7,67.8,50.2,,57.3,0.0,0,0,2,0.0,0,10,1,1,100.0,10,0.0,0,79.2,1,0,10.0,1,2,3,3.0,2.0,0.2
Ty Johnson,45769,HB,NYJ,1,52.0,0,0.0,0.0,0,1,0,,0,0,22,0,,,59.1,75.7,55.5,0.0,0,0,0,20.0,1,5,0,0,80.0,4,0.0,0,39.6,1,0,20.0,1,0,0,,,0.0
Tyron Johnson,34427,WR,LAC,2,50.0,0,100.0,,0,0,0,0.0,0,1,27,0,64.7,71.7,81.8,,77.8,0.0,0,0,53,0.0,0,7,0,1,100.0,7,28.6,2,158.3,1,1,71.4,5,53,3,3.0,53.0,7.57
Jaeden Graham,31849,TE,ATL,4,7.0,0,100.0,100.0,1,1,0,0.0,0,0,2,0,64.7,65.3,49.2,9.9,53.8,11.8,2,0,7,5.9,1,17,0,1,94.1,16,76.5,13,95.8,1,0,11.8,2,7,0,0.0,7.0,0.44
Rico Gafford,29622,WR,LV,1,26.0,0,0.0,,0,0,0,,0,0,23,0,,62.8,55.0,,55.6,0.0,0,0,0,0.0,0,5,0,0,100.0,5,40.0,2,39.6,1,0,60.0,3,0,0,,,0.0
Deon Yelder,29556,TE,KC,3,4.0,0,100.0,,0,0,0,0.0,0,0,16,0,64.7,61.2,53.0,,53.7,35.7,5,0,5,0.0,0,14,0,1,100.0,14,21.4,3,87.5,1,0,42.9,6,5,1,1.0,5.0,0.36
Gus Edwards,46027,HB,BLT,5,11.0,0,0.0,,0,0,0,,0,0,3,0,,80.3,74.8,61.7,50.2,0.0,0,0,0,33.3,14,42,0,0,64.3,27,9.5,4,39.6,1,0,4.8,2,0,0,,,0.0
Marcus Baugh,47131,TE,WAS,4,1.0,0,100.0,,0,0,0,0.0,0,0,32,0,64.7,61.2,53.6,74.9,50.3,54.2,13,0,2,25.0,6,24,0,1,70.8,17,25.0,6,79.2,1,0,12.5,3,2,1,1.0,2.0,0.12
JaMycal Hasty,25582,HB,SF,2,5.0,0,100.0,,0,0,0,0.0,0,0,28,0,64.7,66.7,63.9,,60.6,0.0,0,0,9,0.0,0,3,0,1,100.0,3,33.3,1,104.2,1,0,0.0,0,9,4,4.0,9.0,3.0
Noah Togiai,47282,TE,IND,2,3.0,0,0.0,,0,0,0,100.0,1,0,14,0,27.9,,47.6,69.2,38.4,30.8,4,0,0,7.7,1,13,0,0,92.3,12,53.8,7,39.6,1,0,7.7,1,0,0,,,0.0
Phillip Lindsay,12660,HB,DEN,1,5.0,0,100.0,,0,0,0,0.0,0,1,10,0,64.7,71.9,72.9,76.2,68.5,0.0,0,0,11,33.3,3,9,0,1,66.7,6,0.0,0,112.5,1,0,11.1,1,11,6,6.0,11.0,1.83
Blake Jarwin,12320,TE,DAL,1,12.0,0,100.0,100.0,1,1,0,0.0,0,1,9,0,64.7,61.2,52.0,72.7,60.9,63.2,12,0,12,10.5,2,19,0,1,89.5,17,31.6,6,116.7,1,0,5.3,1,12,0,0.0,12.0,0.71
Pharaoh Brown,12247,TE,HST,2,-3.0,0,100.0,,0,0,0,0.0,0,0,13,0,64.7,61.2,63.1,71.8,52.4,76.9,10,0,4,23.1,3,13,1,1,76.9,10,7.7,1,83.3,1,0,15.4,2,4,7,7.0,4.0,0.4
Johnny Mundt,12206,TE,LA,2,2.0,0,100.0,,0,0,0,0.0,0,0,26,0,64.7,61.2,51.8,76.5,58.6,85.7,6,0,5,57.1,4,7,0,1,42.9,3,0.0,0,87.5,1,0,14.3,1,5,3,3.0,5.0,1.67
Jakobi Meyers,47468,WR,NE,3,7.0,0,100.0,100.0,1,1,0,0.0,0,1,19,0,64.7,61.2,57.6,,63.0,0.0,0,0,7,0.0,0,11,0,1,100.0,11,72.7,8,95.8,1,0,27.3,3,7,0,0.0,7.0,0.64
Cyril Grayson,12077,WR,TB,2,27.0,0,0.0,,0,0,0,100.0,1,0,30,0,27.9,,36.7,,45.0,0.0,0,0,0,0.0,0,21,0,0,85.7,18,19.0,4,39.6,1,0,81.0,17,0,0,,,0.0
Cody Hollister,12052,WR,TEN,2,10.0,0,100.0,,0,0,0,0.0,0,1,31,0,64.7,61.2,62.4,,63.2,0.0,0,0,12,0.0,0,13,0,1,76.9,10,23.1,3,116.7,1,0,76.9,10,12,2,2.0,12.0,1.2
Alex Armah,11948,FB,CAR,5,6.0,0,100.0,,0,0,0,0.0,0,1,5,0,64.7,69.4,66.1,78.6,51.5,9.5,2,0,14,14.3,3,21,0,1,81.0,17,9.5,2,118.8,1,0,28.6,6,14,8,8.0,14.0,0.82
Jeremy Sprinkle,11909,TE,WAS,5,2.0,0,0.0,,0,0,0,100.0,1,0,32,0,27.9,,44.4,78.0,29.1,86.7,13,0,0,60.0,9,15,0,0,40.0,6,6.7,1,39.6,1,0,0.0,0,0,0,,,0.0
Dede Westbrook,11865,WR,JAX,1,4.0,0,100.0,,0,0,0,0.0,0,0,15,0,64.7,68.4,53.7,,54.2,0.0,0,0,4,0.0,0,13,0,1,84.6,11,53.8,7,83.3,1,0,46.2,6,4,0,0.0,4.0,0.36
Malik Taylor,94375,WR,GB,3,1.0,0,100.0,,0,0,0,0.0,0,1,12,0,64.7,61.2,56.9,,54.4,0.0,0,0,20,0.0,0,34,0,1,94.1,32,29.4,10,118.8,1,0,70.6,24,20,19,19.0,20.0,0.63
Trent Sherfield,48021,WR,ARZ,2,6.0,0,100.0,100.0,1,1,0,0.0,0,0,1,0,64.7,61.2,64.5,,57.7,0.0,0,0,6,0.0,0,5,0,1,100.0,5,0.0,0,91.7,1,0,100.0,5,6,0,0.0,6.0,1.2
Gunner Olszewski,95015,WR,NE,1,11.0,0,100.0,,0,0,0,0.0,0,1,19,0,64.7,68.4,74.4,,73.2,0.0,0,0,11,0.0,0,4,0,1,100.0,4,75.0,3,112.5,1,0,25.0,1,11,0,0.0,11.0,2.75
Alex Erickson,11107,WR,CIN,5,4.0,0,100.0,,0,0,0,0.0,0,0,7,0,64.7,78.9,50.2,,52.7,0.0,0,0,9,0.0,0,20,0,1,100.0,20,65.0,13,104.2,1,0,35.0,7,9,5,5.0,9.0,0.45
Dante Pettis,48113,WR,SF,3,32.0,0,0.0,,0,0,0,,0,0,28,0,,71.2,50.8,62.4,49.5,0.0,0,0,0,2.8,1,36,0,0,94.4,34,19.4,7,39.6,1,0,80.6,29,0,0,,,0.0
Temarrick Hemingway,10811,TE,WAS,1,3.0,0,100.0,,0,0,0,0.0,0,1,32,0,64.7,61.2,74.1,70.2,89.3,100.0,3,0,10,33.3,1,3,0,1,66.7,2,0.0,0,108.3,1,0,0.0,0,10,7,7.0,10.0,5.0
Jordan Howard,10784,HB,MIA,3,-5.0,0,100.0,,0,0,0,0.0,0,0,17,1,64.7,25.0,39.1,73.5,25.0,0.0,0,0,-3,20.0,2,10,0,1,80.0,8,10.0,1,79.2,1,0,0.0,0,-3,2,2.0,-3.0,-0.38
Tajae Sharpe,10774,WR,MIN,2,34.0,0,0.0,,0,0,0,,0,0,18,0,,,53.5,,53.5,0.0,0,0,0,0.0,0,8,0,0,100.0,8,0.0,0,39.6,1,0,100.0,8,0,0,,,0.0
Dak Prescott,10769,QB,DAL,5,9.0,0,100.0,,0,0,0,0.0,0,1,9,3,64.7,74.1,85.2,,91.2,0.0,0,0,11,0.0,0,248,0,1,0.4,1,0.0,0,152.1,1,1,0.0,0,11,2,2.0,11.0,11.0
Pharoh Cooper,10751,WR,CAR,5,8.0,0,100.0,,0,0,0,0.0,0,1,5,0,64.7,82.1,62.5,65.7,60.4,0.0,0,0,12,5.6,1,18,0,1,88.9,16,33.3,6,116.7,1,0,66.7,12,12,4,4.0,12.0,0.75
Michael Burton,9601,FB,NO,5,2.0,0,100.0,,0,0,0,0.0,0,0,20,0,64.7,68.2,63.7,55.3,52.9,15.0,3,0,3,15.0,3,20,0,1,85.0,17,0.0,0,79.2,1,0,15.0,3,3,1,1.0,3.0,0.18
Maxx Williams,9488,TE,ARZ,1,11.0,0,0.0,,0,0,0,,0,0,1,0,,,54.8,61.3,46.8,70.0,14,1,0,25.0,5,20,0,0,75.0,15,15.0,3,0.0,1,0,0.0,0,0,0,,,0.0
Jason Cabinda,50714,FB,DET,4,0.0,0,100.0,,0,0,0,0.0,0,0,11,0,64.7,61.2,66.1,77.7,54.5,21.4,3,0,4,28.6,4,14,0,1,71.4,10,0.0,0,83.3,1,0,7.1,1,4,4,4.0,4.0,0.4
C.J. Goodwin,9243,S,DAL,1,9.0,0,0.0,,0,0,0,100.0,1,0,9,0,28.0,,41.3,,42.5,0.0,0,0,0,0.0,0,1,0,0,100.0,1,0.0,0,39.6,1,0,0.0,0,0,0,,,0.0
Cam Akers,57206,HB,LA,2,1.0,0,100.0,,0,0,0,0.0,0,0,26,0,64.7,78.8,64.1,69.2,54.6,0.0,0,0,4,8.3,1,12,0,1,83.3,10,16.7,2,83.3,1,0,0.0,0,4,3,3.0,4.0,0.4
Kenjon Barner,7963,HB,TB,1,3.0,0,0.0,,0,0,0,,0,0,30,0,,62.8,58.1,,56.3,0.0,0,0,0,0.0,0,4,0,0,100.0,4,25.0,1,39.6,1,0,0.0,0,0,0,,,0.0
Levine Toilolo,7915,TE,NYG,4,4.0,0,100.0,,0,0,0,0.0,0,1,21,0,64.7,61.2,57.9,55.4,63.4,81.5,22,0,13,51.9,14,27,0,1,44.4,12,0.0,0,118.8,1,0,18.5,5,13,9,9.0,13.0,1.08
Eric Fisher,7783,T,KC,5,1.0,0,100.0,,0,0,0,0.0,0,1,16,0,64.7,61.2,77.1,73.9,90.4,0.0,0,0,2,99.6,237,238,1,1,0.4,1,0.0,0,118.8,1,1,0.0,0,2,1,1.0,2.0,2.0
Bobby Massie,7112,T,CHI,5,1.0,0,100.0,100.0,1,1,1,0.0,0,1,6,0,64.7,61.2,73.2,72.5,89.1,0.0,0,0,4,99.6,223,224,1,1,0.4,1,0.0,0,83.3,1,0,0.0,0,4,3,3.0,4.0,4.0
Mohamed Sanu,7084,WR,SF,3,5.0,0,100.0,,0,0,0,0.0,0,1,28,0,64.7,61.2,62.8,,63.5,0.0,0,0,9,0.0,0,12,0,1,91.7,11,16.7,2,104.2,1,0,83.3,10,9,4,4.0,9.0,0.82
Ryan Tannehill,7014,QB,TEN,4,-6.0,0,100.0,,0,0,0,0.0,0,0,31,1,,67.5,84.1,,58.9,0.0,0,0,0,0.0,0,153,1,1,0.7,1,0.0,0,79.2,1,0,0.0,0,0,6,6.0,0.0,0.0
Lynn Bowden Jr.,61361,WR,MIA,3,-1.0,0,100.0,,0,0,0,0.0,0,0,17,0,64.7,70.3,67.4,,55.8,0.0,0,0,-1,0.0,0,7,0,1,85.7,6,57.1,4,79.2,1,0,42.9,3,-1,0,0.0,-1.0,-0.17
Lee Smith,6311,TE,BUF,1,5.0,0,100.0,,0,0,0,0.0,0,1,4,0,64.7,61.2,89.6,,90.5,100.0,1,0,1,0.0,0,1,0,1,100.0,1,0.0,0,118.8,1,1,0.0,0,1,0,0.0,1.0,1.0
Anthony Sherman,6288,FB,KC,4,-3.0,0,100.0,,0,0,0,0.0,0,1,16,0,64.7,66.7,70.2,78.2,79.2,15.4,2,0,5,30.8,4,13,0,1,53.8,7,7.7,1,127.1,1,1,0.0,0,5,8,8.0,5.0,0.71
Taiwan Jones,6277,HB,BUF,2,27.0,0,0.0,0.0,0,1,0,,0,0,4,0,,,58.4,,58.0,0.0,0,0,0,0.0,0,2,0,0,100.0,2,50.0,1,39.6,1,0,0.0,0,0,0,,,0.0
Ryan Fitzpatrick,2467,QB,MIA,5,-6.0,0,100.0,,0,0,0,0.0,0,0,17,1,,90.1,78.4,,,0.0,0,0,0,0.0,0,207,2,1,0.0,0,0.0,0,79.2,1,0,0.0,0,0,6,6.0,0.0,
Diontae Spencer,91248,WR,DEN,3,7.0,0,100.0,,0,0,0,0.0,0,0,10,0,64.7,79.3,56.2,,56.9,0.0,0,0,7,0.0,0,5,0,1,60.0,3,80.0,4,95.8,1,0,20.0,1,7,0,0.0,7.0,2.33
Tyrie Cleveland,42134,WR,DEN,3,-3.0,1,100.0,,0,0,0,0.0,0,0,10,0,64.7,61.2,68.3,,66.7,0.0,0,0,7,0.0,0,8,0,1,100.0,8,25.0,2,95.8,1,0,75.0,6,7,10,10.0,7.0,0.88
Jordan Thomas,42062,TE,ARZ,2,10.0,0,100.0,,0,0,0,0.0,0,1,1,0,64.7,61.2,83.4,,84.3,50.0,1,0,3,0.0,0,2,0,1,100.0,2,0.0,0,118.8,1,1,50.0,1,3,0,0.0,3.0,1.5
Trevon Wesco,42018,TE,NYJ,5,5.0,0,100.0,,0,0,0,0.0,0,0,22,0,64.7,64.6,44.8,53.8,49.4,77.3,17,0,5,40.9,9,22,1,1,59.1,13,0.0,0,87.5,1,0,9.1,2,5,0,0.0,5.0,0.38
Byron Pringle,42345,WR,KC,3,11.0,0,100.0,,0,0,0,0.0,0,1,16,0,64.7,61.2,70.6,69.0,68.7,11.1,2,0,23,5.6,1,18,0,1,77.8,14,50.0,9,118.8,1,0,38.9,7,23,12,12.0,23.0,1.64
Adrian Killins Jr.,42425,WR,PHI,1,-5.0,0,100.0,,0,0,0,0.0,0,0,24,0,64.7,64.6,52.9,,59.1,0.0,0,0,2,0.0,0,3,0,1,100.0,3,66.7,2,79.2,1,0,33.3,1,2,7,7.0,2.0,0.67
