player,player_id,position,team_name,player_game_count,base_dropbacks,blitz_accuracy_percent,blitz_aimed_passes,blitz_attempts,blitz_avg_depth_of_target,blitz_avg_time_to_throw,blitz_bats,blitz_big_time_throws,blitz_btt_rate,blitz_completion_percent,blitz_completions,blitz_def_gen_pressures,blitz_drop_rate,blitz_dropbacks,blitz_dropbacks_percent,blitz_drops,blitz_first_downs,blitz_grades_coverage_defense,blitz_grades_defense,blitz_grades_defense_penalty,blitz_grades_hands_drop,blitz_grades_hands_fumble,blitz_grades_offense,blitz_grades_offense_penalty,blitz_grades_overall_tackle,blitz_grades_pass,blitz_grades_pass_route,blitz_grades_pass_rush_defense,blitz_grades_run,blitz_grades_tackle,blitz_hit_as_threw,blitz_interceptions,blitz_passing_snaps,blitz_pressure_to_sack_rate,blitz_qb_rating,blitz_sack_percent,blitz_sacks,blitz_scrambles,blitz_spikes,blitz_thrown_aways,blitz_touchdowns,blitz_turnover_worthy_plays,blitz_twp_rate,blitz_yards,blitz_ypa,declined_penalties,franchise_id,grades_hands_fumble,grades_offense,grades_pass,grades_run,no_blitz_accuracy_percent,no_blitz_aimed_passes,no_blitz_attempts,no_blitz_avg_depth_of_target,no_blitz_avg_time_to_throw,no_blitz_bats,no_blitz_big_time_throws,no_blitz_btt_rate,no_blitz_completion_percent,no_blitz_completions,no_blitz_def_gen_pressures,no_blitz_drop_rate,no_blitz_dropbacks,no_blitz_dropbacks_percent,no_blitz_drops,no_blitz_first_downs,no_blitz_grades_coverage_defense,no_blitz_grades_defense,no_blitz_grades_defense_penalty,no_blitz_grades_hands_drop,no_blitz_grades_hands_fumble,no_blitz_grades_offense,no_blitz_grades_offense_penalty,no_blitz_grades_overall_tackle,no_blitz_grades_pass,no_blitz_grades_pass_route,no_blitz_grades_pass_rush_defense,no_blitz_grades_run,no_blitz_grades_tackle,no_blitz_hit_as_threw,no_blitz_interceptions,no_blitz_passing_snaps,no_blitz_pressure_to_sack_rate,no_blitz_qb_rating,no_blitz_sack_percent,no_blitz_sacks,no_blitz_scrambles,no_blitz_spikes,no_blitz_thrown_aways,no_blitz_touchdowns,no_blitz_turnover_worthy_plays,no_blitz_twp_rate,no_blitz_yards,no_blitz_ypa,no_pressure_accuracy_percent,no_pressure_aimed_passes,no_pressure_attempts,no_pressure_avg_depth_of_target,no_pressure_avg_time_to_throw,no_pressure_bats,no_pressure_big_time_throws,no_pressure_btt_rate,no_pressure_completion_percent,no_pressure_completions,no_pressure_def_gen_pressures,no_pressure_drop_rate,no_pressure_dropbacks,no_pressure_dropbacks_percent,no_pressure_drops,no_pressure_first_downs,no_pressure_grades_coverage_defense,no_pressure_grades_defense,no_pressure_grades_defense_penalty,no_pressure_grades_hands_drop,no_pressure_grades_hands_fumble,no_pressure_grades_offense,no_pressure_grades_offense_penalty,no_pressure_grades_overall_tackle,no_pressure_grades_pass,no_pressure_grades_pass_route,no_pressure_grades_pass_rush_defense,no_pressure_grades_run,no_pressure_grades_tackle,no_pressure_hit_as_threw,no_pressure_interceptions,no_pressure_passing_snaps,no_pressure_pressure_to_sack_rate,no_pressure_qb_rating,no_pressure_sack_percent,no_pressure_sacks,no_pressure_scrambles,no_pressure_spikes,no_pressure_thrown_aways,no_pressure_touchdowns,no_pressure_turnover_worthy_plays,no_pressure_twp_rate,no_pressure_yards,no_pressure_ypa,penalties,pressure_accuracy_percent,pressure_aimed_passes,pressure_attempts,pressure_avg_depth_of_target,pressure_avg_time_to_throw,pressure_bats,pressure_big_time_throws,pressure_btt_rate,pressure_completion_percent,pressure_completions,pressure_def_gen_pressures,pressure_drop_rate,pressure_dropbacks,pressure_dropbacks_percent,pressure_drops,pressure_first_downs,pressure_grades_coverage_defense,pressure_grades_defense,pressure_grades_defense_penalty,pressure_grades_hands_drop,pressure_grades_hands_fumble,pressure_grades_offense,pressure_grades_offense_penalty,pressure_grades_overall_tackle,pressure_grades_pass,pressure_grades_pass_route,pressure_grades_pass_rush_defense,pressure_grades_run,pressure_grades_tackle,pressure_hit_as_threw,pressure_interceptions,pressure_passing_snaps,pressure_pressure_to_sack_rate,pressure_qb_rating,pressure_sack_percent,pressure_sacks,pressure_scrambles,pressure_spikes,pressure_thrown_aways,pressure_touchdowns,pressure_turnover_worthy_plays,pressure_twp_rate,pressure_yards,pressure_ypa
Aaron Rodgers,2241,QB,GB,15,599,81.4,145,153,8.7,0.0,5,10,5.9,69.3,106,62,10.2,177,29.5,12,74,,,,,34.0,92.3,83.1,,91.3,,,68.0,,1,2,195,29.0,116.9,10.2,18,6,0,2,10,4,2.1,1497,9.8,0,12,53.2,87.1,86.3,62.9,75.7,338,362,9.4,0.0,4,13,3.4,61.6,223,127,12.9,422,70.5,33,130,,,,,62.6,80.3,61.6,,76.4,,,83.0,,5,5,441,25.2,96.3,7.6,32,28,3,12,19,7,1.6,2702,7.5,78.0,378,392,8.7,0.0,8,14,3.4,66.6,261,0,11.5,410,68.4,34,153,,,,,91.3,91.6,86.2,,90.3,,,76.7,,0,6,431,,103.9,0.0,0,18,3,3,22,3,0.7,3201,8.2,4,75.2,105,123,11.2,0.0,1,9,6.8,55.3,68,189,13.9,189,31.6,11,51,,,,,22.3,69.7,36.3,,65.8,,,78.9,,6,1,205,26.5,97.5,26.5,50,16,0,11,7,8,3.9,998,8.1
Matt Schaub,1811,QB,HST,15,585,81.2,133,153,8.0,0.0,4,8,5.1,67.3,103,73,4.6,165,28.2,5,68,,,,,88.8,88.6,82.5,,87.1,,,55.2,,10,2,169,11.0,105.1,4.8,8,4,0,6,6,2,1.2,1444,9.4,0,13,82.3,80.3,85.8,26.9,78.8,363,391,7.8,0.0,6,13,3.2,68.8,269,99,5.9,420,71.8,17,149,,,,,89.6,79.7,86.2,,79.9,,,42.1,,6,12,431,17.2,96.7,4.0,17,12,4,12,21,10,2.3,3023,7.7,82.7,393,408,7.5,0.0,6,12,2.9,75.0,306,0,5.8,413,70.6,19,174,,,,,91.3,91.8,86.1,,91.1,,,42.7,,2,10,422,,109.4,0.0,0,5,4,3,22,9,2.1,3633,8.9,0,67.0,103,136,9.2,0.0,4,9,6.4,48.5,66,172,4.3,172,29.4,3,43,,,,,75.3,56.9,82.8,,58.5,,,49.7,,14,4,178,14.5,68.1,14.5,25,11,0,15,5,3,1.7,834,6.1
Jay Cutler,2956,QB,CHI,15,570,68.4,158,165,7.8,0.0,2,9,5.2,60.6,100,76,7.4,184,32.3,8,55,,,,,71.0,60.3,83.0,,60.3,,,56.6,,2,9,191,21.1,75.6,8.7,16,3,0,3,8,8,4.2,1171,7.1,0,6,74.1,62.1,64.3,40.3,68.7,332,354,8.7,0.0,4,16,4.3,60.5,214,99,6.1,386,67.7,14,107,,,,,85.7,67.8,59.6,,65.6,,,77.0,,3,17,407,16.2,72.8,4.1,16,16,5,10,15,15,3.7,2229,6.3,74.1,367,382,7.2,0.0,4,14,3.6,66.8,255,0,6.3,395,69.3,17,124,,,,,91.2,77.7,86.0,,74.2,,,84.2,,0,15,407,,82.1,0.0,0,13,5,6,15,8,2.0,2539,6.6,4,52.0,123,137,12.1,0.0,2,11,7.2,43.1,59,175,7.8,175,30.7,5,38,,,,,52.4,42.1,33.2,,44.3,,,51.6,,5,11,191,18.3,50.2,18.3,32,6,0,7,8,15,7.9,861,6.3
Peyton Manning,327,QB,IND,15,565,77.1,131,135,10.7,0.0,2,10,7.0,71.1,96,27,5.0,139,24.6,5,69,,,,,87.7,90.8,82.0,,90.1,58.4,,55.3,,1,3,147,11.1,113.8,2.2,3,1,0,1,9,3,2.0,1281,9.5,0,14,90.5,87.3,88.6,30.0,74.9,403,418,8.9,0.0,7,23,5.3,67.7,283,98,6.3,426,75.4,19,162,,,,,87.2,84.3,86.4,,82.4,58.4,,56.8,,2,12,446,7.1,97.0,1.6,7,1,0,6,24,11,2.5,3142,7.5,76.9,428,439,9.1,0.0,9,26,5.7,71.1,312,0,5.2,440,77.9,17,186,,,,,91.5,91.6,86.5,,90.6,55.2,,56.8,,0,9,460,,107.3,0.0,0,1,0,2,28,9,2.0,3501,8.0,4,69.8,106,114,10.4,0.0,0,7,5.8,58.8,67,125,9.5,125,22.1,7,45,,,,,62.8,67.9,81.6,,67.8,,,55.3,,3,6,133,8.0,77.4,8.0,10,1,0,5,5,5,3.8,922,8.1
Tony Romo,1693,QB,DAL,15,561,68.3,199,206,8.6,0.0,3,6,2.7,58.7,121,79,11.0,229,40.8,15,77,,,,,54.0,64.2,43.2,,62.6,,,81.9,,1,3,243,25.3,91.8,8.7,20,3,0,3,7,5,2.1,1758,8.5,0,9,68.1,69.2,70.5,41.5,74.6,295,310,8.1,0.0,6,16,4.9,65.2,202,91,8.2,332,59.2,18,116,,,,,86.3,74.8,56.8,,73.9,,,61.5,,3,5,346,13.2,100.4,3.6,12,10,2,4,17,5,1.4,2415,7.8,74.0,373,382,7.8,0.0,6,12,3.1,66.5,254,0,8.0,391,69.7,22,150,,,,,91.2,77.4,85.9,,75.3,,,70.4,,0,6,402,,103.6,0.0,0,9,2,1,20,7,1.7,3225,8.4,3,66.1,121,134,9.9,0.0,3,10,6.7,51.5,69,170,13.8,170,30.3,11,43,,,,,30.5,57.0,0.0,,57.4,,,67.0,,4,2,187,18.8,78.2,18.8,32,4,0,6,4,3,1.6,948,7.1
Tom Brady,698,QB,NE,15,560,74.9,171,177,9.1,0.0,1,7,3.7,68.9,122,62,4.7,180,32.1,6,72,,,,,89.7,84.0,36.1,,83.3,,,50.7,,2,3,191,1.6,108.4,0.6,1,2,0,3,12,2,1.0,1416,8.0,1,19,91.0,79.2,82.6,29.1,76.0,342,362,9.2,0.0,4,22,5.7,64.1,232,80,10.8,380,67.9,28,133,,,,,88.5,78.2,85.9,,77.2,,,47.6,,7,9,403,17.5,92.0,3.7,14,4,0,9,16,8,2.0,2796,7.7,78.9,407,413,8.8,0.0,5,21,4.8,70.7,292,0,9.0,418,74.6,29,169,,,,,91.4,90.2,86.3,,88.9,,,43.8,,0,5,440,,106.1,0.0,0,5,0,1,20,4,0.9,3373,8.2,7,63.2,106,126,10.4,0.0,0,8,5.8,49.2,62,142,7.5,142,25.4,5,36,,,,,72.3,57.1,26.1,,58.0,,,57.9,,9,7,154,10.6,68.8,10.6,15,1,0,11,8,6,3.9,839,6.7
David Garrard,1109,QB,JAX,15,548,66.9,154,178,9.3,0.0,5,6,3.3,53.9,96,84,6.8,200,36.5,7,66,,,,,42.6,70.4,36.7,,67.5,,,82.5,,12,2,207,19.0,77.5,8.0,16,6,0,7,5,7,3.4,1103,6.2,0,15,42.6,69.6,72.0,47.4,73.8,275,299,9.0,0.0,7,20,6.4,65.6,196,108,3.4,348,63.5,7,104,,,,,48.3,74.4,58.1,,72.1,,,72.4,,4,7,363,21.3,87.8,6.6,23,26,0,13,8,14,3.9,2292,7.7,73.1,324,335,8.5,0.0,7,18,5.2,67.5,226,0,4.6,356,65.0,11,128,,,,,84.0,83.2,85.6,,79.5,,,79.4,,0,7,371,,90.4,0.0,0,21,0,4,9,10,2.7,2558,7.6,3,65.7,105,142,11.0,0.0,5,8,5.4,46.5,66,192,4.3,192,35.0,3,42,,,,,23.3,54.5,0.0,,53.9,,,69.8,,16,2,199,20.3,68.9,20.3,39,11,0,16,4,11,5.5,837,5.9
Matt Cassel,2447,QB,KC,14,542,62.8,156,172,9.8,0.0,6,6,3.3,50.0,86,101,12.2,205,37.8,12,54,,,,,73.7,58.4,83.5,,59.2,,,52.7,,3,4,216,20.8,74.2,10.2,21,12,0,7,9,4,1.9,937,5.4,0,16,64.8,59.3,64.0,30.0,73.2,276,298,7.9,0.0,8,16,5.0,58.1,173,88,14.4,337,62.2,29,71,,,,,63.9,62.9,56.6,,66.4,60.0,,35.2,,6,11,363,23.9,67.8,6.2,21,18,4,4,7,12,3.3,1780,6.0,74.4,320,337,7.8,0.0,10,17,4.7,61.1,206,0,13.4,353,65.1,32,97,,,,,87.7,75.0,85.7,,76.5,60.0,,36.7,,0,7,378,,81.5,0.3,1,15,4,3,11,6,1.6,2127,6.3,8,55.4,112,133,10.8,0.0,4,5,3.5,39.8,53,189,14.5,189,34.9,9,28,,,,,36.4,36.9,35.4,,39.8,,,47.9,,9,8,201,21.7,41.2,21.7,41,15,0,8,5,10,5.0,590,4.4
Drew Brees,802,QB,NO,15,539,81.9,116,122,8.8,0.0,1,9,7.0,73.8,90,41,5.3,134,24.9,5,62,,,,,64.0,93.0,81.8,,91.7,,,64.4,,3,2,141,26.8,124.7,8.2,11,1,0,2,10,2,1.4,1190,9.8,0,20,69.6,89.1,88.7,47.6,77.4,372,392,8.4,0.0,12,19,4.7,69.6,273,91,5.2,405,75.1,15,153,,,,,68.4,82.7,62.0,,80.5,,,71.9,,4,9,422,9.9,105.0,2.2,9,4,1,3,24,10,2.4,3201,8.2,82.1,392,403,8.2,0.0,9,23,5.5,76.4,308,0,4.3,407,75.5,14,184,,,,,91.3,94.6,86.2,,93.1,,,80.1,,0,8,424,,121.0,0.0,0,4,1,1,31,5,1.2,3664,9.1,3,63.5,96,111,9.7,0.0,4,5,4.3,49.5,55,132,9.8,132,24.5,6,31,,,,,24.9,48.7,20.9,,50.2,,,58.3,,7,3,139,15.2,68.4,15.2,20,1,0,4,3,7,5.0,727,6.5
Kurt Warner,112,QB,ARZ,14,537,77.6,125,138,8.0,0.0,4,11,7.6,65.2,90,57,7.2,145,27.0,7,57,,,,,87.8,83.0,82.1,,81.6,,,56.3,,8,3,151,10.5,104.8,4.1,6,1,0,1,10,3,2.0,1101,8.0,0,1,59.2,75.7,77.9,29.6,77.2,338,370,8.2,0.0,10,7,1.8,66.5,246,103,5.7,392,73.0,15,135,,,,,43.5,73.0,61.5,,72.6,,,48.6,,12,11,414,17.5,90.0,4.6,18,4,7,3,17,13,3.1,2626,7.1,80.8,354,373,7.9,0.0,11,11,2.8,72.9,272,0,4.9,377,70.2,14,157,,,,,91.2,88.7,85.9,,86.9,,,48.6,,0,7,394,,110.9,0.0,0,4,7,1,25,6,1.5,3000,8.0,3,66.1,109,135,9.0,0.0,3,7,4.8,47.4,64,160,11.1,160,29.8,8,35,,,,,23.5,50.4,31.2,,51.9,,,56.3,,20,7,171,15.0,47.4,15.0,24,1,0,3,2,10,5.8,727,5.4
Brett Favre,14,QB,MIN,15,536,71.2,125,133,8.4,0.0,1,8,5.7,60.2,80,55,10.1,145,27.1,9,55,,,,,87.9,87.3,22.3,,85.6,,,,,2,1,152,21.8,100.1,8.3,12,0,0,5,9,3,2.0,908,6.8,0,18,90.2,90.2,90.5,39.1,77.2,356,367,8.4,0.0,3,15,3.9,70.3,258,82,6.2,391,72.9,17,143,,,,,85.6,89.7,35.4,,88.0,,,54.5,,2,6,413,26.8,105.8,5.6,22,2,3,3,20,8,1.9,2978,8.1,78.1,389,397,8.2,0.0,3,15,3.6,71.8,285,0,6.3,399,74.4,19,161,,,,,91.3,92.3,61.7,,91.4,,,58.3,,0,3,416,,112.3,0.3,1,1,3,2,23,4,1.0,3261,8.2,9,65.2,92,103,9.5,0.0,1,8,7.0,51.5,53,137,11.7,137,25.6,7,37,,,,,64.9,71.4,0.0,,72.1,,,58.3,,4,4,149,24.1,73.5,24.1,33,1,0,6,6,7,4.7,625,6.1
Ben Roethlisberger,1732,QB,PIT,14,535,77.6,156,167,8.7,0.0,6,7,4.0,67.1,112,68,7.4,198,37.0,9,79,,,,,78.0,75.3,83.3,,72.9,,,74.2,,4,4,208,41.2,98.3,14.1,28,3,0,1,8,5,2.4,1375,8.2,0,25,86.7,86.6,87.1,41.8,77.6,294,312,10.2,0.0,5,22,6.6,66.3,207,79,9.2,337,63.0,21,120,,,,,91.0,91.6,85.5,,89.8,85.9,,83.1,,6,8,360,24.1,99.2,5.6,19,6,1,6,15,7,1.9,2733,8.8,79.7,369,382,8.9,0.0,9,14,3.5,69.6,266,0,9.5,388,72.5,28,161,,,,,91.2,91.3,86.0,,89.6,85.9,,75.4,,0,8,403,,104.8,0.0,0,6,1,3,20,8,2.0,3293,8.6,1,67.9,81,97,13.1,0.0,2,15,13.5,54.6,53,147,3.6,147,27.5,2,38,,,,,73.8,73.9,82.4,,70.1,,,83.1,,10,4,165,32.0,75.8,32.0,47,3,0,4,3,4,2.4,815,8.4
Jason Campbell,2242,QB,WAS,15,533,73.8,130,153,6.7,0.0,10,4,2.5,55.6,85,84,11.5,176,33.0,11,60,,,,,30.2,48.3,0.0,,48.9,,,69.4,,6,5,186,21.4,70.5,10.2,18,5,0,7,4,8,4.3,992,6.5,1,32,40.1,63.5,64.5,52.3,79.8,287,312,7.1,0.0,5,15,4.6,68.6,214,93,6.6,357,67.0,15,127,,,,,56.3,74.0,57.0,,72.7,,,66.1,,5,10,369,25.8,92.2,6.7,24,21,2,13,14,9,2.4,2347,7.5,82.3,322,341,5.9,0.0,9,9,2.5,71.8,245,0,7.5,356,66.8,20,140,,,,,87.3,78.2,28.4,,77.4,,,63.4,,0,8,369,,94.2,0.3,1,14,2,8,12,7,1.9,2479,7.3,6,63.2,95,124,10.4,0.0,6,10,7.6,43.5,54,177,10.0,177,33.2,6,47,,,,,22.7,40.2,32.2,,38.9,,,70.9,,11,7,186,23.2,59.9,23.2,41,12,0,12,6,10,5.4,860,6.9
Joe Flacco,4332,QB,BLT,15,526,70.7,150,161,9.0,0.0,0,6,3.5,62.1,100,69,5.7,182,34.6,6,66,,,,,34.5,76.7,83.1,,75.5,,,58.8,,2,1,195,24.6,101.3,9.3,17,4,0,9,9,5,2.6,1214,7.5,1,3,69.2,83.1,84.1,42.5,71.5,302,319,9.3,0.0,6,11,3.3,63.9,204,81,5.6,344,65.4,12,118,,,,,87.0,85.8,58.3,,83.9,,,64.3,,3,11,363,19.8,83.8,4.7,16,9,2,6,12,6,1.7,2313,7.3,73.6,356,367,8.9,0.0,5,12,3.1,66.8,245,0,6.5,376,71.5,17,149,,,,,85.0,88.1,85.9,,85.8,,,61.8,,0,9,392,,92.8,0.0,0,9,2,4,15,8,2.0,2787,7.6,4,62.5,96,113,10.4,0.0,1,5,4.0,52.2,59,150,1.7,150,28.5,1,35,,,,,32.0,70.5,29.8,,70.1,,,62.8,,5,3,166,22.0,79.5,22.0,33,4,0,11,6,3,1.8,740,6.5
Kyle Orton,2323,QB,DEN,15,522,71.6,141,157,8.8,0.0,2,3,1.8,60.5,95,69,5.9,172,33.0,6,59,,,,,89.3,66.9,30.9,,66.0,,,65.6,,5,2,182,20.3,94.0,8.1,14,1,0,9,8,3,1.6,1123,7.2,0,10,79.3,62.7,65.1,29.6,73.4,308,328,6.8,0.0,5,4,1.2,63.7,209,82,7.5,350,67.0,17,107,,,,,75.5,62.3,85.5,,63.4,,,41.9,,2,7,363,15.9,87.0,3.7,13,9,1,12,12,7,1.9,2245,6.8,77.3,352,366,6.7,0.0,3,5,1.3,69.7,255,0,6.3,371,71.1,17,134,,,,,91.1,77.0,85.7,,76.1,,,50.0,,0,5,383,,101.7,0.3,1,4,1,10,17,3,0.8,2789,7.6,2,56.7,97,119,10.1,0.0,4,2,1.5,41.2,49,151,10.9,151,28.9,6,32,,,,,52.5,38.5,25.3,,40.9,,,52.7,,7,4,162,17.2,51.1,17.2,26,6,0,11,3,7,4.3,579,4.9
Eli Manning,1722,QB,NYG,15,520,67.0,197,210,9.9,0.0,5,11,4.9,55.2,116,92,12.1,229,44.0,16,78,,,,,27.8,66.5,83.9,,67.4,,,38.3,,4,7,243,16.3,85.5,6.6,15,4,0,4,12,9,3.7,1625,7.7,0,21,59.7,77.8,78.7,33.3,75.2,266,276,9.1,0.0,5,18,6.2,66.7,184,64,8.0,291,56.0,16,102,,,,,90.7,85.4,84.9,,83.3,,,59.7,,2,6,308,18.8,101.0,4.1,12,3,2,1,15,8,2.6,2271,8.2,74.1,351,361,8.8,0.0,8,14,3.7,65.9,238,0,8.5,364,70.0,22,133,,,,,91.1,80.9,85.7,,79.0,,,60.2,,0,9,383,,100.5,0.0,0,3,2,0,21,10,2.6,2984,8.3,4,64.3,112,125,11.3,0.0,2,15,11.1,49.6,62,156,13.9,156,30.0,10,47,,,,,24.0,69.2,82.5,,70.6,,,37.5,,6,4,168,17.3,76.5,17.3,27,4,0,5,6,7,4.2,912,7.3
Philip Rivers,1725,QB,SD,15,507,69.9,143,159,10.8,0.0,2,14,8.2,55.3,88,60,12.0,173,34.1,12,69,,,,,56.3,83.4,82.9,,82.5,,,50.4,,7,3,184,16.7,104.0,5.8,10,4,0,7,13,4,2.2,1391,8.7,0,27,84.7,91.8,92.4,39.1,79.0,291,312,10.1,0.0,0,16,4.9,70.5,220,81,4.3,334,65.9,10,139,,,,,90.9,93.6,85.4,,92.5,60.0,,65.4,,5,6,347,18.5,104.7,4.5,15,7,2,14,14,4,1.2,2764,8.9,78.3,345,360,10.1,0.0,2,24,6.3,70.8,255,0,5.6,366,72.2,15,170,,,,,91.1,95.2,85.8,,94.1,60.0,,58.9,,0,6,385,,113.4,0.0,0,6,2,11,22,5,1.3,3358,9.3,6,67.4,89,111,11.1,0.0,0,6,5.2,47.7,53,141,11.7,141,27.8,7,38,,,,,48.1,68.1,82.0,,67.6,,,58.7,,12,3,146,17.7,75.5,17.7,25,5,0,10,5,3,2.1,797,7.2
Matt Hasselbeck,408,QB,SEA,13,504,64.4,132,147,8.4,0.0,3,6,3.9,51.7,76,63,10.6,170,33.7,9,41,,,,,27.3,54.0,32.7,,57.4,,,30.0,,5,7,177,31.7,53.8,11.8,20,3,0,7,3,7,4.0,766,5.2,0,29,57.0,64.6,64.9,45.2,74.4,297,311,7.1,0.0,4,8,2.5,65.0,202,61,8.6,334,66.3,19,104,,,,,82.7,69.3,85.4,,68.4,55.2,,63.2,,1,9,344,14.8,86.1,2.7,9,14,0,9,13,8,2.3,2088,6.7,72.1,358,370,7.5,0.0,6,12,3.2,62.7,232,0,10.1,380,75.4,26,122,,,,,84.6,72.7,85.9,,74.0,55.2,,31.8,,0,12,390,,80.5,0.0,0,10,0,6,14,9,2.3,2404,6.5,1,67.6,71,88,7.6,0.0,1,2,2.1,52.3,46,124,4.2,124,24.6,2,23,,,,,24.5,39.6,17.6,,37.5,,,77.7,,6,4,131,23.4,55.6,23.4,29,7,0,10,2,6,4.6,450,5.1
Carson Palmer,1317,QB,CIN,15,498,65.9,132,136,8.9,0.0,1,3,2.1,58.1,79,47,9.2,148,29.7,8,48,,,,,88.1,66.2,82.3,,63.7,,,79.7,,0,3,158,21.3,84.9,6.8,10,2,0,3,7,3,1.9,862,6.3,0,7,90.7,68.5,72.0,41.6,73.9,299,319,8.9,0.0,6,15,4.4,63.3,202,79,8.6,350,70.3,19,117,,,,,87.3,74.9,85.6,,73.9,,,59.2,,3,9,369,20.3,87.2,4.6,16,15,4,7,14,12,3.3,2254,7.1,72.9,347,359,8.9,0.0,5,14,3.7,64.6,232,0,8.3,372,74.7,21,136,,,,,91.2,78.5,85.8,,75.7,,,75.2,,0,10,393,,89.6,0.0,0,13,4,3,17,13,3.3,2538,7.1,10,65.5,84,96,8.9,0.0,2,4,3.9,51.0,49,126,10.9,126,25.3,6,29,,,,,69.7,55.6,81.6,,57.1,,,47.6,,3,2,134,20.6,74.9,20.6,26,4,0,7,4,2,1.5,578,6.0
Chad Henne,4371,QB,MIA,13,462,67.4,129,137,9.4,0.0,3,3,2.1,55.5,76,45,12.6,151,32.7,11,53,,,,,72.7,61.1,82.3,,61.3,56.6,,57.9,,4,6,155,28.9,70.5,8.6,13,1,0,1,6,4,2.6,851,6.2,0,17,85.1,68.4,69.4,36.3,73.8,271,294,8.4,0.0,8,13,4.2,61.9,182,56,9.0,311,67.3,18,98,,,,,90.8,73.4,85.1,,72.2,,,60.3,,3,7,325,19.6,76.2,3.5,11,6,3,9,5,4,1.2,1889,6.4,73.6,341,356,8.6,0.0,10,12,3.3,64.0,228,0,9.2,361,78.1,23,130,,,,,91.1,77.6,85.6,,76.1,57.1,,62.5,,0,7,371,,80.9,0.0,0,5,3,2,7,5,1.3,2316,6.5,2,61.0,59,75,9.6,0.0,1,4,4.8,40.0,30,101,16.7,101,21.9,6,21,,,,,65.6,44.2,80.9,,45.7,60.0,,54.2,,7,6,109,23.8,43.4,23.8,24,2,0,8,4,3,2.8,424,5.7
Donovan McNabb,438,QB,PHI,13,453,64.8,105,110,10.3,0.0,3,11,9.7,56.4,62,56,8.8,125,27.6,6,52,,,,,36.6,82.3,81.5,,80.3,,,,,1,2,129,26.8,97.8,12.0,15,0,0,1,6,3,2.3,1006,9.1,0,24,71.2,76.5,75.4,61.5,74.9,267,297,8.9,0.0,15,15,4.7,62.3,185,71,7.5,328,72.4,15,97,,,,,83.1,75.0,85.4,,69.9,,,91.4,,4,8,354,23.9,93.3,5.2,17,14,2,9,16,10,2.8,2325,7.8,75.4,297,317,9.0,0.0,14,17,5.0,65.3,207,0,7.6,326,72.0,17,120,,,,,90.9,83.5,85.3,,78.6,,,92.1,,0,8,346,,101.5,0.3,1,8,2,4,18,9,2.6,2783,8.8,2,58.7,75,90,10.7,0.0,4,9,9.3,44.4,40,127,9.1,127,28.0,4,29,,,,,27.2,64.1,81.7,,61.6,,,72.7,,5,2,137,24.4,70.0,24.4,31,6,0,6,4,4,2.9,548,6.1
Matt Ryan,4317,QB,ATL,13,445,64.7,136,144,9.6,0.0,3,3,2.0,56.9,82,47,6.8,153,34.4,6,55,,,,,67.5,68.4,82.4,,68.0,,,56.0,,1,4,162,10.6,92.1,3.3,5,4,0,4,10,5,3.1,1072,7.4,0,2,79.8,67.0,69.3,32.6,70.0,237,272,8.6,0.0,1,11,3.8,58.1,158,63,4.8,292,65.6,8,91,,,,,80.6,68.1,84.9,,68.0,,,53.1,,5,8,309,20.6,75.3,4.5,13,7,5,24,10,9,2.9,1617,5.9,71.2,309,326,8.7,0.0,1,13,3.8,63.8,208,0,5.5,335,75.3,12,125,,,,,91.0,80.9,85.4,,80.5,,,44.8,,0,7,353,,93.9,0.0,0,9,5,11,18,8,2.3,2280,7.0,1,53.1,64,90,10.5,0.0,3,1,1.0,35.6,32,110,5.9,110,24.7,2,21,,,,,32.5,35.7,81.2,,35.4,,,69.8,,6,5,118,16.4,34.9,16.4,18,2,0,17,2,6,5.1,409,4.5
Matthew Stafford,4924,QB,DET,10,416,57.4,115,124,10.8,0.0,2,2,1.6,47.6,59,49,10.6,133,32.0,7,37,,,,,70.6,38.5,81.8,,40.4,,,55.7,,3,4,139,16.3,68.5,6.0,8,1,0,4,6,5,3.6,717,5.8,0,11,72.7,45.2,45.8,50.3,69.4,235,253,7.2,0.0,3,11,4.2,56.1,142,71,12.9,283,68.0,21,82,,,,,70.2,52.5,84.7,,52.4,,,60.6,,3,16,294,21.1,57.3,5.3,15,15,7,5,7,16,5.4,1554,6.1,70.4,270,284,7.9,0.0,5,10,3.4,60.2,171,0,10.0,296,71.2,19,95,,,,,90.7,55.6,84.8,,56.5,,,50.1,,0,13,305,,72.3,0.3,1,11,7,2,10,11,3.6,1863,6.6,2,48.8,80,93,10.2,0.0,0,3,3.0,32.3,30,120,23.1,120,28.8,9,24,,,,,29.3,30.2,81.5,,29.9,,,70.9,,6,7,128,18.3,26.6,18.3,22,5,0,7,3,10,7.8,408,4.4
Mark Sanchez,4928,QB,NYJ,14,390,63.6,118,125,9.9,0.0,0,7,5.3,55.2,69,44,8.0,144,36.9,6,49,,,,,25.8,47.9,0.0,,48.2,,,72.6,,1,8,151,31.8,70.9,9.7,14,5,0,6,7,12,7.9,925,7.4,0,22,48.2,49.0,49.9,54.0,64.4,205,222,9.8,0.0,3,10,4.3,53.6,119,50,9.8,246,63.1,13,79,,,,67.6,76.9,53.7,9.2,,53.5,66.9,,67.8,,2,12,257,24.0,59.1,4.9,12,12,2,10,5,11,4.3,1456,6.6,66.3,270,280,10.1,0.0,3,15,5.1,57.5,161,0,10.1,296,75.9,18,111,,,,,58.6,62.0,18.8,,60.0,,,82.4,,0,14,310,,73.5,1.0,3,13,2,5,12,15,4.8,2017,7.2,8,52.8,53,67,8.4,0.0,0,2,2.8,40.3,27,94,3.6,94,24.1,1,17,,,,67.6,28.6,26.7,0.0,,28.4,66.9,,46.6,,3,6,98,24.5,21.0,24.5,23,4,0,11,0,8,8.2,364,5.4
Alex Smith,2218,QB,SF,10,373,71.6,102,118,7.2,0.0,3,4,3.2,57.6,68,53,6.8,125,33.5,5,38,,,,,62.4,70.6,81.6,,70.3,,,55.3,,3,4,131,11.3,75.8,4.8,6,1,0,10,4,4,3.1,809,6.9,0,28,85.5,71.7,73.5,47.6,75.6,201,226,7.5,0.0,9,11,4.6,61.9,140,70,7.9,248,66.5,12,57,,,,,90.4,73.5,84.2,,72.3,,,61.8,,6,8,260,18.6,82.4,5.2,13,9,1,9,13,5,1.9,1319,5.8,76.3,232,248,7.3,0.0,10,11,4.3,65.3,162,0,8.5,250,67.0,15,69,,,,,90.4,85.5,84.2,,83.4,,,60.9,,0,9,261,,88.5,0.0,0,2,1,5,14,7,2.7,1682,6.8,5,67.6,71,96,7.8,0.0,2,4,3.9,47.9,46,123,4.2,123,33.0,2,26,,,,,62.0,48.2,81.5,,48.7,,,57.1,,9,3,130,15.4,58.8,15.4,19,8,0,14,3,2,1.5,446,4.6
Jake Delhomme,303,QB,CAR,11,351,58.1,86,91,10.3,0.0,2,3,3.2,50.5,46,42,8.0,101,28.8,4,26,,,,,65.2,48.6,80.8,,46.2,,,82.6,,3,6,106,19.0,47.6,7.9,8,2,0,0,2,3,2.8,515,5.7,0,5,79.7,55.7,54.1,63.7,67.4,215,230,9.5,0.0,4,12,5.0,57.4,132,61,9.0,250,71.2,13,78,,,,,90.4,61.4,84.2,,59.3,,,81.1,,3,12,260,24.6,64.0,6.0,15,5,5,3,6,11,4.2,1499,6.5,70.5,234,246,8.8,0.0,5,13,5.2,61.8,152,0,7.9,248,70.7,13,86,,,,,90.4,72.6,84.1,,70.6,,,74.0,,0,10,254,,76.1,0.0,0,2,5,2,8,6,2.4,1691,6.9,2,44.8,67,75,13.2,0.0,1,2,2.4,34.7,26,103,13.3,103,29.3,4,18,,,,,66.0,29.0,81.0,,27.8,,,86.6,,6,8,112,22.3,9.3,22.3,23,5,0,1,0,8,7.1,323,4.3
Josh Freeman,4940,QB,TB,9,297,50.0,88,96,10.1,0.0,3,3,2.9,45.8,44,50,0.0,107,36.0,0,32,,,,,57.6,46.2,81.0,,44.4,,,77.8,,3,5,113,14.0,49.2,6.5,7,4,0,2,2,6,5.3,546,5.7,0,30,36.7,56.2,55.1,58.9,73.9,153,163,9.7,0.0,4,13,7.7,60.7,99,54,12.4,190,64.0,14,57,,,,,45.8,66.3,83.1,,64.1,,,69.2,,0,11,196,20.4,67.9,5.8,11,16,3,3,7,8,4.1,1135,7.0,68.4,177,186,9.7,0.0,4,11,5.8,59.1,110,0,9.1,193,65.0,11,65,,,,,72.0,70.2,83.2,,69.4,,,60.1,,0,12,199,,63.4,0.0,0,7,3,2,6,8,4.0,1259,6.8,3,56.3,64,73,10.2,0.0,3,5,6.3,45.2,33,104,8.3,104,35.0,3,24,,,,,27.6,37.8,80.9,,31.4,,,80.6,,3,4,110,17.3,54.7,17.3,18,13,0,3,3,6,5.5,422,5.8
Brady Quinn,3638,QB,CLV,10,280,62.6,99,111,9.2,0.0,6,4,3.5,45.9,51,51,17.7,123,43.9,11,33,,,,64.7,61.4,68.3,81.4,,64.1,90.6,,78.3,,2,1,126,19.6,63.9,8.1,10,2,0,4,2,1,0.8,568,5.1,0,8,80.8,54.4,54.8,47.4,67.4,138,145,8.8,0.0,5,3,2.0,58.6,85,38,8.6,157,56.1,8,44,,,,,88.4,47.0,82.4,,48.3,,,52.0,,1,6,162,23.7,69.5,5.7,9,3,0,1,6,5,3.1,767,5.3,69.4,180,189,9.2,0.0,8,5,2.6,57.1,108,0,13.6,191,68.2,17,63,,,,64.7,89.9,61.9,83.1,,60.9,90.6,,54.6,,0,6,196,,71.5,0.0,0,2,0,1,6,4,2.0,1107,5.9,2,52.6,57,67,8.4,0.0,3,2,2.9,41.8,28,89,6.7,89,31.8,2,14,,,,,52.1,46.2,80.2,,44.2,,,74.3,,3,1,92,21.3,54.8,21.3,19,3,0,4,2,2,2.2,228,3.4
Vince Young,2948,QB,TEN,11,270,58.5,65,73,11.3,0.0,1,5,6.6,47.9,35,36,7.9,82,30.4,3,30,,,,,50.4,69.8,80.0,,66.7,,,73.7,,3,4,85,11.1,69.1,4.9,4,5,0,4,4,2,2.4,554,7.6,0,31,54.1,74.6,72.0,65.0,68.7,150,158,9.6,0.0,2,10,6.1,63.3,100,41,2.9,188,69.6,3,69,,,,,52.6,74.6,83.1,,72.4,,,68.6,,2,2,194,12.2,92.6,2.7,5,25,0,4,6,7,3.6,1154,7.3,68.1,166,173,9.6,0.0,3,10,5.5,63.0,109,0,3.5,193,71.5,4,77,,,,,54.0,75.2,83.2,,74.6,,,61.0,,0,5,202,,90.7,0.5,1,19,0,4,9,7,3.5,1280,7.4,0,57.1,49,58,11.8,0.0,0,5,8.6,44.8,26,77,7.1,77,28.5,2,22,,,,,47.2,68.1,79.6,,61.0,,,81.9,,5,1,77,10.4,68.8,10.4,8,11,0,4,1,2,2.6,428,7.4
JaMarcus Russell,3617,QB,OAK,11,270,67.2,67,75,8.0,0.0,0,0,0.0,48.0,36,45,20.0,86,31.9,9,22,,,,,52.1,43.7,80.2,,44.8,,,,,5,4,91,24.4,47.7,12.8,11,0,0,3,1,4,4.4,421,5.6,0,23,30.3,39.2,39.8,44.2,63.7,146,157,11.6,0.0,5,7,4.1,47.8,75,69,19.4,184,68.1,18,36,,,,,28.5,40.9,83.1,,41.5,,,60.6,,4,6,197,27.5,50.5,10.3,19,8,1,1,2,8,4.1,764,4.9,66.4,146,150,9.9,0.0,2,6,3.8,52.0,78,0,19.6,156,57.8,19,39,,,,,88.5,55.6,82.4,,55.8,,,57.8,,0,6,164,,58.7,0.0,0,6,1,1,3,5,3.0,839,5.6,0,61.2,67,82,11.6,0.0,3,1,1.1,40.2,33,114,19.5,114,42.2,8,19,,,,,21.3,27.5,81.3,,28.1,,,64.1,,9,4,124,26.3,32.9,26.3,30,2,0,3,0,7,5.6,346,4.2
Marc Bulger,684,QB,SL,9,267,69.0,58,62,7.2,0.0,2,3,4.5,58.1,36,19,10.0,69,25.8,4,25,,,,,28.0,53.9,79.4,,58.3,,,43.6,,2,1,73,31.6,82.4,8.7,6,1,0,0,2,2,2.7,415,6.7,0,26,41.7,58.1,62.6,26.6,68.6,172,185,8.4,0.0,4,7,3.6,56.2,104,44,11.9,198,74.2,14,54,,,,,55.7,61.3,83.4,,64.0,,,29.3,,2,5,210,18.2,66.8,4.0,8,5,1,6,3,7,3.3,1054,5.7,70.6,194,201,7.7,0.0,4,9,4.2,61.2,123,0,10.2,204,76.4,14,69,,,,,78.7,74.5,83.5,,72.9,,,64.2,,0,3,216,,82.6,0.5,1,2,1,2,5,3,1.4,1322,6.6,3,58.3,36,46,10.1,0.0,2,1,2.0,37.0,17,63,19.0,63,23.6,4,10,,,,,21.1,25.9,79.0,,32.8,,,24.1,,4,3,67,20.6,19.0,20.6,13,4,0,4,0,6,9.0,147,3.2
Ryan Fitzpatrick,2467,QB,BUF,9,241,62.5,56,66,10.4,0.0,4,4,5.8,45.5,30,37,14.3,82,34.0,5,23,,,,,83.9,63.6,80.0,,62.8,,,62.4,,6,2,87,27.0,75.6,12.2,10,6,0,0,4,2,2.3,445,6.7,0,4,77.9,58.4,57.9,54.9,67.7,130,136,9.1,0.0,1,2,1.4,59.6,81,50,8.0,159,66.0,7,37,,,,,67.6,57.0,82.4,,55.4,,,67.9,,3,8,163,22.0,57.4,6.9,11,12,1,1,2,7,4.3,824,6.1,71.2,139,145,9.0,0.0,5,4,2.7,60.7,88,0,11.1,154,63.9,11,49,,,,,88.2,77.6,82.3,,75.6,,,66.8,,0,6,158,,74.4,0.0,0,9,1,0,5,3,1.9,955,6.6,0,51.1,47,57,11.1,0.0,0,2,3.3,40.4,23,87,4.2,87,36.1,1,11,,,,,52.4,29.9,80.2,,29.1,,,64.2,,9,4,92,24.1,35.3,24.1,21,9,0,1,1,6,6.5,314,5.5
Kerry Collins,115,QB,TEN,7,224,73.5,49,59,9.4,0.0,2,3,4.8,52.5,31,28,13.9,61,27.2,5,18,,,,,82.0,61.5,78.9,,61.2,,,,,2,2,65,7.1,69.0,3.3,2,0,0,6,2,2,3.1,368,6.2,0,31,64.8,60.6,64.1,28.3,73.8,141,157,7.7,0.0,2,4,2.5,56.1,88,37,15.4,163,72.8,16,46,,,,,67.6,62.4,30.0,,64.7,,,37.1,,5,6,167,8.1,64.3,1.8,3,3,0,9,4,6,3.6,864,5.5,77.6,152,158,6.8,0.0,2,4,2.5,63.3,100,0,15.3,159,71.0,18,51,,,,,88.5,76.6,82.4,,74.7,,,63.1,,0,3,164,,82.2,0.0,0,1,0,4,4,3,1.8,1018,6.4,2,57.9,38,58,13.7,0.0,2,3,4.9,32.8,19,65,13.6,65,29.0,3,13,,,,,42.1,32.7,0.0,,40.4,,,31.1,,7,5,68,7.7,20.3,7.7,5,2,0,11,2,5,7.4,214,3.7
Trent Edwards,3708,QB,BUF,8,216,78.2,55,63,10.6,0.0,1,4,6.0,55.6,35,28,18.6,72,33.3,8,21,,,,,83.1,77.6,79.5,,75.3,,,66.4,,1,3,76,25.0,78.7,9.7,7,2,0,6,4,1,1.3,439,7.0,0,4,75.0,65.1,63.1,65.8,73.6,110,120,5.8,0.0,3,4,3.2,62.5,75,55,7.4,144,66.7,6,38,,,,,65.7,56.6,82.1,,54.3,59.7,,72.0,,3,4,150,27.3,71.0,10.4,15,9,0,4,2,6,4.0,726,6.1,78.2,124,128,7.5,0.0,4,8,6.1,68.0,87,0,10.3,134,62.0,10,45,,,,,87.2,76.2,81.8,,74.9,59.7,,62.9,,0,5,138,,86.9,0.0,0,6,0,0,5,4,2.9,967,7.6,1,65.9,41,55,7.1,0.0,0,0,0.0,41.8,23,83,14.8,82,38.0,4,14,,,,,51.4,46.0,80.1,,42.1,,,77.9,,4,2,88,26.5,42.8,26.8,22,5,0,10,1,3,3.4,198,3.6
Kyle Boller,1335,QB,SL,6,186,58.1,43,46,9.6,0.0,1,1,2.0,43.5,20,22,20.0,55,29.6,5,15,,,,,81.5,44.6,78.6,,42.3,,,74.3,,2,2,60,27.3,42.0,10.9,6,3,0,0,0,2,3.3,241,5.2,0,26,72.0,50.4,47.9,68.7,74.5,106,119,4.8,0.0,4,2,1.6,62.2,74,43,6.3,131,70.4,5,38,,,,,62.7,55.4,81.7,,54.0,,,70.7,,4,4,136,18.6,70.6,6.1,8,4,1,4,3,4,2.9,638,5.4,77.0,113,119,5.8,0.0,4,2,1.6,66.4,79,0,9.2,121,65.1,8,45,,,,,86.7,63.1,81.5,,61.9,,,66.4,,0,2,128,,81.6,0.0,0,2,1,1,2,2,1.6,732,6.2,0,47.2,36,46,7.4,0.0,1,1,2.0,32.6,15,65,11.8,65,34.9,2,8,,,,,42.1,31.2,79.1,,28.9,,,76.6,,6,4,68,21.5,13.6,21.5,14,5,0,3,1,4,5.9,147,3.2
Derek Anderson,2430,QB,CLV,7,183,55.7,61,73,11.2,0.0,5,1,1.3,35.6,26,24,23.5,77,42.1,8,16,,,,,83.4,45.8,79.9,,46.8,58.3,,,,5,6,81,16.7,16.6,5.2,4,0,0,2,1,3,3.7,254,3.5,0,8,72.0,49.6,50.4,46.9,64.4,90,98,8.7,0.0,3,6,5.9,49.0,48,23,17.2,106,57.9,10,26,,,,,57.6,56.6,80.9,,56.1,,,63.1,,0,3,110,30.4,60.4,6.6,7,1,1,4,2,6,5.5,552,5.6,66.1,124,135,9.2,0.0,7,6,4.3,49.6,67,0,18.3,136,74.3,15,36,,,,,87.4,64.8,81.9,,63.8,59.3,,63.1,,0,5,141,,57.2,0.0,0,1,1,3,3,5,3.5,706,5.2,1,37.0,27,36,12.1,0.0,1,1,2.6,19.4,7,47,30.0,47,25.7,3,6,,,,,30.1,25.9,78.1,,26.9,60.0,,,,5,4,50,23.4,0.0,23.4,11,0,0,3,0,4,8.0,100,2.8
Shaun Hill,1255,QB,SF,6,179,64.7,51,60,11.4,0.0,1,1,1.5,48.3,29,27,12.1,71,39.7,4,21,,,,,46.0,60.5,79.6,,60.0,59.7,,62.2,,6,2,76,33.3,69.3,12.7,9,2,0,2,2,1,1.3,428,7.1,0,28,70.9,66.9,65.4,76.5,77.0,87,95,7.1,0.0,2,5,5.1,61.1,58,26,13.4,108,60.3,9,22,,,,,85.7,72.0,8.3,,68.0,,,87.9,,0,0,112,34.6,86.4,8.3,9,4,0,6,3,2,1.8,522,5.5,73.0,115,121,8.4,0.0,3,4,3.1,61.2,74,0,11.9,126,70.4,10,32,,,,,87.0,71.8,81.7,,68.5,59.7,,79.9,,0,1,133,,88.1,0.0,0,5,0,3,4,1,0.8,799,6.6,4,69.6,23,34,10.3,0.0,0,2,5.6,38.2,13,53,18.8,53,29.6,3,11,,,,,34.0,56.5,0.0,,56.0,,,65.6,,6,1,55,34.0,50.0,34.0,18,1,0,5,1,2,3.6,151,4.4
Bruce Gradkowski,3139,QB,OAK,7,172,56.0,50,55,13.0,0.0,1,3,4.9,43.6,24,27,14.3,62,36.0,4,20,,,,,43.1,68.6,79.1,,66.2,,,70.7,,0,1,68,14.8,62.9,6.5,4,3,0,4,1,1,1.5,343,6.2,0,23,33.7,70.3,70.9,55.9,70.6,85,95,10.8,0.0,4,5,5.1,61.1,58,33,3.3,110,64.0,2,30,,,,,58.3,74.6,81.0,,71.6,,,72.3,,1,2,113,21.2,90.9,6.4,7,8,2,3,5,2,1.8,664,7.0,67.0,97,107,11.0,0.0,5,4,3.6,56.1,60,0,7.7,112,65.1,5,36,,,,,85.8,73.4,81.1,,70.2,,,77.3,,0,2,115,,82.9,0.9,1,4,2,3,4,1,0.9,755,7.1,2,60.5,38,43,13.4,0.0,0,4,8.2,51.2,22,60,4.3,60,34.9,1,14,,,,,25.4,70.0,79.0,,67.8,,,67.3,,1,1,66,16.7,75.0,16.7,10,7,0,4,2,2,3.0,252,5.9
Josh Johnson,4474,QB,TB,5,154,65.5,55,63,9.4,0.0,5,5,7.7,50.8,32,35,11.1,68,44.2,4,23,,,,,82.5,68.7,79.3,,68.2,,,59.0,,3,5,71,11.4,55.7,5.9,4,1,0,0,3,5,7.0,431,6.8,0,30,45.6,50.3,49.2,60.6,55.7,61,62,8.2,0.0,1,2,3.0,50.0,31,26,8.8,86,55.8,3,16,,,,,27.9,38.9,80.3,,34.2,,,64.9,,0,3,95,26.9,46.0,8.1,7,17,0,0,1,4,4.2,254,4.1,69.3,75,81,8.0,0.0,6,5,5.7,58.0,47,0,9.6,93,60.4,5,25,,,,,63.9,67.7,80.5,,70.1,,,51.4,,0,3,100,,75.6,0.0,0,12,0,0,4,3,3.0,470,5.8,1,43.9,41,44,10.1,0.0,0,2,4.4,36.4,16,61,11.1,61,39.6,2,14,,,,,28.9,30.7,79.0,,27.8,,,77.8,,3,5,66,18.0,13.2,18.0,11,6,0,0,0,6,9.1,215,4.9
Daunte Culpepper,446,QB,DET,7,144,54.8,31,38,11.5,0.0,2,1,2.4,42.1,16,24,5.9,49,34.0,1,12,,,,,47.8,35.9,0.0,,33.6,,,82.9,,1,1,53,37.5,45.4,18.4,9,2,0,4,0,3,5.7,175,4.6,0,11,72.9,46.1,44.4,66.8,66.7,84,85,10.1,0.0,1,1,1.1,58.8,50,22,10.7,95,66.0,6,25,,,,,84.8,55.0,80.5,,55.1,,,58.7,,0,4,99,13.6,60.3,3.2,3,7,0,0,1,3,3.0,508,6.0,66.7,90,93,10.0,0.0,2,1,1.0,59.1,55,0,8.3,98,68.1,5,27,,,,,85.1,58.5,80.6,,57.4,,,65.0,,0,1,102,,74.9,0.0,0,5,0,1,1,1,1.0,545,5.9,2,52.0,25,30,12.5,0.0,1,1,2.9,36.7,11,46,15.4,46,31.9,2,10,,,,,45.4,29.4,0.0,,28.8,,,72.0,,1,4,50,26.1,12.2,26.1,12,4,0,3,0,5,10.0,138,4.6
Seneca Wallace,1422,QB,SEA,8,133,62.5,32,33,7.2,0.0,0,1,2.9,57.6,19,13,5.0,38,28.6,1,9,,,,,78.9,45.6,0.0,,51.6,,,55.7,,0,0,39,30.8,92.9,10.5,4,1,0,1,2,1,2.6,179,5.4,0,29,56.5,51.4,54.9,33.4,76.8,82,86,7.9,0.0,4,2,2.2,67.4,58,23,7.9,95,71.4,5,30,,,,68.3,63.8,60.6,80.7,,57.8,92.5,,54.3,,0,2,98,21.7,76.9,5.3,5,4,0,0,1,1,1.0,504,5.9,75.0,92,95,7.1,0.0,3,3,3.0,69.5,66,0,4.3,97,72.9,3,36,,,,68.3,85.1,68.9,80.8,,65.2,92.5,,59.2,,0,0,101,,96.2,0.0,0,2,0,0,3,0,0.0,586,6.2,2,63.6,22,24,10.2,0.0,1,0,0.0,45.8,11,36,21.4,36,27.1,3,3,,,,,34.3,27.7,0.0,,31.9,,,48.7,,0,2,36,25.0,22.4,25.0,9,3,0,1,0,2,5.6,97,4.0
Chris Redman,635,QB,ATL,3,128,69.7,33,36,9.1,0.0,1,2,5.0,61.1,22,13,4.3,40,31.3,1,16,,,,,79.6,52.2,77.5,,52.7,,,,,2,2,44,30.8,91.4,10.0,4,0,0,0,3,2,4.5,292,8.1,0,2,64.4,53.1,54.5,41.7,68.1,72,83,9.6,0.0,4,1,1.2,56.6,47,21,4.1,88,68.8,2,24,,,,,52.4,56.5,80.2,,56.9,,,58.3,,3,1,91,19.0,72.8,4.5,4,1,2,2,1,2,2.2,489,5.9,69.4,85,93,8.7,0.0,4,3,3.1,61.3,57,0,3.4,94,73.4,2,31,,,,,84.9,60.9,80.5,,61.0,,,58.3,,0,1,99,,92.4,0.0,0,1,2,2,4,2,2.0,655,7.0,0,65.0,20,26,12.6,0.0,1,0,0.0,46.2,12,34,7.7,34,26.6,1,9,,,,,27.6,41.5,76.8,,42.8,,,,,5,2,36,23.5,28.7,23.5,8,0,0,0,0,2,5.6,126,4.8
Matt Moore,4018,QB,CAR,6,124,58.8,34,37,10.8,0.0,0,2,4.9,54.1,20,18,0.0,42,33.9,0,13,,,,,79.9,58.2,77.7,,55.0,,,74.0,,2,0,46,16.7,91.3,7.1,3,2,0,1,2,3,6.5,232,6.3,0,5,87.4,57.1,58.7,50.4,70.7,75,78,8.7,0.0,1,5,6.2,65.4,51,25,3.8,82,66.1,2,31,,,,,83.7,61.7,79.9,,61.4,,,,,1,2,85,16.0,101.0,4.9,4,0,0,1,5,0,0.0,631,8.1,72.8,81,81,9.8,0.0,0,6,7.0,70.4,57,0,3.4,81,65.3,2,36,,,,,83.9,76.6,80.0,,75.1,,,,,0,2,86,,112.0,0.0,0,0,0,0,6,0,0.0,716,8.8,2,50.0,28,34,8.1,0.0,1,1,2.8,41.2,14,43,0.0,43,34.7,0,8,,,,,79.6,30.5,77.6,,29.3,,,74.0,,3,0,45,16.3,64.2,16.3,7,2,0,2,1,3,6.7,147,4.3
Byron Leftwich,1323,QB,TB,3,111,66.7,45,53,9.9,0.0,0,2,3.5,43.4,23,22,23.3,54,48.6,7,15,,,,,81.4,74.8,78.6,,73.4,,,,,3,1,59,4.5,64.5,1.9,1,0,0,5,2,0,0.0,274,5.2,0,30,86.3,63.9,64.7,47.0,73.6,53,54,9.3,0.0,0,2,3.6,64.8,35,18,10.3,57,51.4,4,14,,,,,81.4,53.5,78.6,,54.6,,,54.7,,1,2,59,5.6,77.9,1.8,1,2,0,0,2,3,5.1,322,6.0,75.7,70,70,8.9,0.0,0,3,4.0,62.9,44,0,17.0,71,64.0,9,21,,,,,83.1,73.5,79.5,,72.8,,,58.3,,0,1,76,,90.4,0.0,0,1,0,0,3,0,0.0,463,6.6,0,57.1,28,37,11.3,0.0,0,1,2.6,37.8,14,40,12.5,40,36.0,2,8,,,,,79.3,47.6,77.4,,48.7,,,58.3,,4,2,42,5.0,35.1,5.0,2,1,0,5,1,3,7.1,133,3.6
Keith Null,5120,QB,SL,3,110,63.6,33,35,9.3,0.0,0,0,0.0,57.1,20,13,4.8,41,37.3,1,7,,,,,79.3,49.1,77.3,,49.7,,,,,0,3,42,46.2,42.1,14.6,6,0,0,2,1,3,7.1,156,4.5,0,26,58.9,55.2,55.8,54.0,72.7,66,67,5.2,0.0,1,0,0.0,68.7,46,13,4.2,69,62.7,2,20,,,,,44.6,61.3,79.3,,61.0,,,,,0,6,71,15.4,54.2,2.9,2,0,0,0,2,3,4.2,358,5.3,71.6,81,84,6.5,0.0,1,0,0.0,65.5,55,0,5.2,84,76.4,3,24,,,,,51.1,64.1,80.0,,63.6,,,,,0,6,87,,61.1,0.0,0,0,0,2,3,4,4.6,450,5.4,1,61.1,18,18,6.7,0.0,0,0,0.0,61.1,11,26,0.0,26,23.6,0,3,,,,,76.6,36.2,75.6,,37.8,,,,,0,3,26,30.8,28.2,30.8,8,0,0,0,0,2,7.7,64,3.6
Kevin Kolb,3652,QB,PHI,3,101,57.7,26,28,12.1,0.0,2,1,3.6,53.6,15,10,0.0,30,29.7,0,11,,,,,77.4,48.3,76.1,,49.1,,,,,0,3,30,20.0,68.2,6.7,2,0,0,0,2,1,3.3,250,8.9,0,24,65.2,53.2,54.8,45.0,80.6,62,68,5.7,0.0,1,2,2.9,69.1,47,13,6.0,71,70.3,3,20,,,,,56.5,58.5,79.5,,59.6,59.0,,55.7,,2,0,73,15.4,99.6,2.8,2,1,0,3,2,0,0.0,491,7.2,76.7,73,76,7.3,0.0,3,3,3.9,69.7,53,0,5.4,78,77.2,3,26,,,,,83.3,61.8,79.7,,62.6,59.0,,55.7,,0,2,79,,99.8,1.3,1,1,0,0,3,1,1.3,683,9.0,0,60.0,15,20,9.0,0.0,0,0,0.0,45.0,9,23,0.0,23,22.8,0,5,,,,,28.0,35.9,75.4,,37.8,,,,,2,1,24,13.0,47.9,13.0,3,0,0,3,1,0,0.0,58,2.9
Chad Pennington,596,QB,MIA,3,81,88.9,9,12,9.6,0.0,0,0,0.0,58.3,7,4,12.5,12,14.8,1,4,,,,,72.4,73.4,72.9,,72.2,,,,,1,0,12,0.0,64.6,0.0,0,0,0,2,0,0,0.0,40,3.3,0,17,50.1,74.1,72.9,58.8,85.2,54,62,8.1,0.0,2,0,0.0,71.0,44,18,4.3,69,85.2,2,25,,,,,44.6,72.6,79.3,,70.9,,,62.6,,1,2,72,33.3,78.2,8.7,6,1,2,3,1,2,2.8,373,6.0,86.8,53,59,8.4,0.0,2,0,0.0,74.6,44,0,4.3,59,72.8,2,25,,,,,81.6,85.1,78.7,,82.9,,,,,0,1,61,,89.0,0.0,0,0,2,2,1,0,0.0,371,6.3,0,80.0,10,15,8.0,0.0,0,0,0.0,46.7,7,22,12.5,22,27.2,1,4,,,,,24.0,43.1,75.2,,41.7,,,62.6,,2,1,23,27.3,25.7,27.3,6,1,0,3,0,2,8.7,42,2.8
Charlie Frye,2284,QB,OAK,2,68,67.6,34,37,6.7,0.0,0,1,2.5,56.8,21,21,8.7,41,60.3,2,11,,,,,79.6,41.5,77.5,,43.1,,,58.3,,2,4,44,14.3,34.1,7.3,3,1,0,1,0,4,9.1,216,5.8,0,23,83.0,51.4,52.1,59.1,63.6,22,25,12.0,0.0,1,2,7.1,56.0,14,9,0.0,27,39.7,0,9,,,,,77.4,63.7,0.0,,66.2,,,58.3,,0,0,30,11.1,79.6,3.7,1,1,0,2,0,0,0.0,185,7.4,69.4,36,37,8.5,0.0,1,2,5.3,64.9,24,0,4.0,38,55.9,1,15,,,,,78.9,63.8,77.1,,64.0,,,58.3,,0,2,39,,64.2,0.0,0,1,0,0,0,2,5.1,272,7.4,2,60.0,20,25,9.2,0.0,0,1,3.3,44.0,11,30,8.3,30,44.1,1,5,,,,,78.3,35.6,0.0,,39.7,,,58.3,,2,2,35,13.3,26.9,13.3,4,1,0,3,0,2,5.7,129,5.2
Drew Stanton,3659,QB,DET,3,62,81.0,21,21,10.5,0.0,0,0,0.0,76.2,16,11,5.9,23,37.1,1,8,,,,,76.1,74.9,75.3,,73.6,,,,,0,2,24,18.2,57.1,8.7,2,0,0,0,0,1,4.2,157,7.5,0,11,82.4,37.9,39.0,50.3,46.4,28,30,9.1,0.0,0,0,0.0,33.3,10,9,23.1,39,62.9,3,6,,,,,79.0,25.7,77.3,,26.2,,,52.6,,0,4,41,33.3,4.4,7.7,3,6,0,2,0,4,9.8,102,3.4,63.9,36,38,8.1,0.0,0,0,0.0,55.3,21,0,8.7,42,67.7,2,11,,,,,79.8,37.0,77.6,,39.2,,,52.6,,0,4,45,,30.3,0.0,0,4,0,2,0,4,8.9,198,5.2,0,53.8,13,13,14.2,0.0,0,0,0.0,38.5,5,20,28.6,20,32.3,2,3,,,,,74.8,48.0,74.7,,48.6,,,58.3,,0,2,20,25.0,14.1,25.0,5,2,0,0,0,1,5.0,61,4.7
Matt Leinart,2955,QB,ARZ,6,58,62.5,16,17,8.9,0.0,0,0,0.0,47.1,8,8,20.0,18,31.0,2,5,,,,,74.5,58.8,74.3,,58.8,,,,,1,1,18,12.5,37.6,5.6,1,0,0,0,0,1,5.6,85,5.0,0,1,82.7,61.0,66.1,40.6,79.5,39,39,7.0,0.0,0,2,5.0,76.9,30,13,3.2,40,69.0,1,10,,,,,79.2,69.8,77.3,,68.9,,,,,0,0,41,7.7,93.6,2.5,1,0,0,0,0,0,0.0,257,6.6,75.7,37,37,7.6,0.0,0,1,2.7,70.3,26,0,7.1,37,63.8,2,7,,,,,78.6,55.8,76.9,,56.0,,,,,0,1,37,,73.0,0.0,0,0,0,0,0,1,2.7,210,5.7,0,72.2,18,19,7.3,0.0,0,1,5.0,63.2,12,21,7.7,21,36.2,1,8,,,,,75.6,81.0,75.0,,79.2,,,,,1,0,22,9.5,83.7,9.5,2,0,0,0,0,0,0.0,132,6.9
Brodie Croyle,3030,QB,KC,3,42,57.1,7,7,6.4,0.0,0,0,0.0,57.1,4,3,0.0,7,16.7,0,2,,,,,70.3,72.0,71.5,,70.9,,,,,0,0,8,0.0,101.8,0.0,0,0,0,0,2,0,0.0,20,2.9,0,16,79.5,72.5,71.2,,75.9,29,32,8.6,0.0,1,1,3.0,59.4,19,13,13.6,35,83.3,3,8,,,,,78.3,69.8,76.8,,68.9,,,,,0,0,36,23.1,78.9,8.6,3,0,0,2,0,0,0.0,210,6.6,83.3,24,26,5.5,0.0,1,0,0.0,65.4,17,0,15.0,26,61.9,3,7,,,,,76.8,68.8,75.8,,67.9,,,,,0,0,27,,92.3,0.0,0,0,0,1,1,0,0.0,143,5.5,0,50.0,12,13,13.6,0.0,0,1,7.1,46.2,6,16,0.0,16,38.1,0,3,,,,,73.9,71.9,74.1,,70.8,,,,,0,0,17,18.8,94.1,18.8,3,0,0,1,1,0,0.0,87,6.7
David Carr,1009,QB,NYG,5,34,100.0,2,2,6.0,0.0,0,0,0.0,100.0,2,1,0.0,3,8.8,0,1,,,,,65.5,51.1,68.2,,51.8,,,,,0,0,3,100.0,93.8,33.3,1,0,0,0,0,0,0.0,13,6.5,0,21,79.3,51.3,51.8,54.0,70.8,24,26,9.7,0.0,1,0,0.0,61.5,16,6,5.9,31,91.2,1,11,,,,,77.9,56.2,76.5,,53.3,,,67.7,,0,0,33,16.7,96.0,3.2,1,4,1,0,1,0,0.0,186,7.2,73.9,23,25,8.3,0.0,1,0,0.0,68.0,17,0,0.0,27,79.4,0,10,,,,,77.0,52.7,75.9,,50.9,,,66.0,,0,0,28,,85.8,0.0,0,2,1,0,0,0,0.0,162,6.5,1,66.7,3,3,17.7,0.0,0,0,0.0,33.3,1,7,50.0,7,20.6,1,2,,,,,70.3,61.5,71.5,,59.1,,,62.9,,0,0,8,28.6,120.8,28.6,2,2,0,0,1,0,0.0,37,12.3
Kellen Clemens,2994,QB,NYJ,3,32,28.6,7,7,7.0,0.0,0,0,0.0,28.6,2,4,0.0,8,25.0,0,0,,,,,69.6,25.8,71.5,,26.9,,,,,0,0,8,25.0,39.6,12.5,1,0,0,0,0,1,12.5,9,1.3,0,22,79.0,49.3,52.3,47.8,70.6,17,19,10.3,0.0,0,1,5.3,57.9,11,5,8.3,24,75.0,1,7,,,,,76.1,72.9,75.3,,70.1,,,66.4,,0,0,24,60.0,75.8,12.5,3,2,1,1,0,0,0.0,116,6.1,63.2,19,21,10.3,0.0,0,1,4.8,52.4,11,0,8.3,23,71.9,1,6,,,,,75.9,68.2,75.2,,65.5,,,66.4,,0,0,23,,64.6,0.0,0,2,1,1,0,0,0.0,95,4.5,1,40.0,5,5,5.8,0.0,0,0,0.0,40.0,2,9,0.0,9,28.1,0,1,,,,,70.3,28.1,71.9,,29.0,,,,,0,0,9,44.4,60.4,44.4,4,0,0,0,0,1,11.1,30,6.0
Brian Brohm,4370,QB,BUF,1,31,63.6,11,13,9.1,0.0,1,0,0.0,53.8,7,8,0.0,14,45.2,0,2,,,,,73.2,47.2,73.5,,48.1,,,,,0,1,14,12.5,34.5,7.1,1,0,0,1,0,0,0.0,61,4.7,0,4,77.7,50.2,52.3,,80.0,15,16,4.1,0.0,0,0,0.0,62.5,10,4,16.7,17,54.8,2,6,,,,,74.5,59.4,74.3,,59.3,,,,,1,1,18,25.0,50.3,5.9,1,0,0,0,0,1,5.6,85,5.3,77.8,18,19,4.5,0.0,1,0,0.0,63.2,12,0,14.3,19,61.3,2,6,,,,,74.8,51.4,74.5,,51.9,,,,,0,2,19,,37.7,0.0,0,0,0,0,0,1,5.3,103,5.4,1,62.5,8,10,10.1,0.0,0,0,0.0,50.0,5,12,0.0,12,38.7,0,2,,,,,72.8,56.1,73.2,,56.2,,,,,1,0,13,16.7,61.7,16.7,2,0,0,1,0,0,0.0,43,4.3
Dennis Dixon,4470,QB,PIT,1,26,50.0,10,12,9.1,0.0,2,0,0.0,41.7,5,5,0.0,12,46.2,0,4,,,,,73.5,44.1,73.7,,42.1,,,63.3,,0,1,15,0.0,24.7,0.0,0,0,0,0,0,1,6.7,65,5.4,0,25,78.1,39.3,37.6,58.2,50.0,14,14,12.9,0.0,0,0,0.0,50.0,7,3,0.0,14,53.8,0,2,,,,,73.5,40.6,73.7,,42.1,,,,,0,0,15,0.0,91.4,0.0,0,0,0,0,1,1,6.7,80,5.7,58.8,17,18,10.8,0.0,1,0,0.0,55.6,10,0,0.0,18,69.2,0,5,,,,,74.5,39.2,74.3,,40.7,,,,,0,1,18,,50.7,0.0,0,0,0,0,0,1,5.6,110,6.1,0,28.6,7,8,12.7,0.0,1,0,0.0,25.0,2,8,0.0,8,30.8,0,1,,,,,72.4,46.5,72.9,,43.8,,,63.3,,0,0,12,0.0,84.9,0.0,0,0,0,0,1,1,8.3,35,4.4
Todd Collins,131,QB,WAS,3,25,75.0,4,5,10.3,0.0,0,0,0.0,40.0,2,3,33.3,5,20.0,1,1,,,,,68.9,68.1,70.6,,67.3,,,,,1,0,6,0.0,47.9,0.0,0,0,0,0,0,0,0.0,11,2.2,0,32,25.2,64.5,66.2,,78.6,14,18,9.3,0.0,2,2,11.1,55.6,10,10,9.1,20,80.0,1,3,,,,,23.3,64.4,74.7,,63.9,,,,,0,0,20,20.0,79.2,10.0,2,0,0,2,0,1,5.0,133,7.4,77.8,9,12,10.9,0.0,2,1,7.7,50.0,6,0,14.3,12,48.0,1,3,,,,,72.8,76.1,73.2,,74.7,,,,,0,0,13,,67.7,0.0,0,0,0,1,0,0,0.0,69,5.8,1,77.8,9,11,8.1,0.0,0,1,9.1,54.5,6,13,14.3,13,52.0,1,1,,,,,20.5,54.0,73.2,,54.3,,,,,1,0,13,15.4,75.9,15.4,2,0,0,1,0,1,7.7,75,6.8
Chris Simms,1411,QB,DEN,2,22,33.3,3,5,19.3,0.0,1,0,0.0,20.0,1,4,0.0,7,31.8,0,0,,,,,69.6,30.0,71.5,,32.0,,,,,1,1,8,50.0,0.0,28.6,2,0,0,0,0,1,12.5,7,1.4,0,10,76.8,29.1,29.5,49.6,55.6,9,12,6.2,0.0,0,0,0.0,33.3,4,8,20.0,15,68.2,1,1,,,,,73.9,35.8,73.9,,37.5,,,,,2,0,16,37.5,42.4,20.0,3,0,0,1,0,0,0.0,16,1.3,66.7,9,10,9.3,0.0,1,0,0.0,50.0,5,0,16.7,10,45.5,1,1,,,,,72.4,29.9,72.9,,32.0,,,,,0,1,12,,16.7,0.0,0,0,0,0,0,1,8.3,23,2.3,0,0.0,3,7,10.0,0.0,0,0,0.0,0.0,0,12,,12,54.5,0,0,,,,,71.9,38.6,72.9,,39.9,,,,,3,0,12,41.7,39.6,41.7,5,0,0,1,0,0,0.0,0,0.0
Brian Hoyer,5277,QB,NE,3,18,0.0,2,2,15.5,0.0,0,0,0.0,0.0,0,0,,3,16.7,0,1,,,,,65.5,61.6,68.2,,51.1,,,65.9,,0,0,3,,39.6,0.0,0,1,0,0,0,0,0.0,0,0.0,0,19,77.0,49.0,56.2,46.0,92.3,13,13,1.8,0.0,0,0,0.0,84.6,11,1,8.3,15,83.3,1,4,,,,,73.5,58.6,73.7,,60.1,,,58.3,,0,0,15,100.0,89.4,6.7,1,1,0,0,0,0,0.0,71,5.5,80.0,15,15,3.7,0.0,0,0,0.0,73.3,11,0,8.3,17,94.4,1,5,,,,,74.2,60.4,74.1,,57.0,,,66.1,,0,0,17,,82.9,0.0,0,2,0,0,0,0,0.0,71,4.7,0,,0,0,,0.0,0,0,,,0,1,,1,5.6,0,0,,,,,60.4,59.9,64.6,,60.0,,,,,0,0,1,100.0,0.0,100.0,1,0,0,0,0,0,0.0,0,
Tarvaris Jackson,3009,QB,MIN,5,16,87.5,8,8,4.6,0.0,0,0,0.0,75.0,6,4,14.3,8,50.0,1,4,,,,,71.9,67.1,72.6,,66.4,,,,,0,0,11,0.0,107.8,0.0,0,0,0,0,0,0,0.0,83,10.4,0,18,78.7,46.3,62.2,35.2,71.4,7,7,5.6,0.0,0,0,0.0,57.1,4,0,20.0,8,50.0,1,3,,,,,70.3,53.3,71.5,,55.6,,,57.9,,0,0,8,,134.5,0.0,0,1,0,0,1,0,0.0,76,10.9,72.7,11,11,5.8,0.0,0,0,0.0,63.6,7,0,12.5,12,75.0,1,5,,,,,73.2,57.2,73.5,,58.8,,,57.9,,0,0,14,,129.0,0.0,0,1,0,0,1,0,0.0,115,10.5,0,100.0,4,4,3.0,0.0,0,0,0.0,75.0,3,4,25.0,4,25.0,1,2,,,,,68.0,68.6,69.9,,67.8,,,,,0,0,5,0.0,110.4,0.0,0,0,0,0,0,0,0.0,44,11.0
Michael Vick,773,QB,PHI,8,15,60.0,5,5,15.2,0.0,0,0,0.0,40.0,2,2,33.3,5,33.3,1,1,,,,,68.9,62.6,70.6,,62.3,,,,,0,0,6,0.0,87.5,0.0,0,0,0,0,1,0,0.0,5,1.0,0,24,80.1,59.2,64.9,55.3,57.1,7,8,12.9,0.0,0,1,12.5,50.0,4,2,0.0,10,66.7,0,3,,,,,71.4,58.2,73.1,,65.1,57.4,,51.1,,1,0,10,0.0,85.9,0.0,0,2,0,0,0,0,0.0,81,10.1,50.0,10,10,16.5,0.0,0,1,9.1,40.0,4,0,20.0,11,73.3,1,3,,,,,72.4,61.9,73.1,,65.7,58.0,,55.7,,0,0,12,,69.2,0.0,0,1,0,0,0,0,0.0,81,8.1,0,100.0,2,3,0.5,0.0,0,0,0.0,66.7,2,4,0.0,4,26.7,0,1,,,,,66.9,55.8,70.6,,59.2,59.9,,58.3,,1,0,4,0.0,109.7,0.0,0,1,0,0,1,0,0.0,5,1.7
Curtis Painter,5125,QB,IND,1,14,42.9,7,8,8.7,0.0,0,0,0.0,25.0,2,5,33.3,10,71.4,1,0,,,,,71.4,55.7,72.3,,60.5,,,55.3,,0,0,10,20.0,39.6,10.0,1,1,0,1,0,0,0.0,16,2.0,0,14,72.8,49.1,52.9,55.3,66.7,3,3,9.7,0.0,0,0,0.0,66.7,2,1,0.0,4,28.6,0,1,,,,,65.5,44.3,69.2,,45.6,,,,,0,1,4,100.0,56.9,25.0,1,0,0,0,0,1,25.0,28,9.3,50.0,8,8,7.4,0.0,0,0,0.0,37.5,3,0,25.0,8,57.1,1,1,,,,,70.3,45.4,71.5,,46.5,,,,,0,1,8,,13.0,0.0,0,0,0,0,0,1,12.5,37,4.6,0,50.0,2,3,15.5,0.0,0,0,0.0,33.3,1,6,0.0,6,42.9,0,0,,,,,68.0,59.5,70.6,,66.7,,,55.3,,0,0,6,33.3,42.4,33.3,2,1,0,1,0,0,0.0,7,2.3
Rex Grossman,1338,QB,HST,1,10,0.0,1,1,7.0,0.0,0,0,0.0,0.0,0,0,,1,10.0,0,0,,,,,60.4,44.0,64.6,,45.7,,,,,0,0,1,,39.6,0.0,0,0,0,0,0,0,0.0,0,0.0,0,13,23.8,34.8,50.9,33.0,60.0,5,8,12.8,0.0,1,0,0.0,37.5,3,4,0.0,9,90.0,0,1,,,,,70.9,56.5,71.9,,58.5,,,58.3,,1,1,9,0.0,10.9,0.0,0,1,0,1,0,0,0.0,33,4.1,50.0,4,5,9.8,0.0,1,0,0.0,40.0,2,0,0.0,6,60.0,0,1,,,,,68.9,54.5,70.6,,56.9,,,58.3,,0,0,6,,58.8,0.0,0,1,0,0,0,0,0.0,28,5.6,0,50.0,2,4,16.0,0.0,0,0,0.0,25.0,1,4,0.0,4,40.0,0,0,,,,,66.9,48.2,69.2,,49.1,,,,,1,1,4,0.0,0.0,0.0,0,0,0,1,0,0,0.0,5,1.3
Troy Smith,3790,QB,BLT,3,10,66.7,3,3,2.7,0.0,0,0,0.0,66.7,2,0,0.0,3,30.0,0,0,,,,,65.5,59.7,69.0,,62.2,57.1,,,,0,0,3,,70.1,0.0,0,0,0,0,0,0,0.0,5,1.7,0,3,75.1,50.9,62.1,46.8,50.0,6,6,10.8,0.0,0,0,0.0,50.0,3,1,0.0,7,70.0,0,1,,,,,69.6,54.7,71.6,,61.0,55.9,,55.7,,0,1,7,0.0,17.4,0.0,0,1,0,0,0,0,0.0,19,3.2,55.6,9,9,8.1,0.0,0,0,0.0,55.6,5,0,0.0,9,90.0,0,1,,,,,70.9,60.3,72.0,,62.1,56.0,,,,0,1,9,,21.3,0.0,0,0,0,0,0,0,0.0,24,2.7,0,,0,0,,0.0,0,0,,,0,1,,1,10.0,0,0,,,,,60.4,47.8,67.5,,,57.4,,55.7,,0,0,1,0.0,0.0,0.0,0,1,0,0,0,0,0.0,0,
Matt Flynn,4523,QB,GB,3,9,100.0,1,1,4.0,0.0,0,0,0.0,100.0,1,0,0.0,1,11.1,0,1,,,,,63.6,60.6,66.9,,60.5,,,,,0,0,2,,116.7,0.0,0,0,0,0,0,0,0.0,12,12.0,0,12,72.7,57.8,61.9,50.7,62.5,8,8,10.4,0.0,0,0,0.0,62.5,5,2,0.0,8,88.9,0,2,,,,,70.3,62.3,71.5,,62.0,,,,,0,0,8,0.0,74.5,0.0,0,0,0,0,0,0,0.0,39,4.9,57.1,7,7,10.9,0.0,0,0,0.0,57.1,4,0,0.0,7,77.8,0,2,,,,,69.6,55.2,71.1,,55.5,,,,,0,0,7,,68.2,0.0,0,0,0,0,0,0,0.0,31,4.4,0,100.0,2,2,5.5,0.0,0,0,0.0,100.0,2,2,0.0,2,22.2,0,1,,,,,65.5,71.0,68.2,,69.9,,,,,0,0,3,0.0,108.3,0.0,0,0,0,0,0,0,0.0,20,10.0
Josh McCown,1085,QB,CAR,1,7,50.0,2,2,1.0,0.0,0,0,0.0,50.0,1,0,0.0,2,28.6,0,0,,,,,63.6,53.7,66.9,,54.4,,,,,0,0,2,,56.3,0.0,0,0,0,0,0,0,0.0,2,1.0,0,5,69.6,27.3,28.3,,0.0,4,4,5.3,0.0,0,0,0.0,0.0,0,2,,5,71.4,0,0,,,,,68.0,27.0,69.9,,28.1,,,,,0,0,5,50.0,39.6,20.0,1,0,0,0,0,1,20.0,0,0.0,20.0,5,5,2.6,0.0,0,0,0.0,20.0,1,0,0.0,5,71.4,0,0,,,,,68.0,50.9,69.9,,51.6,,,,,0,0,5,,39.6,0.0,0,0,0,0,0,0,0.0,2,0.4,0,0.0,1,1,10.0,0.0,0,0,0.0,0.0,0,2,,2,28.6,0,0,,,,,63.6,23.9,66.9,,25.5,,,,,0,0,2,50.0,39.6,50.0,1,0,0,0,0,1,50.0,0,0.0
Caleb Hanie,4674,QB,CHI,2,7,0.0,1,1,2.0,0.0,0,0,0.0,0.0,0,1,,1,14.3,0,0,,,,,60.4,56.1,64.6,,57.2,,,,,0,1,1,0.0,0.0,0.0,0,0,0,0,0,0,0.0,0,0.0,0,6,69.6,51.5,51.7,,80.0,5,6,8.0,0.0,0,0,0.0,50.0,3,1,25.0,6,85.7,1,0,,,,,68.9,55.4,70.6,,55.7,,,,,1,0,6,0.0,56.3,0.0,0,0,0,0,0,0,0.0,11,1.8,80.0,5,5,8.0,0.0,0,0,0.0,60.0,3,0,25.0,5,71.4,1,0,,,,,68.0,56.9,69.9,,57.1,,,,,0,0,5,,64.6,0.0,0,0,0,0,0,0,0.0,11,2.2,0,0.0,1,2,2.0,0.0,0,0,0.0,0.0,0,2,,2,28.6,0,0,,,,,63.6,50.1,66.9,,51.2,,,,,1,1,2,0.0,0.0,0.0,0,0,0,0,0,0,0.0,0,0.0
Ronnie Brown,2219,HB,MIA,4,7,100.0,4,6,13.0,0.0,1,0,0.0,33.3,2,5,50.0,7,100.0,2,2,,,,70.5,71.3,71.6,75.7,,73.0,57.3,,,,0,0,7,20.0,84.7,14.3,1,0,0,1,1,0,0.0,22,3.7,0,17,75.6,60.7,73.0,56.2,,0,0,,,0,0,,,0,0,,0,0.0,0,0,,,,63.2,72.3,60.0,77.1,,,59.8,,,,0,0,0,,0.0,,0,0,0,0,0,0,,0,,100.0,2,2,11.5,0.0,0,0,0.0,50.0,1,0,50.0,2,28.6,1,1,,,,61.8,72.7,65.6,77.2,,70.5,54.8,,,,0,0,2,,87.5,0.0,0,0,0,0,0,0,0.0,21,10.5,0,100.0,2,4,14.5,0.0,1,0,0.0,25.0,1,5,50.0,5,71.4,1,1,,,,72.1,70.7,62.3,75.7,,68.0,67.3,,,,0,0,5,20.0,79.2,20.0,1,0,0,1,1,0,0.0,1,0.3
Luke McCown,1827,QB,JAX,2,5,,0,0,,0.0,0,0,,,0,1,,1,20.0,0,0,,,,,60.4,59.9,64.6,,60.0,,,,,0,0,1,100.0,0.0,100.0,1,0,0,0,0,0,0.0,0,,0,15,68.9,49.4,49.9,,33.3,3,3,6.3,0.0,0,0,0.0,33.3,1,1,0.0,4,80.0,0,0,,,,,68.0,50.2,69.9,,50.9,,,,,0,0,5,100.0,42.4,25.0,1,0,0,0,0,0,0.0,2,0.7,33.3,3,3,6.3,0.0,0,0,0.0,33.3,1,0,0.0,3,60.0,0,0,,,,,65.5,49.1,68.2,,50.0,,,,,0,0,3,,42.4,0.0,0,0,0,0,0,0,0.0,2,0.7,0,,0,0,,0.0,0,0,0.0,,0,2,,2,40.0,0,0,,,,,65.5,56.2,68.2,,56.5,,,,,0,0,3,100.0,0.0,100.0,2,0,0,0,0,0,0.0,0,
J.T. O'Sullivan,1169,QB,CIN,2,4,,0,0,,,0,0,,,0,0,,0,0.0,0,0,,,,,,,,,,,,,,0,0,0,,0.0,,0,0,0,0,0,0,,0,,0,7,68.4,55.0,62.3,52.1,33.3,3,3,1.0,0.0,0,0,0.0,33.3,1,0,0.0,4,100.0,0,0,,,,,66.9,58.9,69.2,,62.3,,,58.3,,0,0,4,,42.4,0.0,0,1,0,0,0,0,0.0,9,3.0,33.3,3,3,1.0,0.0,0,0,0.0,33.3,1,0,0.0,4,100.0,0,0,,,,,66.9,58.9,69.2,,62.3,,,58.3,,0,0,4,,42.4,0.0,0,1,0,0,0,0,0.0,9,3.0,0,,0,0,,,0,0,,,0,0,,0,0.0,0,0,,,,,,,,,,,,,,0,0,0,,0.0,,0,0,0,0,0,0,,0,
Joshua Cribbs,2544,WR,CLV,3,4,50.0,4,4,12.3,0.0,0,0,0.0,25.0,1,1,50.0,4,100.0,1,1,,,,38.7,16.0,40.7,78.2,,43.2,44.8,,,,0,1,4,0.0,6.3,0.0,0,0,0,0,0,1,25.0,18,4.5,0,8,25.6,61.3,43.2,71.9,,0,0,,,0,0,,,0,0,,0,0.0,0,0,,,,63.2,72.3,58.9,79.3,,,58.7,,,,0,0,0,,0.0,,0,0,0,0,0,0,,0,,66.7,3,3,15.7,0.0,0,0,0.0,33.3,1,0,50.0,3,75.0,1,1,,,,43.5,28.1,54.5,79.6,,69.8,53.0,,,,0,0,3,,54.9,0.0,0,0,0,0,0,0,0.0,18,6.0,0,0.0,1,1,2.0,0.0,0,0,0.0,0.0,0,1,,1,25.0,0,0,,,,72.1,16.1,43.1,77.8,,45.5,52.0,,,,0,1,1,0.0,0.0,0.0,0,0,0,0,0,1,100.0,0,0.0
Pat White,4967,QB,MIA,3,3,,0,0,,,0,0,,,0,0,,0,0.0,0,0,,,,,,,,,,,,,,0,0,0,,0.0,,0,0,0,0,0,0,,0,,0,17,28.5,35.4,43.9,40.6,0.0,3,3,21.0,0.0,0,0,0.0,0.0,0,1,,3,100.0,0,0,,,,,65.5,42.4,68.2,,43.9,,,,,0,0,3,0.0,39.6,0.0,0,0,0,0,0,0,0.0,0,0.0,0.0,2,2,24.5,0.0,0,0,0.0,0.0,0,0,,2,66.7,0,0,,,,,63.6,53.9,66.9,,54.5,,,,,0,0,2,,39.6,0.0,0,0,0,0,0,0,0.0,0,0.0,0,0.0,1,1,14.0,0.0,0,0,0.0,0.0,0,1,,1,33.3,0,0,,,,,60.4,45.0,64.6,,46.6,,,,,0,0,1,0.0,39.6,0.0,0,0,0,0,0,0,0.0,0,0.0
Charlie Batch,367,QB,PIT,1,2,0.0,1,1,2.0,0.0,0,0,0.0,0.0,0,1,,1,50.0,0,0,,,,,60.4,60.4,64.6,,60.2,,,,,0,0,1,0.0,39.6,0.0,0,0,0,0,0,0,0.0,0,0.0,0,25,63.6,73.2,71.8,,100.0,1,1,17.0,0.0,0,0,0.0,100.0,1,0,0.0,1,50.0,0,1,,,,,60.4,72.3,64.6,,70.9,,,,,0,0,1,,118.8,0.0,0,0,0,0,0,0,0.0,17,17.0,100.0,1,1,17.0,0.0,0,0,0.0,100.0,1,0,0.0,1,50.0,0,1,,,,,60.4,72.3,64.6,,70.9,,,,,0,0,1,,118.8,0.0,0,0,0,0,0,0,0.0,17,17.0,0,0.0,1,1,2.0,0.0,0,0,0.0,0.0,0,1,,1,50.0,0,0,,,,,60.4,60.4,64.6,,60.2,,,,,0,0,1,0.0,39.6,0.0,0,0,0,0,0,0,0.0,0,0.0
Billy Volek,768,QB,SD,1,1,,0,0,,,0,0,,,0,0,,0,0.0,0,0,,,,,,,,,,,,,,0,0,0,,0.0,,0,0,0,0,0,0,,0,,0,27,72.5,40.4,60.4,40.5,100.0,1,1,0.0,0.0,0,0,0.0,100.0,1,0,0.0,1,100.0,0,1,,,,,60.4,60.5,64.6,,60.4,,,,,0,0,1,,118.8,0.0,0,0,0,0,0,0,0.0,15,15.0,100.0,1,1,0.0,0.0,0,0,0.0,100.0,1,0,0.0,1,100.0,0,1,,,,,60.4,60.5,64.6,,60.4,,,,,0,0,1,,118.8,0.0,0,0,0,0,0,0,0.0,15,15.0,0,,0,0,,,0,0,,,0,0,,0,0.0,0,0,,,,,,,,,,,,,,0,0,0,,0.0,,0,0,0,0,0,0,,0,
Ricky Williams,440,HB,MIA,1,1,0.0,1,1,7.0,0.0,0,0,0.0,0.0,0,1,,1,100.0,0,0,,,,29.8,17.9,49.4,76.5,,34.5,35.3,,,,0,1,1,0.0,0.0,0.0,0,0,0,0,0,1,100.0,0,0.0,0,17,48.9,57.2,34.5,59.4,,0,0,,,0,0,,,0,0,,0,0.0,0,0,,,,44.7,75.9,58.4,78.5,,,50.5,,,,0,0,0,,0.0,,0,0,0,0,0,0,,0,,,0,0,,,0,0,,,0,0,,0,0.0,0,0,,,,49.3,27.5,61.5,79.0,,,49.0,,,,0,0,0,,0.0,,0,0,0,0,0,0,,0,,0,0.0,1,1,7.0,0.0,0,0,0.0,0.0,0,1,,1,100.0,0,0,,,,27.3,65.7,38.8,75.4,,34.5,32.6,,,,0,1,1,0.0,0.0,0.0,0,0,0,0,0,1,100.0,0,0.0
Mark Brunell,51,QB,NO,1,1,,0,0,,,0,0,,,0,0,,0,0.0,0,0,,,,,,,,,,,,,,0,0,0,,0.0,,0,0,0,0,0,0,,0,,0,20,68.2,47.5,60.0,49.6,,0,0,,0.0,0,0,,,0,1,,1,100.0,0,0,,,,,60.4,59.9,64.6,,60.0,,,,,0,0,1,100.0,0.0,100.0,1,0,0,0,0,0,0.0,0,,,0,0,,,0,0,,,0,0,,0,0.0,0,0,,,,,,,,,,,,,,0,0,0,,0.0,,0,0,0,0,0,0,,0,,0,,0,0,,0.0,0,0,,,0,1,,1,100.0,0,0,,,,,60.4,59.9,64.6,,60.0,,,,,0,0,1,100.0,0.0,100.0,1,0,0,0,0,0,0.0,0,
Matt Gutierrez,3948,QB,KC,1,1,,0,0,,,0,0,,,0,0,,0,0.0,0,0,,,,,,,,,,,,,,0,0,0,,0.0,,0,0,0,0,0,0,,0,,0,16,60.4,61.1,60.4,,100.0,1,1,3.0,0.0,0,0,0.0,100.0,1,0,0.0,1,100.0,0,0,,,,,60.4,60.5,64.6,,60.4,,,,,0,0,1,,79.2,0.0,0,0,0,0,0,0,0.0,3,3.0,100.0,1,1,3.0,0.0,0,0,0.0,100.0,1,0,0.0,1,100.0,0,0,,,,,60.4,60.5,64.6,,60.4,,,,,0,0,1,,79.2,0.0,0,0,0,0,0,0,0.0,3,3.0,0,,0,0,,,0,0,,,0,0,,0,0.0,0,0,,,,,,,,,,,,,,0,0,0,,0.0,,0,0,0,0,0,0,,0,
Antrel Rolle,2225,S,ARZ,2,1,,0,0,,0.0,0,0,,,0,1,,1,100.0,0,0,49.8,60.9,79.7,,60.4,72.1,64.6,29.2,,,92.4,65.9,29.2,0,0,1,0.0,0.0,0.0,0,1,0,0,0,0,0.0,0,,0,1,63.6,90.6,77.9,65.9,,0,0,,,0,0,0.0,,0,0,,0,0.0,0,0,61.7,60.7,26.6,,60.4,80.0,64.6,67.3,77.9,,,,67.3,0,0,1,,0.0,,0,0,0,0,0,0,0.0,0,,,0,0,,,0,0,,,0,0,,0,0.0,0,0,55.0,53.0,34.4,,,,,57.4,,,39.2,,57.4,0,0,0,,0.0,,0,0,0,0,0,0,,0,,2,,0,0,,0.0,0,0,0.0,,0,1,,1,100.0,0,0,58.2,76.5,78.1,,63.6,90.6,66.9,28.7,77.9,,96.1,65.9,28.7,0,0,2,0.0,0.0,0.0,0,1,0,0,0,0,0.0,0,
Mark Bradley,2256,WR,TB,1,1,,0,0,,,0,0,,,0,0,,0,0.0,0,0,,,,27.1,69.5,49.0,80.3,,,49.4,,,,0,0,0,,0.0,,0,0,0,0,0,0,,0,,0,30,76.2,52.9,72.0,59.8,100.0,1,1,13.0,0.0,0,0,0.0,100.0,1,0,0.0,1,100.0,0,1,,,,30.2,73.9,56.2,34.9,,72.0,54.9,,,,0,0,1,,118.8,0.0,0,0,0,0,0,0,0.0,26,26.0,100.0,1,1,13.0,0.0,0,0,0.0,100.0,1,0,0.0,1,100.0,0,1,,,,29.7,74.9,54.9,35.7,,72.0,53.8,,,,0,0,1,,118.8,0.0,0,0,0,0,0,0,0.0,26,26.0,2,,0,0,,,0,0,,,0,0,,0,0.0,0,0,,,,26.5,65.8,50.3,80.4,,,50.4,,,,0,0,0,,0.0,,0,0,0,0,0,0,,0,
Braylon Edwards,2220,WR,NYJ,1,1,0.0,1,1,18.0,0.0,0,0,0.0,0.0,0,0,,1,100.0,0,0,,,,45.1,24.2,72.5,82.5,,55.2,71.3,,,,0,0,1,,39.6,0.0,0,0,0,0,0,0,0.0,0,0.0,0,22,32.8,71.3,55.2,,,0,0,,,0,0,,,0,0,,0,0.0,0,0,,,,74.9,75.7,69.4,53.7,,,68.6,,,,0,0,0,,0.0,,0,0,0,0,0,0,,0,,0.0,1,1,18.0,0.0,0,0,0.0,0.0,0,0,,1,100.0,0,0,,,,57.7,29.7,73.9,58.5,,55.2,72.9,,,,0,0,1,,39.6,0.0,0,0,0,0,0,0,0.0,0,0.0,6,,0,0,,,0,0,,,0,0,,0,0.0,0,0,,,,73.4,68.0,62.3,80.8,,,61.8,,,,0,0,0,,0.0,,0,0,0,0,0,0,,0,
Mewelde Moore,1840,HB,PIT,1,1,,0,0,,,0,0,,,0,0,,0,0.0,0,0,,,,54.9,70.1,70.3,75.6,,,73.2,,,,0,0,0,,0.0,,0,0,0,0,0,0,,0,,0,25,82.4,60.5,55.2,50.5,100.0,1,1,14.0,0.0,0,0,0.0,100.0,1,0,0.0,1,100.0,0,1,,,,80.0,72.7,61.9,77.4,,55.2,65.9,,,,0,0,1,,131.3,0.0,0,0,0,0,1,0,0.0,6,6.0,100.0,1,1,14.0,0.0,0,0,0.0,100.0,1,0,0.0,1,100.0,0,1,,,,68.0,73.9,68.6,77.6,,55.2,68.9,,,,0,0,1,,131.3,0.0,0,0,0,0,1,0,0.0,6,6.0,1,,0,0,,,0,0,,,0,0,,0,0.0,0,0,,,,72.1,67.0,58.0,75.2,,,67.7,,,,0,0,0,,0.0,,0,0,0,0,0,0,,0,
J.P. Losman,1743,QB,OAK,1,1,,0,0,,,0,0,,,0,0,,0,0.0,0,0,,,,,,,,,,,,,,0,0,0,,0.0,,0,0,0,0,0,0,,0,,0,23,60.4,59.9,60.0,,,0,1,,0.0,0,0,0.0,0.0,0,1,,1,100.0,0,0,,,,,60.4,59.9,64.6,,60.0,,,,,1,0,1,0.0,39.6,0.0,0,0,0,0,0,0,0.0,0,0.0,,0,0,,,0,0,,,0,0,,0,0.0,0,0,,,,,,,,,,,,,,0,0,0,,0.0,,0,0,0,0,0,0,,0,,0,,0,1,,0.0,0,0,0.0,0.0,0,1,,1,100.0,0,0,,,,,60.4,59.9,64.6,,60.0,,,,,1,0,1,0.0,39.6,0.0,0,0,0,0,0,0,0.0,0,0.0
Michael Clayton,1736,WR,TB,1,1,,0,0,,,0,0,,,0,0,,0,0.0,0,0,,,,29.2,70.6,52.9,0.0,,,54.6,,,,0,0,0,,0.0,,0,0,0,0,0,0,,0,,0,30,73.3,53.5,60.0,,,0,1,,0.0,0,0,0.0,0.0,0,1,,1,100.0,0,0,,,,29.8,69.5,51.5,83.1,,60.0,51.7,,,,1,0,1,0.0,39.6,0.0,0,0,0,0,0,0,0.0,0,0.0,,0,0,,,0,0,,,0,0,,0,0.0,0,0,,,,29.0,72.3,49.7,15.5,,,51.1,,,,0,0,0,,0.0,,0,0,0,0,0,0,,0,,2,,0,1,,0.0,0,0,0.0,0.0,0,1,,1,100.0,0,0,,,,29.9,65.7,56.2,81.8,,60.0,56.1,,,,1,0,1,0.0,39.6,0.0,0,0,0,0,0,0,0.0,0,0.0
Chris Brown,1407,HB,HST,1,1,,0,0,,,0,0,,,0,0,,0,0.0,0,0,,,,70.5,65.8,60.1,74.0,,,65.2,,,,0,0,0,,0.0,,0,0,0,0,0,0,,0,,0,13,62.3,53.3,58.8,54.5,0.0,1,1,4.0,0.0,0,0,0.0,0.0,0,1,,1,100.0,0,0,,,,63.2,72.7,55.5,76.2,,58.8,50.7,,,,0,1,1,0.0,0.0,0.0,0,0,0,0,0,0,0.0,0,0.0,,0,0,,,0,0,,,0,0,,0,0.0,0,0,,,,79.4,71.9,64.5,76.3,,,59.9,,,,0,0,0,,0.0,,0,0,0,0,0,0,,0,,0,0.0,1,1,4.0,0.0,0,0,0.0,0.0,0,1,,1,100.0,0,0,,,,41.6,68.0,42.3,73.7,,58.8,43.3,,,,0,1,1,0.0,0.0,0.0,0,0,0,0,0,0,0.0,0,0.0
Joseph Addai,2975,HB,IND,1,1,,0,0,,,0,0,,,0,0,,0,0.0,0,0,,,,73.4,68.0,66.0,76.6,,,56.3,,,,0,0,0,,0.0,,0,0,0,0,0,0,,0,,0,14,75.9,60.7,72.3,56.3,100.0,1,1,29.0,0.0,0,0,0.0,100.0,1,0,0.0,1,100.0,0,1,,,,61.9,78.9,64.2,80.0,,72.3,62.1,,,,0,0,1,,158.3,0.0,0,0,0,0,1,0,0.0,22,22.0,100.0,1,1,29.0,0.0,0,0,0.0,100.0,1,0,0.0,1,100.0,0,1,,,,67.4,78.5,68.0,80.2,,72.3,64.2,,,,0,0,1,,158.3,0.0,0,0,0,0,1,0,0.0,22,22.0,0,,0,0,,,0,0,,,0,0,,0,0.0,0,0,,,,54.9,70.1,56.0,75.9,,,50.6,,,,0,0,0,,0.0,,0,0,0,0,0,0,,0,
Fred Jackson,3368,HB,BUF,1,1,,0,0,,,0,0,,,0,0,,0,0.0,0,0,,,,42.5,71.3,54.6,76.7,,,61.2,,,,0,0,0,,0.0,,0,0,0,0,0,0,,0,,0,4,70.7,62.3,77.9,60.2,100.0,1,1,30.0,0.0,0,0,0.0,100.0,1,0,0.0,1,100.0,0,1,,,,80.0,77.4,67.9,79.2,,77.9,80.3,,,,0,0,1,,158.3,0.0,0,0,0,0,1,0,0.0,27,27.0,100.0,1,1,30.0,0.0,0,0,0.0,100.0,1,0,0.0,1,100.0,0,1,,,,63.5,77.7,73.3,78.9,,77.9,74.3,,,,0,0,1,,158.3,0.0,0,0,0,0,1,0,0.0,27,27.0,1,,0,0,,,0,0,,,0,0,,0,0.0,0,0,,,,77.6,70.4,46.5,77.2,,,71.5,,,,0,0,0,,0.0,,0,0,0,0,0,0,,0,
Micheal Spurlock,3517,WR,TB,1,1,0.0,1,1,18.0,0.0,0,0,0.0,0.0,0,0,,1,100.0,0,0,,,,,60.4,48.6,70.1,,53.2,54.2,,,,0,0,1,,39.6,0.0,0,0,0,0,0,0,0.0,0,0.0,0,30,60.4,48.7,53.2,,,0,0,,,0,0,,,0,0,,0,0.0,0,0,,,,,,54.1,68.9,,,55.3,,,,0,0,0,,0.0,,0,0,0,0,0,0,,0,,0.0,1,1,18.0,0.0,0,0,0.0,0.0,0,0,,1,100.0,0,0,,,,,60.4,47.8,70.7,,53.2,52.9,,,,0,0,1,,39.6,0.0,0,0,0,0,0,0,0.0,0,0.0,0,,0,0,,,0,0,,,0,0,,0,0.0,0,0,,,,,,56.5,67.8,,,57.4,,,,0,0,0,,0.0,,0,0,0,0,0,0,,0,
Brian Westbrook,1094,HB,PHI,1,1,,0,0,,,0,0,,,0,0,,0,0.0,0,0,,,,68.3,64.0,54.3,73.6,,,56.3,,,,0,0,0,,0.0,,0,0,0,0,0,0,,0,,0,24,84.7,61.5,57.2,61.9,100.0,1,1,1.0,0.0,0,0,0.0,0.0,0,0,100.0,1,100.0,1,0,,,,83.2,74.4,61.2,77.5,,57.2,63.1,,,,0,0,1,,39.6,0.0,0,0,0,0,0,0,0.0,0,0.0,100.0,1,1,1.0,0.0,0,0,0.0,0.0,0,0,100.0,1,100.0,1,0,,,,82.7,74.2,62.0,77.3,,57.2,59.9,,,,0,0,1,,39.6,0.0,0,0,0,0,0,0,0.0,0,0.0,0,,0,0,,,0,0,,,0,0,,0,0.0,0,0,,,,70.5,65.8,52.7,74.0,,,64.3,,,,0,0,0,,0.0,,0,0,0,0,0,0,,0,
Antwaan Randle El,1069,WR,WAS,1,1,,0,0,,,0,0,,,0,0,,0,0.0,0,0,,,,32.4,73.9,64.8,77.3,,,62.7,,,,0,0,0,,0.0,,0,0,0,0,0,0,,0,,0,32,37.0,71.2,60.0,,,0,0,,0.0,0,0,,,0,1,,1,100.0,0,0,,,,78.0,27.9,72.5,79.9,,60.0,72.1,,,,0,0,1,100.0,0.0,100.0,1,0,0,0,0,0,0.0,0,,,0,0,,,0,0,,,0,0,,0,0.0,0,0,,,,61.7,28.4,70.0,79.4,,,68.6,,,,0,0,0,,0.0,,0,0,0,0,0,0,,0,,0,,0,0,,0.0,0,0,,,0,1,,1,100.0,0,0,,,,51.5,73.3,68.9,78.1,,60.0,68.5,,,,0,0,1,100.0,0.0,100.0,1,0,0,0,0,0,0.0,0,
Sidney Rice,3660,WR,MIN,1,1,,0,0,,,0,0,,,0,0,,0,0.0,0,0,,,,75.7,75.9,90.1,81.9,,,88.4,,,,0,0,0,,0.0,,0,0,0,0,0,0,,0,,0,18,61.3,86.3,60.0,,,0,1,,0.0,0,0,0.0,0.0,0,1,,1,100.0,0,0,,,,80.7,52.0,78.4,61.5,,60.0,77.6,,,,0,0,1,0.0,39.6,0.0,0,0,0,1,0,0,0.0,0,0.0,,0,0,,,0,0,,,0,0,,0,0.0,0,0,,,,80.6,57.8,83.7,62.3,,,82.4,,,,0,0,0,,0.0,,0,0,0,0,0,0,,0,,2,,0,1,,0.0,0,0,0.0,0.0,0,1,,1,100.0,0,0,,,,78.7,72.0,80.7,81.7,,60.0,79.4,,,,0,0,1,0.0,39.6,0.0,0,0,0,1,0,0,0.0,0,0.0
Clinton Portis,1058,HB,WAS,1,1,0.0,1,1,10.0,0.0,0,0,0.0,0.0,0,0,,1,100.0,0,0,,,,64.7,63.8,61.2,72.9,,56.1,59.2,,,,0,0,1,,39.6,0.0,0,0,0,0,0,0,0.0,0,0.0,0,32,71.0,57.9,56.1,57.3,,0,0,,,0,0,,,0,0,,0,0.0,0,0,,,,76.5,70.1,64.2,75.5,,,61.8,,,,0,0,0,,0.0,,0,0,0,0,0,0,,0,,0.0,1,1,10.0,0.0,0,0,0.0,0.0,0,0,,1,100.0,0,0,,,,74.6,69.5,61.3,75.4,,56.1,56.5,,,,0,0,1,,39.6,0.0,0,0,0,0,0,0,0.0,0,0.0,1,,0,0,,,0,0,,,0,0,,0,0.0,0,0,,,,70.5,65.8,66.6,73.0,,,69.8,,,,0,0,0,,0.0,,0,0,0,0,0,0,,0,
Michael Bush,3716,HB,OAK,1,1,,0,0,,,0,0,,,0,0,,0,0.0,0,0,,,,51.1,69.1,62.5,74.8,,,47.4,,,,0,0,0,,0.0,,0,0,0,0,0,0,,0,,0,23,51.3,57.0,49.9,57.1,0.0,1,1,19.0,0.0,0,0,0.0,0.0,0,0,,1,100.0,0,0,,,,80.0,22.1,57.2,76.3,,49.9,49.4,,,,0,0,1,,39.6,0.0,0,0,0,0,0,0,0.0,0,0.0,0.0,1,1,19.0,0.0,0,0,0.0,0.0,0,0,,1,100.0,0,0,,,,78.0,20.5,56.8,76.2,,49.9,42.7,,,,0,0,1,,39.6,0.0,0,0,0,0,0,0,0.0,0,0.0,0,,0,0,,,0,0,,,0,0,,0,0.0,0,0,,,,58.1,70.9,62.8,74.9,,,57.9,,,,0,0,0,,0.0,,0,0,0,0,0,0,,0,
Legedu Naanee,3788,WR,SD,1,1,,0,0,,,0,0,,,0,0,,0,0.0,0,0,,,,45.8,68.0,59.8,0.0,,,61.0,,,,0,0,0,,0.0,,0,0,0,0,0,0,,0,,0,27,76.5,67.7,55.3,58.9,100.0,1,1,10.0,0.0,0,0,0.0,100.0,1,1,0.0,1,100.0,0,1,,,,83.2,74.4,69.7,78.6,,55.3,69.5,,,,0,0,1,0.0,118.8,0.0,0,0,0,0,0,0,0.0,21,21.0,,0,0,,,0,0,,,0,0,,0,0.0,0,0,,,,69.6,74.1,66.6,78.9,,,65.9,,,,0,0,0,,0.0,,0,0,0,0,0,0,,0,,1,100.0,1,1,10.0,0.0,0,0,0.0,100.0,1,1,0.0,1,100.0,0,1,,,,73.4,68.8,65.1,0.0,,55.3,67.9,,,,0,0,1,0.0,118.8,0.0,0,0,0,0,0,0,0.0,21,21.0
Mark Clayton,2239,WR,BLT,1,1,,0,0,,,0,0,,,0,0,,0,0.0,0,0,,,,79.4,21.2,58.9,0.0,,,61.9,,,,0,0,0,,0.0,,0,0,0,0,0,0,,0,,0,3,29.7,63.8,60.3,51.2,100.0,1,1,-8.0,0.0,0,0,0.0,100.0,1,0,0.0,1,100.0,0,0,,,,53.6,75.1,63.4,84.6,,60.3,62.3,,,,0,0,1,,79.2,0.0,0,0,0,0,0,0,0.0,0,0.0,100.0,1,1,-8.0,0.0,0,0,0.0,100.0,1,0,0.0,1,100.0,0,0,,,,59.0,26.9,58.8,28.0,,60.3,59.8,,,,0,0,1,,79.2,0.0,0,0,0,0,0,0,0.0,0,0.0,3,,0,0,,,0,0,,,0,0,,0,0.0,0,0,,,,75.6,69.5,68.5,81.5,,,67.6,,,,0,0,0,,0.0,,0,0,0,0,0,0,,0,
Reggie Wayne,800,WR,IND,1,1,0.0,1,1,16.0,0.0,0,0,0.0,0.0,0,0,,1,100.0,0,0,,,,78.0,76.8,89.6,82.1,,39.1,89.2,,,,0,1,1,,0.0,0.0,0,0,0,0,0,1,100.0,0,0.0,1,14,83.1,87.6,39.1,,,0,0,,,0,0,,,0,0,,0,0.0,0,0,,,,90.1,80.7,82.0,86.7,,,80.7,,,,0,0,0,,0.0,,0,0,0,0,0,0,,0,,0.0,1,1,16.0,0.0,0,0,0.0,0.0,0,0,,1,100.0,0,0,,,,90.5,81.9,85.8,86.7,,39.1,85.1,,,,0,1,1,,0.0,0.0,0,0,0,0,0,1,100.0,0,0.0,4,,0,0,,,0,0,,,0,0,,0,0.0,0,0,,,,68.0,73.6,81.6,81.9,,,79.8,,,,0,0,0,,0.0,,0,0,0,0,0,0,,0,
LaDainian Tomlinson,777,HB,SD,1,1,,0,0,,,0,0,,,0,0,,0,0.0,0,0,,,,46.3,68.0,49.8,76.6,,,48.7,,,,0,0,0,,0.0,,0,0,0,0,0,0,,0,,0,27,70.5,48.1,68.9,50.0,0.0,1,1,13.0,0.0,0,0,0.0,0.0,0,0,,1,100.0,0,0,,,,80.0,22.1,59.1,78.1,,68.9,51.8,,,,0,0,1,,39.6,0.0,0,0,0,0,0,0,0.0,0,0.0,0.0,1,1,13.0,0.0,0,0,0.0,0.0,0,0,,1,100.0,0,0,,,,80.6,22.5,61.8,78.9,,68.9,50.9,,,,0,0,1,,39.6,0.0,0,0,0,0,0,0,0.0,0,0.0,0,,0,0,,,0,0,,,0,0,,0,0.0,0,0,,,,42.1,67.0,42.0,75.1,,,49.0,,,,0,0,0,,0.0,,0,0,0,0,0,0,,0,
Chris Johnson,4338,HB,TEN,1,1,,0,1,,0.0,0,0,0.0,0.0,0,1,,1,100.0,0,0,,,,39.1,71.1,61.5,76.5,,60.0,64.2,,,,1,0,1,0.0,39.6,0.0,0,0,0,0,0,0,0.0,0,0.0,0,31,80.9,75.0,60.0,76.3,,0,0,,,0,0,,,0,0,,0,0.0,0,0,,,,65.9,78.1,60.2,79.7,,,62.2,,,,0,0,0,,0.0,,0,0,0,0,0,0,,0,,,0,0,,,0,0,,,0,0,,0,0.0,0,0,,,,68.4,78.6,67.1,79.8,,,70.7,,,,0,0,0,,0.0,,0,0,0,0,0,0,,0,,2,,0,1,,0.0,0,0,0.0,0.0,0,1,,1,100.0,0,0,,,,29.3,68.8,45.6,76.3,,60.0,42.6,,,,1,0,1,0.0,39.6,0.0,0,0,0,0,0,0,0.0,0,0.0
Ray Rice,4369,HB,BLT,1,1,,0,0,,,0,0,,,0,0,,0,0.0,0,0,,,,66.4,73.2,71.4,9.9,,,77.1,,,,0,0,0,,0.0,,0,0,0,0,0,0,,0,,0,3,66.1,72.6,56.1,63.3,0.0,1,1,15.0,0.0,0,0,0.0,0.0,0,0,,1,100.0,0,0,,,,84.9,46.1,71.9,32.5,,56.1,87.3,,,,0,0,1,,39.6,0.0,0,0,0,0,0,0,0.0,0,0.0,0.0,1,1,15.0,0.0,0,0,0.0,0.0,0,0,,1,100.0,0,0,,,,83.1,43.9,73.5,35.0,,56.1,86.3,,,,0,0,1,,39.6,0.0,0,0,0,0,0,0,0.0,0,0.0,2,,0,0,,,0,0,,,0,0,,0,0.0,0,0,,,,71.0,74.5,68.2,5.4,,,79.0,,,,0,0,0,,0.0,,0,0,0,0,0,0,,0,
