player,player_id,position,team_name,player_game_count,assists,franchise_id,hits,hurries,lhs_assists,lhs_hits,lhs_hurries,lhs_misses,lhs_pass_rush_percent,lhs_pass_rush_snaps,lhs_pressures,lhs_prp,lhs_sacks,lhs_stops,lhs_tackles,misses,pass_rush_percent,pass_rush_snaps,pass_snaps,pressures,prp,rhs_assists,rhs_hits,rhs_hurries,rhs_misses,rhs_pass_rush_percent,rhs_pass_rush_snaps,rhs_pressures,rhs_prp,rhs_sacks,rhs_stops,rhs_tackles,sacks,stops,tackles
Dre Kirkpatrick,7023,CB,CIN,6,0,7,0,0,0,0,0,0,0.0,0,0,,0,0,0,0,0.6,1,163,1,100.0,0,0,0,0,100.0,1,1,100.0,1,1,0,1,1,0
Jimmy Smith,6179,CB,BLT,9,0,3,0,0,0,0,0,0,0.0,0,0,,0,0,0,0,0.4,1,261,1,100.0,0,0,0,0,100.0,1,1,100.0,1,1,0,1,1,0
Joshua Kalu,51203,CB,TEN,3,0,31,0,1,0,0,0,0,,0,0,,0,0,0,0,3.3,1,30,1,50.0,0,0,0,0,,0,0,,0,0,0,0,0,0
Emmanuel Moseley,50430,CB,SF,15,0,28,1,0,0,1,0,0,100.0,1,1,50.0,0,0,0,0,0.3,1,344,1,50.0,0,0,0,0,0.0,0,0,,0,0,0,0,0,0
Xavien Howard,10672,CB,MIA,5,0,17,0,1,0,0,1,0,100.0,1,1,50.0,0,0,0,0,0.7,1,147,1,50.0,0,0,0,0,0.0,0,0,,0,0,0,0,0,0
Jordan Lucas,10838,S,KC,11,0,16,1,0,0,0,0,0,0.0,0,0,,0,0,0,0,3.3,1,30,1,50.0,0,1,0,0,100.0,1,1,50.0,0,0,0,0,0,0
Johnathan Abram,34646,S,OAK,1,0,23,0,2,0,0,0,0,0.0,0,0,,0,0,0,0,8.0,2,25,2,50.0,0,0,2,0,100.0,2,2,50.0,0,0,0,0,0,0
Isaiah Oliver,50393,CB,ATL,16,0,2,1,0,0,0,0,0,0.0,0,0,,0,0,0,0,0.2,1,544,1,50.0,0,1,0,0,100.0,1,1,50.0,0,0,0,0,0,0
Kentrell Brothers,10794,LB,MIN,5,0,18,0,0,0,0,0,0,50.0,1,1,100.0,1,0,0,0,3.2,2,63,1,50.0,0,0,0,0,50.0,1,0,0.0,0,0,0,1,0,0
Darius Phillips,49507,CB,CIN,6,0,7,0,3,0,0,2,1,66.7,2,2,50.0,0,0,0,1,4.1,3,74,3,50.0,0,0,1,0,33.3,1,1,50.0,0,0,0,0,0,0
Alex Brown,28605,CB,KC,1,0,16,1,0,0,1,0,0,100.0,1,1,50.0,0,0,0,0,11.1,1,9,1,50.0,0,0,0,0,0.0,0,0,,0,0,0,0,0,0
Orlando Scandrick,4457,CB,PHI,3,0,24,0,1,0,0,0,0,60.0,3,2,66.7,2,2,0,0,8.9,5,56,3,50.0,0,0,1,0,40.0,2,1,25.0,0,0,0,2,2,0
Tre Herndon,50380,CB,JAX,15,0,15,0,1,0,0,0,0,0.0,0,0,,0,0,0,0,0.2,1,502,1,50.0,0,0,1,0,100.0,1,1,50.0,0,0,0,0,0,0
Marshon Lattimore,11766,CB,NO,14,0,20,0,1,0,0,0,0,0.0,0,0,,0,0,0,0,0.2,1,516,1,50.0,0,0,1,0,100.0,1,1,50.0,0,0,0,0,0,0
Eli Apple,10644,CB,NO,15,0,20,1,0,0,0,0,0,0.0,0,0,,0,0,0,0,0.2,1,592,1,50.0,0,1,0,0,100.0,1,1,50.0,0,0,0,0,0,0
James Bradberry,10696,CB,CAR,15,0,5,0,2,0,0,1,0,50.0,1,1,50.0,0,0,0,0,0.3,2,572,2,50.0,0,0,1,0,50.0,1,1,50.0,0,0,0,0,0,0
Troy Hill,9881,CB,LA,11,0,26,1,0,0,0,0,0,0.0,0,0,,0,0,0,0,0.3,1,308,1,50.0,0,1,0,0,100.0,1,1,50.0,0,0,0,0,0,0
Marcus Epps,51391,S,PHI,8,0,24,0,1,0,0,0,0,,0,0,,0,0,0,0,1.1,1,94,1,50.0,0,0,0,0,,0,0,,0,0,0,0,0,0
Jordan Dangerfield,8468,S,PIT,1,0,25,1,0,0,1,0,0,100.0,1,1,50.0,0,0,0,0,100.0,1,1,1,50.0,0,0,0,0,0.0,0,0,,0,0,0,0,0,0
Phillip Gaines,8722,CB,HST,4,0,13,0,1,0,0,1,0,100.0,1,1,50.0,0,0,0,0,1.2,1,81,1,50.0,0,0,0,0,0.0,0,0,,0,0,0,0,0,0
Will Harris,51336,S,DET,16,0,11,0,2,0,0,1,0,25.0,1,1,50.0,0,0,0,0,0.9,4,437,3,50.0,0,0,1,0,75.0,3,2,50.0,1,1,0,1,1,0
Ahkello Witherspoon,11821,CB,SF,10,0,28,0,1,0,0,0,0,0.0,0,0,,0,0,0,0,0.3,1,338,1,50.0,0,0,1,0,100.0,1,1,50.0,0,0,0,0,0,0
Chidobe Awuzie,11815,CB,DAL,16,0,9,1,0,0,1,0,0,100.0,1,1,50.0,0,0,0,0,0.2,1,608,1,50.0,0,0,0,0,0.0,0,0,,0,0,0,0,0,0
Antonio Hamilton,11353,CB,NYG,6,0,21,0,2,0,0,2,0,100.0,2,2,50.0,0,0,0,0,2.7,2,73,2,50.0,0,0,0,0,0.0,0,0,,0,0,0,0,0,0
Justin Hardee,18348,CB,NO,2,0,20,0,1,0,0,1,1,100.0,1,1,50.0,0,0,0,1,3.2,1,31,1,50.0,0,0,0,0,0.0,0,0,,0,0,0,0,0,0
J.C. Jackson,42781,CB,NE,16,0,19,0,2,0,0,1,0,50.0,1,1,50.0,0,0,0,0,0.5,2,437,2,50.0,0,0,1,0,50.0,1,1,50.0,0,0,0,0,0,0
Briean Boddy-Calhoun,10903,CB,IND,3,0,14,0,1,0,0,0,0,40.0,2,1,50.0,1,1,0,0,10.7,6,56,3,41.7,0,0,1,0,60.0,3,1,16.7,0,0,0,2,2,0
Morgan Burnett,5596,S,CLV,8,0,8,0,6,0,0,5,0,84.6,11,7,40.9,2,2,0,0,6.7,13,194,8,38.5,0,0,1,0,15.4,2,1,25.0,0,0,0,2,2,0
Bashaud Breeland,8737,CB,KC,16,0,16,1,1,0,1,1,1,100.0,3,2,33.3,0,0,0,1,0.6,3,530,2,33.3,0,0,0,0,0.0,0,0,,0,0,0,0,0,0
Darian Thompson,10705,S,DAL,11,0,9,0,0,0,0,0,0,40.0,2,1,50.0,1,1,0,0,2.5,6,240,2,33.3,0,0,0,0,60.0,3,1,33.3,1,1,0,2,2,0
Alex Anzalone,11831,LB,NO,2,0,20,0,0,0,0,0,0,33.3,1,0,0.0,0,0,1,0,8.6,3,35,1,33.3,0,0,0,0,66.7,2,1,50.0,1,1,0,1,1,1
Troy Apke,49260,S,WAS,9,0,32,0,2,0,0,2,0,100.0,3,2,33.3,0,0,0,0,3.1,3,97,2,33.3,0,0,0,0,0.0,0,0,,0,0,0,0,0,0
Austin Calitro,50640,LB,JAX,6,0,15,1,1,0,1,0,0,75.0,3,2,50.0,1,1,0,1,5.5,6,110,3,33.3,0,0,0,0,25.0,1,0,0.0,0,0,0,1,1,0
Armani Watts,51264,S,KC,5,0,16,0,0,0,0,0,0,0.0,0,0,,0,0,0,0,5.2,3,58,1,33.3,0,0,0,0,100.0,2,0,0.0,0,0,0,1,1,0
Patrick Peterson,6157,CB,ARZ,10,0,1,0,0,0,0,0,0,33.3,1,0,0.0,0,0,0,0,0.7,3,423,1,33.3,0,0,0,0,66.7,2,1,50.0,1,1,0,1,1,0
Tre Flowers,49059,CB,SEA,15,0,29,0,0,0,0,0,0,14.3,1,0,0.0,0,0,0,0,1.2,7,596,2,28.6,0,0,0,0,85.7,6,2,33.3,2,2,0,2,2,0
Avonte Maddox,50543,CB,PHI,12,0,24,1,1,0,1,0,0,71.4,5,2,30.0,1,1,0,0,1.9,7,377,3,28.6,0,0,1,0,28.6,2,1,25.0,0,0,0,1,1,0
Najee Goode,7137,LB,JAX,7,0,15,0,3,0,0,3,0,75.0,6,4,41.7,1,1,0,0,5.9,9,153,4,27.8,0,0,0,0,25.0,2,0,0.0,0,0,0,1,1,0
Bradley Roby,8666,CB,HST,10,0,13,0,0,0,0,0,0,25.0,1,0,0.0,0,0,0,0,1.0,4,416,1,25.0,0,0,0,0,75.0,3,1,33.3,1,1,0,1,1,0
Jordan Evans,11947,LB,CIN,11,0,7,0,2,0,0,2,0,100.0,4,2,25.0,0,0,0,0,10.5,4,38,2,25.0,0,0,0,0,0.0,0,0,,0,0,0,0,0,0
A.J. Moore,51146,S,HST,5,0,13,0,2,0,0,1,0,75.0,3,1,16.7,0,0,0,0,50.0,4,8,2,25.0,0,0,1,0,25.0,1,1,50.0,0,0,0,0,0,0
Eric Wilson,38587,LB,MIN,16,0,18,1,0,0,0,0,0,66.7,6,1,16.7,1,1,0,0,5.0,10,199,3,25.0,0,1,0,0,33.3,3,2,50.0,1,1,0,2,2,0
Rasul Douglas,11854,CB,PHI,16,0,24,1,0,0,0,0,0,0.0,0,0,,0,0,0,0,0.5,2,371,1,25.0,0,1,0,0,100.0,2,1,25.0,0,0,0,0,0,0
Josey Jewell,50720,LB,DEN,10,0,10,0,2,0,0,1,0,50.0,6,1,8.3,0,0,0,0,10.6,12,113,4,25.0,0,0,1,0,50.0,6,3,41.7,2,1,1,2,1,1
Amani Hooker,51378,S,TEN,16,0,31,0,1,0,0,1,0,100.0,2,1,25.0,0,0,0,0,0.7,2,285,1,25.0,0,0,0,0,0.0,0,0,,0,0,0,0,0,0
Sidney Jones,11798,CB,PHI,10,0,24,0,1,0,0,0,0,50.0,1,0,0.0,0,0,0,0,1.0,2,198,1,25.0,0,0,1,0,50.0,1,1,50.0,0,0,0,0,0,0
Jaylen Watkins,8736,S,LAC,13,0,27,0,1,0,0,1,0,100.0,2,1,25.0,0,0,0,0,0.9,2,217,1,25.0,0,0,0,0,0.0,0,0,,0,0,0,0,0,0
Desmond King II,11906,CB,LAC,15,0,27,2,3,0,1,2,0,50.0,9,4,27.8,1,1,0,0,4.7,18,385,7,25.0,0,1,1,0,50.0,9,3,22.2,1,0,0,2,1,0
DeShon Elliott,28854,S,BLT,3,0,3,0,1,0,0,1,0,50.0,1,1,50.0,0,0,0,0,8.0,2,25,1,25.0,0,0,0,0,50.0,1,0,0.0,0,0,0,0,0,0
Tre Boston,8763,S,CAR,16,0,5,1,1,0,1,1,0,75.0,3,2,33.3,0,0,0,0,0.6,4,619,2,25.0,0,0,0,0,25.0,1,0,0.0,0,0,0,0,0,0
Keanu Neal,10651,S,ATL,3,0,2,1,0,0,0,0,0,50.0,1,0,0.0,0,0,0,0,2.4,2,85,1,25.0,0,1,0,0,50.0,1,1,50.0,0,0,0,0,0,0
Will Parks,10853,S,DEN,14,0,10,1,3,0,0,1,0,33.3,4,2,37.5,1,1,0,0,3.4,12,352,5,25.0,0,1,2,0,66.7,8,3,18.8,0,0,0,1,1,0
Eric Weddle,3653,S,LA,16,0,26,1,2,0,0,1,0,33.3,2,1,25.0,0,0,0,0,1.0,6,578,3,25.0,0,1,1,0,66.7,4,2,25.0,0,0,0,0,0,0
Tony McRae,11358,CB,CIN,8,0,7,1,2,0,0,0,0,16.7,1,0,0.0,0,0,0,0,5.1,6,118,3,25.0,0,1,2,0,83.3,5,3,30.0,0,0,0,0,0,0
Jeremy Reaves,50406,S,WAS,5,0,32,1,0,0,1,0,0,100.0,2,1,25.0,0,0,0,0,3.8,2,52,1,25.0,0,0,0,0,0.0,0,0,,0,0,0,0,0,0
Michael Davis,12040,S,LAC,12,0,27,0,1,0,0,0,0,0.0,0,0,,0,0,0,0,0.6,2,348,1,25.0,0,0,1,0,100.0,2,1,25.0,0,0,0,0,0,0
Bryce Hager,9657,LB,LA,4,0,26,0,1,0,0,1,0,50.0,1,1,50.0,0,0,0,0,7.1,2,28,1,25.0,0,0,0,0,50.0,1,0,0.0,0,0,0,0,0,0
Mackensie Alexander,10688,CB,MIN,13,0,18,1,0,0,0,0,0,16.7,1,1,100.0,1,0,0,0,1.6,6,374,2,25.0,0,1,0,0,83.3,5,1,10.0,0,0,0,1,0,0
Jabrill Peppers,11780,S,NYG,11,0,21,2,8,0,0,5,0,46.2,12,5,20.8,0,0,0,0,6.9,26,376,11,23.1,0,2,3,0,53.8,14,6,25.0,1,0,0,1,0,0
Brandon Carr,4454,CB,BLT,16,0,3,6,6,0,2,3,0,52.8,19,5,13.2,0,0,0,1,7.4,36,484,14,22.2,0,4,3,1,47.2,17,9,32.4,2,2,0,2,2,0
Elandon Roberts,10848,LB,NE,14,0,19,1,4,0,1,3,0,50.0,8,4,25.0,0,1,0,0,20.5,16,78,6,21.9,0,0,1,0,50.0,8,2,18.8,1,1,0,1,2,0
Rayshawn Jenkins,11868,S,LAC,16,0,27,1,2,0,1,2,0,42.9,3,3,50.0,0,0,0,0,1.3,7,521,3,21.4,0,0,0,0,57.1,4,0,0.0,0,0,0,0,0,0
Nik Needham,50356,CB,MIA,12,0,17,2,2,0,1,0,0,50.0,7,2,21.4,1,1,0,2,3.3,14,420,5,21.4,0,1,2,2,50.0,7,3,21.4,0,0,0,1,1,0
Juan Thornhill,50426,S,KC,16,0,16,1,5,0,1,2,0,50.0,7,3,21.4,0,0,0,0,2.4,14,586,6,21.4,0,0,3,0,50.0,7,3,21.4,0,0,0,0,0,0
Taron Johnson,49511,CB,BUF,12,0,4,0,8,0,0,2,0,37.5,9,2,11.1,0,0,0,1,7.0,24,345,9,20.8,0,0,6,1,62.5,15,7,26.7,1,1,0,1,1,0
Rashad Fenton,49329,CB,KC,8,0,16,1,3,0,0,2,0,50.0,5,2,20.0,0,0,0,0,7.8,10,129,4,20.0,0,1,1,0,50.0,5,2,20.0,0,0,0,0,0,0
Andrew Wingard,49268,S,JAX,9,0,15,1,1,0,0,1,0,50.0,5,1,10.0,0,0,0,0,13.5,10,74,3,20.0,0,1,0,0,50.0,5,2,30.0,1,1,0,1,1,0
Brandon Wilson,11962,S,CIN,11,0,7,0,2,0,0,1,0,40.0,2,1,25.0,0,0,0,0,4.1,5,122,2,20.0,0,0,1,0,60.0,3,1,16.7,0,0,0,0,0,0
Curtis Riley,10109,S,OAK,10,0,23,0,2,0,0,2,0,100.0,5,2,20.0,0,0,0,0,3.0,5,166,2,20.0,0,0,0,0,0.0,0,0,,0,0,0,0,0,0
Kemal Ishmael,8026,S,ATL,10,0,2,0,2,0,0,2,0,60.0,3,2,33.3,0,0,0,0,3.9,5,129,2,20.0,0,0,0,0,40.0,2,0,0.0,0,0,0,0,0,0
Darryl Roberts,9680,CB,NYJ,11,0,22,1,1,0,0,0,0,20.0,1,0,0.0,0,0,0,1,1.2,5,404,2,20.0,0,1,1,1,80.0,4,2,25.0,0,0,0,0,0,0
Malcolm Butler,9040,CB,TEN,9,0,31,0,2,0,0,0,0,0.0,0,0,,0,0,0,1,1.4,5,356,2,20.0,0,0,2,1,100.0,5,2,20.0,0,0,0,0,0,0
Nate Hairston,11913,CB,NYJ,8,0,22,2,0,0,0,0,0,20.0,1,0,0.0,0,0,0,0,2.1,5,233,2,20.0,0,2,0,0,80.0,4,2,25.0,0,0,0,0,0,0
Denzel Ward,49558,CB,CLV,12,0,8,1,1,0,1,1,0,80.0,4,2,25.0,0,0,0,0,1.2,5,416,2,20.0,0,0,0,0,20.0,1,0,0.0,0,0,0,0,0,0
Brian Poole,11052,CB,NYJ,14,0,22,4,6,0,1,3,2,50.0,13,4,15.4,0,0,0,2,5.3,26,487,10,19.2,0,3,3,0,50.0,13,6,23.1,0,0,0,0,0,0
Logan Ryan,7864,CB,TEN,16,0,31,3,4,0,0,2,0,46.7,21,3,9.5,1,1,0,1,6.8,45,666,12,18.9,0,3,2,1,53.3,24,9,27.1,4,3,0,5,4,0
Marcell Harris,51408,S,SF,8,0,28,1,2,0,0,1,0,50.0,4,1,12.5,0,0,0,0,3.9,8,206,3,18.8,0,1,1,0,50.0,4,2,25.0,0,0,0,0,0,0
Justin Coleman,9892,CB,DET,16,0,11,1,5,0,1,3,0,56.3,9,4,22.2,0,0,0,0,2.7,16,587,6,18.8,0,0,2,0,43.8,7,2,14.3,0,0,0,0,0,0
Vonn Bell,10695,S,NO,13,0,20,3,4,0,1,1,0,34.3,12,4,25.0,2,0,0,0,6.3,35,553,10,18.6,0,2,3,0,65.7,23,6,15.2,1,1,0,3,1,0
LaRoy Reynolds,8500,LB,CIN,6,0,7,1,3,0,0,3,0,54.5,6,3,25.0,0,0,0,0,40.7,11,27,4,18.2,0,1,0,0,45.5,5,1,10.0,0,0,0,0,0,0
Kendall Fuller,10718,CB,KC,11,0,16,2,4,0,1,2,0,45.5,10,4,25.0,1,1,0,0,6.6,22,332,7,18.2,0,1,2,0,54.5,12,3,12.5,0,0,0,1,1,0
Nick Kwiatkoski,10747,LB,CHI,10,0,6,0,9,0,0,7,0,58.3,21,8,21.4,1,1,0,1,12.4,37,298,11,17.6,0,0,2,1,41.7,15,3,13.3,1,1,0,2,2,0
Tracy Walker,51266,S,DET,13,0,11,0,1,0,0,0,0,33.3,1,0,0.0,0,0,0,0,0.6,3,495,1,16.7,0,0,1,0,66.7,2,1,25.0,0,0,0,0,0,0
Eddie Jackson,11867,S,CHI,16,0,6,0,3,0,0,3,0,88.9,8,3,18.8,0,0,0,0,1.5,9,612,3,16.7,0,0,0,0,11.1,1,0,0.0,0,0,0,0,0,0
Quincy Wilson,11801,CB,IND,8,0,14,0,2,0,0,1,0,33.3,2,1,25.0,0,0,0,0,6.7,6,89,2,16.7,0,0,1,0,66.7,4,1,12.5,0,0,0,0,0,0
Kareem Jackson,5545,S,DEN,13,0,10,0,1,0,0,1,0,66.7,2,1,25.0,0,0,0,0,0.6,3,480,1,16.7,0,0,0,0,33.3,1,0,0.0,0,0,0,0,0,0
Marcus Williams,11797,S,NO,15,0,20,0,2,0,0,1,0,33.3,2,1,25.0,0,0,0,0,1.0,6,599,2,16.7,0,0,1,0,66.7,4,1,12.5,0,0,0,0,0,0
Tre'Davious White,11782,CB,BUF,15,0,4,0,0,0,0,0,0,66.7,4,1,25.0,1,1,0,0,1.0,6,572,1,16.7,0,0,0,0,33.3,2,0,0.0,0,0,0,1,1,0
Clayton Fejedelem,10879,S,CIN,9,0,7,0,1,0,0,1,0,66.7,2,1,25.0,0,0,0,0,4.0,3,75,1,16.7,0,0,0,0,33.3,1,0,0.0,0,0,0,0,0,0
Tae Davis,26296,LB,CLV,2,0,8,1,0,0,1,0,0,100.0,2,1,25.0,0,0,0,0,9.7,3,31,1,16.7,0,0,0,0,0.0,0,0,,0,0,0,0,0,0
D.J. Reed Jr.,26940,CB,SF,8,0,28,0,1,0,0,0,0,0.0,0,0,,0,0,0,0,3.8,3,80,1,16.7,0,0,1,0,100.0,3,1,16.7,0,0,0,0,0,0
Daryl Worley,10711,CB,OAK,15,0,23,0,1,0,0,1,0,66.7,2,1,25.0,0,0,0,0,0.6,3,526,1,16.7,0,0,0,0,33.3,1,0,0.0,0,0,0,0,0,0
Jermaine Carter,28838,LB,CAR,8,0,5,1,1,0,0,0,0,18.2,2,1,50.0,1,1,0,0,9.7,12,124,3,16.7,0,0,1,0,81.8,9,1,5.6,0,0,0,1,1,0
Derick Roberson,30462,ED,TEN,2,0,31,0,2,0,0,0,0,37.5,9,3,33.3,3,3,0,0,92.3,24,26,5,16.7,0,0,2,0,62.5,15,2,6.7,0,1,1,3,4,1
Sheldrick Redwine,50458,S,CLV,8,0,8,0,3,0,0,1,0,33.3,3,1,16.7,0,1,1,0,4.7,9,191,3,16.7,0,0,2,0,66.7,6,2,16.7,0,0,0,0,1,1
Tyrell Adams,10140,LB,HST,2,0,13,0,2,0,0,1,0,40.0,2,1,25.0,0,0,0,0,12.2,6,49,2,16.7,0,0,0,0,60.0,3,0,0.0,0,0,0,0,0,0
Delano Hill,11849,S,SEA,9,0,29,0,1,0,0,0,0,33.3,1,0,0.0,0,0,0,0,1.7,3,177,1,16.7,0,0,1,0,66.7,2,1,25.0,0,0,0,0,0,0
Charvarius Ward,43034,CB,KC,16,0,16,0,1,0,0,0,0,33.3,1,0,0.0,0,0,0,0,0.5,3,631,1,16.7,0,0,1,0,66.7,2,1,25.0,0,0,0,0,0,0
Kevin Johnson,9449,CB,BUF,15,0,4,0,1,0,0,0,0,11.1,1,0,0.0,0,0,0,0,3.8,9,235,2,16.7,0,0,1,0,88.9,8,2,18.8,1,1,0,1,1,0
Keion Crossen,49454,CB,HST,8,0,13,1,0,0,0,0,0,100.0,1,0,0.0,0,0,0,0,3.9,3,76,1,16.7,0,0,0,0,0.0,0,0,,0,0,0,0,0,0
Jamal Adams,11761,S,NYJ,14,0,22,7,10,0,6,7,1,57.3,51,15,16.7,2,2,0,2,15.6,89,571,23,16.3,0,1,3,1,42.7,38,8,15.8,4,5,1,6,7,1
Derwin James,51368,S,LAC,5,0,27,0,5,0,0,2,0,50.0,8,2,12.5,0,0,0,0,9.8,16,164,5,15.6,0,0,3,0,50.0,8,3,18.8,0,0,0,0,0,0
Eric Reid,7799,S,CAR,16,1,5,1,5,1,0,4,0,57.8,26,6,15.4,2,2,0,0,7.3,45,614,10,15.6,0,1,1,0,42.2,19,4,15.8,2,2,0,4,4,0
Jaquiski Tartt,9479,S,SF,12,0,28,0,3,0,0,2,0,56.3,9,2,11.1,0,0,0,0,4.2,16,381,4,15.6,0,0,1,0,43.8,7,2,21.4,1,0,0,1,0,0
Kenny Moore II,51596,CB,IND,11,0,14,1,2,0,0,2,2,44.8,13,4,23.1,2,2,0,2,7.8,29,371,6,15.5,0,1,0,0,55.2,16,2,9.4,1,1,0,3,3,0
Grant Haley,50473,CB,NYG,10,0,21,0,2,0,0,1,0,38.5,5,1,10.0,0,0,0,0,5.3,13,244,3,15.4,0,0,1,0,61.5,8,2,18.8,1,2,1,1,2,1
Terrence Brooks,8714,S,NE,15,0,19,2,2,0,0,1,0,38.5,5,1,10.0,0,0,0,0,7.0,13,186,4,15.4,0,2,1,0,61.5,8,3,18.8,0,0,0,0,0,0
Adrian Amos,9575,S,GB,16,0,12,1,5,0,1,4,0,61.5,16,6,21.9,1,1,0,0,4.3,26,606,7,15.4,0,0,1,0,38.5,10,1,5.0,0,0,0,1,1,0
Landon Collins,9466,S,WAS,15,0,32,2,6,0,0,3,0,63.6,21,3,7.1,0,1,1,0,5.7,33,574,9,15.2,0,2,3,0,36.4,12,6,29.2,1,1,0,1,2,1
Damarious Randall,9463,S,CLV,11,0,8,0,0,0,0,0,0,55.0,11,2,18.2,2,2,0,0,5.2,20,387,3,15.0,0,0,0,0,45.0,9,1,11.1,1,1,1,3,3,1
Jimmy Moreland,28704,CB,WAS,14,0,32,1,2,0,1,2,1,70.0,7,3,21.4,0,0,0,1,3.4,10,290,3,15.0,0,0,0,0,30.0,3,0,0.0,0,0,0,0,0,0
Andrew Sendejo,6118,S,MIN,13,1,18,1,0,1,0,0,0,70.0,7,1,14.3,1,1,0,0,3.7,10,269,2,15.0,0,1,0,0,30.0,3,1,16.7,0,0,0,1,1,0
Tashaun Gipson Sr.,7288,S,HST,14,0,13,3,2,0,3,2,0,94.1,16,5,15.6,0,0,0,0,3.3,17,516,5,14.7,0,0,0,0,5.9,1,0,0.0,0,0,0,0,0,0
Javien Elliott,11418,CB,CAR,11,0,5,1,2,0,0,1,0,58.8,10,2,15.0,1,1,0,0,5.7,17,300,4,14.7,0,1,1,0,41.2,7,2,14.3,0,0,0,1,1,0
Blake Martinez,10765,LB,GB,16,0,12,0,3,0,0,1,0,43.3,13,4,26.9,3,3,0,0,5.2,31,595,6,14.5,0,0,2,0,56.7,17,2,5.9,0,0,0,3,3,0
Eric Murray,10740,CB,CLV,8,0,8,0,4,0,0,3,0,42.9,9,4,27.8,1,1,0,0,10.2,21,206,5,14.3,0,0,1,0,57.1,12,1,4.2,0,0,0,1,1,0
Darian Stewart,5820,S,TB,6,0,30,1,1,0,1,1,0,100.0,7,2,14.3,0,0,0,0,6.9,7,101,2,14.3,0,0,0,0,0.0,0,0,,0,0,0,0,0,0
K'Waun Williams,9332,CB,SF,15,0,28,1,3,0,0,2,0,53.6,15,4,20.0,2,1,0,0,7.4,28,378,6,14.3,0,1,1,0,46.4,13,2,7.7,0,0,0,2,1,0
Micah Hyde,7941,S,BUF,16,0,4,1,3,0,0,1,0,35.7,5,1,10.0,0,0,0,1,2.4,14,583,4,14.3,0,1,2,1,64.3,9,3,16.7,0,0,0,0,0,0
Chauncey Gardner-Johnson,49371,S,NO,15,0,20,4,7,0,4,5,1,79.5,31,9,14.5,0,1,1,1,10.0,39,389,11,14.1,0,0,2,0,20.5,8,2,12.5,0,0,0,0,1,1
Kevin Pierre-Louis,8767,LB,CHI,6,0,6,2,5,0,1,2,0,44.0,11,3,13.6,0,0,0,0,17.9,25,140,7,14.0,0,1,3,0,56.0,14,4,14.3,0,0,0,0,0,0
Jourdan Lewis,11846,CB,DAL,15,0,9,0,1,0,0,0,0,56.0,14,2,14.3,2,2,0,0,6.3,25,397,4,14.0,0,0,1,0,44.0,11,2,13.6,1,1,0,3,3,0
Bradley McDougald,8220,S,SEA,15,0,29,1,2,0,1,1,0,55.6,10,3,20.0,1,1,0,1,3.1,18,575,4,13.9,0,0,1,1,44.4,8,1,6.3,0,0,0,1,1,0
Cody Barton,50727,ED,SEA,7,0,29,1,2,0,1,1,0,54.5,6,2,16.7,0,0,0,0,14.3,11,77,3,13.6,0,0,1,0,45.5,5,1,10.0,0,0,0,0,0,0
Darius Leonard,49684,LB,IND,13,1,14,0,10,1,0,4,0,45.3,24,6,16.7,2,1,0,1,11.9,59,495,13,13.6,0,0,4,1,54.7,29,5,10.3,1,1,1,3,2,1
Jarrad Davis,11776,LB,DET,11,0,11,3,10,0,1,6,0,50.9,28,8,16.1,1,1,0,1,16.7,63,377,15,13.5,0,0,4,1,49.1,27,4,7.4,0,0,0,2,2,0
Deatrich Wise Jr.,11886,ED,NE,14,0,19,8,16,0,4,0,0,30.2,32,6,12.5,2,3,1,1,98.1,106,108,26,13.2,0,4,16,1,69.8,74,20,13.5,0,2,3,2,5,4
Khari Willis,51304,S,IND,14,0,14,0,5,0,0,1,0,42.1,8,1,6.3,0,0,0,1,5.0,19,380,5,13.2,0,0,4,1,57.9,11,4,18.2,0,0,0,0,0,0
Mychal Kendricks,7049,ED,SEA,14,0,29,0,14,0,0,7,1,38.2,29,9,19.0,2,2,0,1,22.3,76,341,17,13.2,0,0,7,0,61.8,47,8,9.6,1,1,0,3,3,0
Kemoko Turay,21702,ED,IND,4,0,14,4,8,0,0,4,0,31.1,19,4,10.5,0,0,0,0,95.3,61,64,14,13.1,0,4,4,0,68.9,42,10,14.3,2,1,0,2,1,0
Fred Warner,51222,LB,SF,16,0,28,1,5,0,0,4,1,37.2,16,6,25.0,2,2,0,1,8.0,46,574,9,13.0,0,1,0,0,62.8,27,2,5.6,1,1,0,3,3,0
Vince Williams,7988,LB,PIT,14,0,25,6,6,0,1,3,1,65.4,34,5,8.8,1,1,0,1,29.3,54,184,13,13.0,0,4,3,0,34.6,18,7,19.4,0,0,1,1,1,1
Jordan Poyer,8000,S,BUF,16,0,4,0,5,0,0,4,0,57.1,16,4,12.5,0,0,0,0,4.8,28,584,6,12.5,0,0,1,0,42.9,12,2,12.5,1,1,0,1,1,0
Zach Brown,7055,LB,PHI,6,0,24,1,3,0,1,2,0,78.6,11,3,13.6,0,0,0,0,11.0,16,146,4,12.5,0,0,1,0,21.4,3,1,16.7,0,0,0,0,0,0
Ricardo Allen,8782,S,ATL,16,0,2,0,2,0,0,0,0,62.5,5,0,0.0,0,0,0,0,1.5,8,545,2,12.5,0,0,2,0,37.5,3,2,33.3,0,0,0,0,0,0
Corey Ballentine,83833,CB,NYG,8,0,21,1,1,0,0,1,0,37.5,3,1,16.7,0,0,0,0,4.3,8,188,2,12.5,0,1,0,0,62.5,5,1,10.0,0,0,0,0,0,0
Deionte Thompson,25444,S,ARZ,8,0,1,1,0,0,1,0,0,50.0,2,1,25.0,0,0,0,0,2.4,4,166,1,12.5,0,0,0,0,50.0,2,0,0.0,0,0,0,0,0,0
Malcolm Jenkins,4937,S,PHI,16,0,24,2,6,0,0,5,1,60.0,42,8,13.1,3,4,1,1,11.3,72,635,13,12.5,0,2,1,0,40.0,28,5,12.5,2,2,0,5,6,1
Eric Kendricks,9478,LB,MIN,15,0,18,1,14,0,0,4,0,43.1,28,4,7.1,0,0,0,0,11.9,68,573,16,12.5,0,1,9,0,56.9,37,11,16.2,1,1,0,1,1,0
Carroll Phillips,48353,ED,WAS,1,0,32,1,1,0,0,0,0,12.5,1,0,0.0,0,0,0,0,88.9,8,9,2,12.5,0,1,1,0,87.5,7,2,14.3,0,1,1,0,1,1
Leon Jacobs,44980,LB,JAX,14,0,15,0,3,0,0,3,0,38.9,14,4,17.9,1,0,0,0,27.1,36,133,6,12.5,0,0,0,0,61.1,22,2,9.1,2,1,0,3,1,0
Kevin Peterson,11302,CB,ARZ,8,0,1,0,1,0,0,1,0,50.0,2,1,25.0,0,0,0,0,2.3,4,173,1,12.5,0,0,0,0,50.0,2,0,0.0,0,0,0,0,0,0
Nickell Robey-Coleman,8483,CB,LA,16,0,26,0,1,0,0,0,0,75.0,3,0,0.0,0,0,0,0,0.8,4,493,1,12.5,0,0,1,0,25.0,1,1,50.0,0,0,0,0,0,0
Jeff Heath,8396,S,DAL,13,0,9,1,4,0,0,3,0,70.0,14,3,10.7,0,0,0,0,4.5,20,441,5,12.5,0,1,1,0,30.0,6,2,16.7,0,0,0,0,0,0
Rashaan Melvin,8334,CB,DET,13,0,11,0,2,0,0,1,0,50.0,4,1,12.5,0,0,0,0,1.5,8,528,2,12.5,0,0,1,0,50.0,4,1,12.5,0,0,0,0,0,0
Anthony Harris,9895,S,MIN,14,0,18,1,2,0,0,2,0,50.0,6,2,16.7,0,0,0,0,2.1,12,559,3,12.5,0,1,0,0,50.0,6,1,8.3,0,0,0,0,0,0
Breon Borders,39398,CB,WAS,6,0,32,1,0,0,1,0,0,25.0,1,1,50.0,0,0,0,0,7.1,4,56,1,12.5,0,0,0,0,75.0,3,0,0.0,0,0,0,0,0,0
Budda Baker,11791,S,ARZ,16,1,1,2,9,1,1,5,1,44.4,24,6,12.5,0,0,1,1,8.2,54,657,12,12.0,0,1,4,0,55.6,30,6,11.7,1,1,0,1,1,1
Shaun Dion Hamilton,49706,LB,WAS,15,0,32,1,3,0,0,0,0,40.0,8,0,0.0,0,0,0,0,12.3,25,204,5,12.0,0,0,3,0,60.0,12,4,20.8,1,1,0,1,1,0
Wesley Woodyard,4583,LB,TEN,14,0,31,1,2,0,1,2,0,55.0,11,3,13.6,0,0,0,0,10.8,21,194,4,11.9,0,0,0,0,45.0,9,1,11.1,1,1,0,1,1,0
D.J. Hayden,7793,CB,JAX,15,0,15,3,2,0,2,1,1,52.6,20,5,17.5,2,2,0,1,9.3,38,407,7,11.8,0,1,1,0,47.4,18,2,5.6,0,0,0,2,2,0
T.J. Carrie,8853,CB,CLV,15,0,8,1,6,0,0,4,1,39.5,15,5,20.0,1,1,0,1,9.1,38,417,8,11.8,0,1,2,0,60.5,23,3,6.5,0,0,0,1,1,0
Jordan Whitehead,49196,S,TB,14,0,30,1,11,0,0,9,1,58.8,30,9,15.0,0,0,0,1,8.7,52,599,12,11.5,0,1,1,0,41.2,21,2,4.8,0,0,0,0,0,0
Mark Barron,7013,LB,PIT,15,0,25,0,4,0,0,3,0,51.9,27,6,16.7,3,2,1,0,11.7,52,444,8,11.5,0,0,1,0,48.1,25,2,6.0,1,0,0,4,2,1
Jonathan Ledbetter,18645,ED,MIA,1,0,17,0,1,0,0,1,0,61.5,8,2,18.8,1,1,0,0,100.0,13,13,2,11.5,0,0,0,0,38.5,5,0,0.0,0,0,0,1,1,0
Darnell Savage,34247,S,GB,14,0,12,1,4,0,0,2,1,50.0,11,2,9.1,0,1,1,1,4.4,22,499,5,11.4,0,1,2,0,50.0,11,3,13.6,0,0,0,0,1,1
Zach Cunningham,11812,LB,HST,16,0,13,0,7,0,0,4,0,44.4,20,5,15.0,1,0,0,0,8.8,49,558,9,11.2,0,0,2,0,55.6,25,3,8.0,1,1,0,2,1,0
Duke Dawson Jr.,51576,CB,DEN,10,0,10,0,2,0,0,2,0,66.7,6,2,16.7,0,0,0,0,4.2,9,213,2,11.1,0,0,0,0,33.3,3,0,0.0,0,0,0,0,0,0
Juston Burris,10752,S,CLV,12,0,8,1,3,0,0,2,0,48.1,13,2,7.7,0,0,0,0,12.4,27,217,5,11.1,0,1,1,0,51.9,14,3,14.3,1,1,0,1,1,0
Mike Edwards,51282,S,TB,14,0,30,0,2,0,0,2,0,61.1,11,2,9.1,0,0,0,0,4.4,18,413,3,11.1,0,0,0,0,38.9,7,1,14.3,1,1,0,1,1,0
Tramon Williams,3558,CB,GB,16,0,12,1,1,0,1,0,0,44.4,4,1,12.5,0,0,0,0,1.9,9,485,2,11.1,0,0,1,0,55.6,5,1,10.0,0,0,0,0,0,0
Kendall Sheffield,34105,CB,ATL,14,0,2,0,2,0,0,1,0,66.7,6,1,8.3,0,0,0,0,2.1,9,425,2,11.1,0,0,1,0,33.3,3,1,16.7,0,0,0,0,0,0
Jahleel Addae,8117,LB,HST,16,0,13,0,6,0,0,3,0,59.3,16,3,9.4,0,0,0,0,8.0,27,339,6,11.1,0,0,3,0,40.7,11,3,13.6,0,0,0,0,0,0
Tramaine Brock Sr.,5903,CB,TEN,14,0,31,2,2,0,0,1,0,66.7,12,1,4.2,0,0,0,0,3.9,18,461,4,11.1,0,2,1,0,33.3,6,3,25.0,0,0,0,0,0,0
Jamie Collins Sr.,7833,LB,NE,16,0,19,3,19,0,1,6,1,43.2,67,10,9.7,3,3,0,2,35.5,173,488,30,11.0,0,2,12,1,56.8,88,16,10.2,2,2,0,8,8,0
Nathan Gerry,11940,LB,PHI,16,0,24,0,5,0,0,3,0,50.0,18,4,13.9,1,0,0,0,12.4,41,331,7,11.0,0,0,2,0,50.0,18,2,5.6,0,0,1,2,1,1
Kevin Minter,7826,LB,TB,7,0,30,1,10,0,1,2,0,40.0,18,3,8.3,0,0,0,1,26.5,50,189,11,11.0,0,0,6,1,60.0,27,6,11.1,0,0,0,0,0,0
Alec Ogletree,7811,LB,NYG,13,0,21,3,9,0,1,2,1,44.9,31,5,11.3,2,1,0,1,15.7,74,470,14,10.8,0,1,7,0,55.1,38,8,10.5,0,0,0,2,1,0
Danny Trevathan,7177,LB,CHI,9,0,6,3,3,0,1,0,0,55.9,19,2,7.9,1,1,0,0,11.4,37,325,7,10.8,0,2,3,0,44.1,15,5,16.7,0,0,0,1,1,0
Shaq Thompson,9458,LB,CAR,14,0,5,1,5,0,0,3,0,51.9,28,4,8.9,1,1,0,0,10.2,56,550,9,10.7,0,1,2,0,48.1,26,5,13.5,2,2,0,3,3,0
Cory Littleton,11190,LB,LA,16,0,26,0,10,0,0,5,0,43.4,23,5,10.9,0,0,0,0,11.2,66,591,12,10.6,0,0,2,0,56.6,30,4,10.0,2,1,0,2,1,0
Za'Darius Smith,9555,ED,GB,16,0,12,22,55,0,7,21,2,34.9,176,32,10.2,4,5,2,2,98.5,512,520,93,10.6,0,13,33,0,65.1,329,58,10.6,12,13,2,16,18,4
Mike Hilton,10898,CB,PIT,16,0,25,3,5,0,1,1,0,36.8,21,3,9.5,1,2,1,1,13.8,57,413,10,10.5,0,2,4,1,63.2,36,7,11.1,1,1,1,2,3,2
Kwon Alexander,9557,LB,SF,8,0,28,0,2,0,0,0,0,31.6,6,1,16.7,1,1,0,1,9.2,19,206,3,10.5,0,0,2,1,68.4,13,2,7.7,0,0,0,1,1,0
Jalen Reeves-Maybin,11879,LB,DET,9,0,11,1,4,0,1,1,0,41.2,7,2,14.3,0,0,0,0,14.0,24,172,5,10.4,0,0,1,0,58.8,10,1,5.0,0,0,0,0,0,0
Neville Hewitt,9836,LB,NYJ,12,0,22,4,7,0,2,3,0,52.6,30,6,11.7,1,1,0,1,16.3,73,447,13,10.3,0,1,2,0,47.4,27,4,9.3,1,2,1,2,3,1
Damien Wilson,9560,LB,KC,16,0,16,2,7,0,1,3,0,54.0,34,6,11.8,2,2,0,0,18.2,63,347,11,10.3,0,1,4,0,46.0,29,5,8.6,0,0,0,2,2,0
T.J. Watt,11785,ED,PIT,16,0,25,19,44,0,18,44,1,98.3,472,80,10.4,18,16,2,1,90.9,481,529,81,10.3,0,1,0,0,1.7,8,1,6.3,0,0,0,18,16,2
David Mayo,9602,LB,NYG,13,0,21,0,6,0,0,4,0,59.5,22,5,13.6,1,1,0,0,12.5,39,311,7,10.3,0,0,2,0,40.5,15,2,6.7,0,0,0,1,1,0
Cole Holcomb,49753,LB,WAS,16,0,32,0,6,0,0,2,2,50.0,18,2,5.6,0,0,0,2,10.4,39,375,7,10.3,0,0,2,0,50.0,18,3,11.1,1,1,0,1,1,0
Earl Thomas III,5539,S,BLT,15,0,3,2,7,0,1,7,0,53.8,28,8,14.3,0,0,0,0,9.7,54,557,10,10.2,0,1,0,0,46.2,24,2,6.3,1,1,0,1,1,0
Demario Davis,7079,LB,NO,16,0,20,5,19,0,3,8,0,44.5,69,12,9.4,1,1,0,2,25.7,158,614,28,10.1,0,2,10,1,55.5,86,15,10.5,3,3,1,4,4,1
Nevin Lawson,8768,CB,OAK,10,0,23,1,0,0,0,0,0,60.0,3,0,0.0,0,0,0,0,2.5,5,203,1,10.0,0,1,0,0,40.0,2,1,25.0,0,0,0,0,0,0
Karl Joseph,10648,S,OAK,9,0,23,1,1,0,1,1,0,80.0,8,2,12.5,0,0,0,0,3.1,10,323,2,10.0,0,0,0,0,20.0,2,0,0.0,0,0,0,0,0,0
Reggie Ragland,10675,LB,KC,14,1,16,1,7,0,0,3,0,39.0,23,4,10.9,1,1,0,0,48.0,60,125,10,10.0,1,1,4,0,61.0,36,6,9.7,1,1,0,2,2,0
George Odum,31342,S,IND,14,0,14,1,0,0,0,0,0,60.0,3,0,0.0,0,0,0,0,2.1,5,234,1,10.0,0,1,0,0,40.0,2,1,25.0,0,0,0,0,0,0
Ryan Connelly,49840,LB,NYG,4,0,21,0,1,0,0,1,0,60.0,9,2,16.7,1,1,0,0,16.1,15,93,2,10.0,0,0,0,0,40.0,6,0,0.0,0,0,0,1,1,0
Darqueze Dennard,8659,CB,CIN,9,0,7,2,1,0,0,1,0,73.3,11,1,4.5,0,0,0,0,5.2,15,290,3,10.0,0,2,0,0,26.7,4,2,25.0,0,0,0,0,0,0
Matt Milano,11918,LB,BUF,15,0,4,5,7,0,5,3,0,49.4,39,10,15.4,2,2,0,1,14.8,80,539,14,10.0,0,0,3,1,50.6,40,3,3.8,0,1,1,2,3,1
Bobby Okereke,50954,LB,IND,16,0,14,0,1,0,0,0,0,35.7,5,1,20.0,1,1,0,0,6.8,15,222,2,10.0,0,0,1,0,64.3,9,1,5.6,0,0,0,1,1,0
Damontae Kazee,11904,CB,ATL,16,0,2,0,2,0,0,2,0,60.0,6,2,16.7,0,0,0,0,2.0,10,500,2,10.0,0,0,0,0,40.0,4,0,0.0,0,0,0,0,0,0
Joe Schobert,10733,LB,CLV,16,0,8,2,6,0,2,4,0,54.7,29,7,13.8,1,1,0,0,10.4,60,575,10,10.0,0,0,2,0,45.3,24,3,8.3,1,1,0,2,2,0
B.J. Goodson,10743,LB,GB,13,0,12,0,2,0,0,0,0,40.0,4,0,0.0,0,0,0,0,10.2,10,98,2,10.0,0,0,2,0,60.0,6,2,16.7,0,0,0,0,0,0
Dee Ford,8658,ED,SF,11,1,28,1,17,1,1,16,1,88.9,144,23,10.1,6,7,1,1,96.4,162,168,25,9.9,0,0,1,0,11.1,18,2,8.3,1,0,0,7,7,1
Cameron Wake,4907,ED,TEN,9,0,31,8,20,0,8,20,1,96.5,166,31,10.2,3,3,0,1,98.9,172,174,31,9.9,0,0,0,0,3.5,6,0,0.0,0,0,0,3,3,0
Jordan Hicks,9517,LB,ARZ,16,0,1,5,9,0,2,3,0,63.6,42,5,6.0,0,2,2,0,13.6,91,667,16,9.9,0,3,2,0,36.4,24,6,14.6,1,1,0,2,4,2
Haason Reddick,11768,LB,ARZ,16,0,1,3,19,0,1,12,1,55.8,67,14,11.2,1,3,3,1,27.6,123,446,23,9.8,0,2,6,0,44.2,53,8,7.5,0,3,3,1,6,6
Von Miller,6154,ED,DEN,15,0,10,10,58,0,9,45,2,74.0,324,58,9.6,4,5,1,2,91.1,438,481,77,9.8,0,1,13,0,26.0,114,19,10.5,5,4,0,9,9,1
Myles Garrett,11756,ED,CLV,10,0,8,9,31,0,2,8,0,37.7,113,14,8.0,4,4,0,0,97.1,300,309,49,9.7,0,7,23,0,62.3,187,35,10.7,5,5,0,9,9,0
J.J. Watt,6163,ED,HST,8,0,13,16,31,0,14,25,2,90.8,267,44,9.2,5,6,3,3,99.7,294,295,52,9.7,0,2,6,1,9.2,27,8,14.8,0,0,0,5,6,3
Nick Bosa,42741,ED,SF,16,0,28,18,52,0,5,10,0,22.3,103,18,10.2,3,2,0,5,98.1,462,471,80,9.7,0,13,42,5,77.7,359,62,9.6,7,10,6,10,12,6
Damontre Moore,7862,ED,SF,2,0,28,1,6,0,1,0,0,30.6,11,1,4.5,0,0,1,0,100.0,36,36,7,9.7,0,0,6,0,69.4,25,6,12.0,0,2,2,0,2,3
Danielle Hunter,9521,ED,MIN,16,0,18,11,62,0,11,60,1,95.3,503,85,9.8,14,15,1,1,98.5,529,537,88,9.7,0,0,2,0,4.7,25,3,8.0,1,1,0,15,16,1
Buster Skrine,6289,CB,CHI,16,0,6,2,3,0,1,0,0,65.4,17,1,2.9,0,0,0,0,5.4,26,482,5,9.6,0,1,3,0,34.6,9,4,22.2,0,0,0,0,0,0
Brandon Copeland,8378,LB,NYJ,12,0,22,2,3,0,1,2,0,80.4,37,4,6.8,1,0,0,0,29.2,47,161,7,9.6,0,1,1,0,19.6,9,3,22.2,1,1,0,2,1,0
Bobby Wagner,7050,LB,SEA,16,0,29,2,9,0,2,3,0,44.8,26,5,9.6,0,0,0,0,12.2,78,638,13,9.6,0,0,6,0,55.2,32,6,9.4,0,0,0,2,2,0
A.J. Klein,7930,LB,NO,15,0,20,2,8,0,1,4,0,57.3,47,5,5.3,0,1,1,0,18.8,84,448,13,9.5,0,0,4,0,42.7,35,7,14.3,3,2,0,3,3,1
Vinny Curry,7061,ED,PHI,16,3,24,7,29,1,6,13,0,46.9,114,20,9.2,1,1,2,0,98.0,243,248,41,9.5,2,1,16,0,53.1,129,21,9.7,4,5,1,5,6,3
Anthony Levine,6013,S,BLT,14,0,3,3,3,0,1,0,0,16.7,5,1,10.0,0,0,0,0,22.5,32,142,6,9.4,0,2,3,0,83.3,25,5,10.0,0,0,0,0,0,0
Rodney McLeod,7271,S,PHI,16,0,24,0,6,0,0,3,0,48.4,15,3,10.0,0,0,0,1,5.0,32,635,6,9.4,0,0,2,1,51.6,16,2,6.3,0,0,0,0,0,0
Josh Bynes,6503,LB,BLT,12,0,3,1,3,0,0,1,1,48.0,12,1,4.2,0,0,0,1,17.1,32,187,5,9.4,0,0,0,0,52.0,13,1,7.7,1,1,0,1,1,0
Shaquil Barrett,9000,ED,TB,16,0,30,18,43,0,11,26,1,43.1,231,44,11.0,7,9,4,3,91.2,538,590,81,9.4,0,7,17,2,56.9,305,37,8.2,13,14,3,20,23,7
Jamal Perry,12259,CB,MIA,14,0,17,0,3,0,0,1,1,37.5,6,1,8.3,0,0,0,1,4.5,16,358,3,9.4,0,0,2,0,62.5,10,2,10.0,0,0,0,0,0,0
Tahir Whitehead,7135,LB,OAK,16,0,23,1,5,0,1,3,0,56.7,17,4,11.8,0,0,0,1,6.3,32,506,6,9.4,0,0,2,1,43.3,13,2,7.7,0,0,1,0,0,1
Devin White,43089,LB,TB,13,0,30,2,7,0,1,1,0,38.3,23,4,13.0,2,2,0,0,15.7,81,515,12,9.3,0,1,3,0,61.7,37,4,5.4,0,0,0,3,4,2
Joey Bosa,10637,ED,LAC,16,1,27,17,43,1,9,24,0,52.8,242,41,10.1,8,8,2,0,99.8,458,459,72,9.2,0,8,19,0,47.2,216,31,8.1,4,7,5,12,15,7
Jaylon Smith,10668,LB,DAL,16,0,9,0,6,0,0,1,1,46.0,29,3,8.6,2,2,0,1,11.0,65,590,9,9.2,0,0,4,0,54.0,34,5,8.8,1,1,0,3,3,0
Alexander Johnson,15267,LB,DEN,12,0,10,2,11,0,1,6,0,45.7,42,8,10.7,1,1,0,0,20.9,92,441,15,9.2,0,1,5,0,54.3,50,7,8.0,1,2,1,2,3,1
Robert Quinn,6166,ED,DAL,14,0,9,12,33,0,0,0,0,0.0,0,0,,0,0,0,1,99.5,374,376,57,9.2,0,12,33,1,100.0,374,57,9.2,12,12,3,12,12,3
Kenny Vaccaro,7796,S,TEN,16,1,31,5,4,0,0,2,0,40.7,24,3,8.3,1,1,0,0,9.4,60,640,10,9.2,1,5,2,0,59.3,35,7,10.0,0,0,0,1,1,0
Christian Miller,50078,ED,CAR,7,1,5,0,5,0,0,2,0,53.1,26,2,3.8,0,0,0,0,92.5,49,53,7,9.2,1,0,3,0,46.9,23,5,15.2,2,2,0,2,2,0
Jayrone Elliott,9336,ED,PIT,4,0,25,0,2,0,0,2,0,54.5,6,2,16.7,0,0,0,0,91.7,11,12,2,9.1,0,0,0,0,45.5,5,0,0.0,0,0,0,0,0,0
Gerald Willis III,27584,DI,MIA,2,0,17,0,2,0,0,0,0,25.0,2,0,0.0,0,0,0,0,100.0,11,11,2,9.1,0,0,1,0,75.0,6,1,8.3,0,0,0,0,0,0
Jacob Martin,50152,ED,HST,14,0,13,2,19,0,0,15,2,78.5,124,19,9.3,4,5,1,2,94.7,160,169,25,9.1,0,2,4,0,21.5,34,6,8.8,0,0,0,4,5,1
Aaron Lynch,8785,ED,CHI,16,1,6,7,14,1,3,11,0,71.7,99,14,7.1,0,0,0,0,87.9,138,157,23,9.1,0,4,3,0,28.3,39,9,14.1,2,2,0,2,2,0
Deone Bucannon,8662,LB,NYG,11,0,21,1,3,0,1,3,0,45.0,9,4,22.2,0,0,0,0,14.0,22,157,4,9.1,0,0,0,0,55.0,11,0,0.0,0,0,0,0,0,0
Cameron Jordan,6176,ED,NO,16,1,20,8,59,1,7,56,6,88.7,479,77,9.5,14,14,1,6,98.0,542,553,83,9.1,0,1,3,0,11.3,61,6,6.6,2,3,1,16,17,2
Ja'Whaun Bentley,50966,LB,NE,15,0,19,1,5,0,0,3,0,64.0,16,3,9.4,0,0,0,0,23.1,33,143,6,9.1,0,1,0,0,36.0,9,1,5.6,0,0,0,0,0,0
Matthew Judon,10780,ED,BLT,16,1,3,25,27,0,16,13,0,59.6,239,32,7.3,3,5,3,1,80.4,405,504,62,8.9,1,9,14,1,40.4,162,29,10.8,6,8,2,10,14,5
Todd Davis,9007,LB,DEN,14,0,10,1,4,0,1,2,1,53.6,15,3,10.0,0,0,0,2,5.4,28,516,5,8.9,0,0,2,1,46.4,13,2,7.7,0,0,0,0,0,0
Harrison Smith,7641,S,MIN,15,1,18,1,5,0,1,1,0,63.6,21,2,4.8,0,0,0,0,5.8,34,583,6,8.8,1,0,4,0,36.4,12,4,16.7,0,0,0,0,0,0
Tyrann Mathieu,7850,S,KC,16,0,16,1,4,0,1,3,0,47.1,24,4,8.3,0,0,1,0,8.1,51,630,7,8.8,0,0,1,0,52.9,27,3,9.3,2,2,0,2,2,1
Marcus Davenport,50291,ED,NO,13,0,20,9,35,0,0,1,0,7.9,25,2,6.0,1,2,1,1,91.9,318,346,50,8.8,0,9,33,1,92.1,290,47,9.0,5,7,3,6,9,4
Justin Reid,49048,S,HST,15,0,13,1,2,0,0,0,0,11.8,2,0,0.0,0,0,0,0,3.0,17,568,3,8.8,0,1,2,0,88.2,15,3,10.0,0,0,0,0,0,0
Daniel Sorensen,9253,S,KC,16,0,16,2,5,0,1,3,0,47.5,19,4,10.5,0,0,0,0,10.3,40,389,7,8.8,0,1,2,0,52.5,21,3,7.1,0,0,1,0,0,1
Frankie Luvu,51028,ED,NYJ,8,0,22,2,0,0,2,0,0,100.0,23,3,8.7,1,2,2,0,48.9,23,47,3,8.7,0,0,0,0,0.0,0,0,,0,0,0,1,2,2
Aaron Donald,8648,DI,LA,16,0,26,13,53,0,8,23,2,43.6,235,37,9.1,6,5,0,2,100.0,539,539,80,8.7,0,5,30,0,56.4,304,43,8.4,8,9,3,14,14,3
Anthony Hitchens,8754,LB,KC,15,1,16,2,2,0,1,2,0,52.4,22,3,6.8,0,0,0,0,12.6,46,366,6,8.7,1,1,0,0,47.6,20,2,7.5,1,1,0,2,2,0
Preston Smith,9471,ED,GB,16,0,12,10,32,0,7,17,3,69.7,276,32,7.2,8,6,1,5,75.7,396,523,55,8.6,0,3,15,2,30.3,120,23,11.7,5,5,0,13,11,1
Shaq Lawson,10653,ED,BUF,15,1,4,13,18,1,7,8,0,37.0,97,17,9.8,2,3,2,2,96.7,262,271,38,8.6,0,6,10,2,63.0,165,21,7.9,5,5,0,7,8,2
Adrian Clayborn,6172,ED,ATL,15,1,2,5,39,0,0,0,0,1.0,3,0,0.0,0,0,0,1,97.4,301,309,48,8.6,1,5,39,1,99.0,298,48,8.7,4,6,3,4,6,3
Dante Fowler Jr.,9436,ED,LA,16,0,26,3,49,0,2,29,2,48.4,230,40,10.7,9,7,1,5,89.5,475,531,67,8.6,0,1,20,3,51.6,245,27,6.7,6,6,2,15,13,3
Josh Allen,50235,ED,JAX,16,1,15,14,23,0,10,14,0,61.1,218,34,10.1,10,11,4,1,93.9,357,380,49,8.5,1,4,9,1,38.9,139,15,6.1,2,3,1,12,14,5
Chris Jones,10671,DI,KC,13,0,16,14,35,0,6,21,3,48.5,181,31,9.7,4,5,1,3,98.3,395,402,58,8.5,0,8,14,0,51.5,192,27,8.3,5,5,1,9,10,2
James Burgess,11202,LB,NYJ,10,0,22,0,6,0,0,4,0,45.2,19,5,15.8,1,0,0,0,11.8,47,400,7,8.5,0,0,1,0,54.8,23,1,2.2,0,0,0,1,0,0
Shawn Williams,7865,S,CIN,16,0,7,2,4,0,1,3,2,52.2,24,5,12.5,1,1,0,2,8.8,47,534,7,8.5,0,1,1,0,47.8,22,2,4.5,0,0,0,1,1,0
Clay Matthews,4949,ED,LA,13,1,26,6,27,1,6,21,2,68.5,189,32,9.8,5,4,1,3,81.4,276,339,40,8.5,0,0,6,1,31.5,87,8,5.7,2,2,1,7,6,2
Benson Mayowa,8196,ED,OAK,15,2,23,4,18,2,4,18,1,99.6,224,30,8.5,8,7,2,1,96.2,225,234,30,8.4,0,0,0,0,0.4,1,0,0.0,0,0,0,8,7,2
Julian Love,51081,S,NYG,8,0,21,1,1,0,0,0,0,58.3,7,0,0.0,0,0,0,0,4.8,12,248,2,8.3,0,1,1,0,41.7,5,2,20.0,0,0,0,0,0,0
Julian Stanford,7372,LB,BUF,1,0,4,0,1,0,0,0,0,60.0,3,0,0.0,0,0,0,0,18.2,6,33,1,8.3,0,0,1,0,40.0,2,1,25.0,0,0,0,0,0,0
Akeem King,9682,S,SEA,9,0,29,1,0,0,0,0,0,50.0,3,0,0.0,0,0,0,0,3.5,6,173,1,8.3,0,1,0,0,50.0,3,1,16.7,0,0,0,0,0,0
Kevin Givens,28308,DI,SF,1,0,28,0,1,0,0,0,0,50.0,3,0,0.0,0,0,0,0,100.0,6,6,1,8.3,0,0,1,0,50.0,3,1,16.7,0,0,0,0,0,0
Leighton Vander Esch,50950,LB,DAL,9,0,9,1,2,0,1,2,0,61.1,11,3,13.6,0,0,0,0,6.2,18,290,3,8.3,0,0,0,0,38.9,7,0,0.0,0,0,0,0,0,0
Dylan Cole,24304,LB,HST,11,0,13,0,2,0,0,1,0,50.0,6,1,8.3,0,0,0,0,12.6,12,95,2,8.3,0,0,1,0,50.0,6,1,8.3,0,0,0,0,0,0
Miles Killebrew,10745,LB,DET,4,0,11,0,1,0,0,1,0,16.7,1,1,50.0,0,0,0,0,9.8,6,61,1,8.3,0,0,0,0,83.3,5,0,0.0,0,0,0,0,0,0
Kamu Grugier-Hill,10842,LB,PHI,10,0,24,1,2,0,0,2,1,55.6,10,2,10.0,0,0,0,1,11.7,18,154,3,8.3,0,1,0,0,44.4,8,1,6.3,0,0,0,0,0,0
Ronnie Harrison,49206,S,JAX,14,0,15,0,3,0,0,3,0,63.3,19,3,7.9,0,0,0,0,6.2,30,486,4,8.3,0,0,0,0,36.7,11,1,9.1,1,1,0,1,1,0
Thomas Davis Sr.,2231,LB,LAC,16,0,27,0,1,0,0,0,0,60.0,9,1,11.1,1,1,0,0,4.5,18,396,2,8.3,0,0,1,0,40.0,6,1,8.3,0,0,0,1,1,0
Duron Harmon,7872,S,NE,16,0,19,2,2,0,0,0,0,41.7,10,0,0.0,0,0,0,0,5.5,24,433,4,8.3,0,2,2,0,58.3,14,4,14.3,0,0,0,0,0,0
P.J. Williams,9511,CB,NO,14,0,20,1,3,0,0,0,0,41.7,15,0,0.0,0,0,0,2,7.0,36,514,5,8.3,0,1,3,2,58.3,21,5,14.3,1,1,0,1,1,0
Lamarcus Joyner,8676,CB,OAK,14,0,23,0,3,0,0,1,0,44.4,8,1,6.3,0,0,0,0,4.2,18,432,3,8.3,0,0,2,0,55.6,10,2,10.0,0,0,0,0,0,0
Justin Houston,6222,ED,IND,16,1,14,9,40,0,3,13,1,28.5,123,17,7.3,1,1,0,2,96.0,431,449,60,8.2,1,6,27,1,71.5,308,43,8.6,10,13,3,11,14,3
Trey Flowers,9534,ED,DET,15,0,11,14,41,0,6,1,0,14.1,57,8,7.9,1,1,0,3,95.3,423,444,62,8.2,0,8,35,1,85.9,347,49,7.9,6,6,1,7,7,1
Carlos Dunlap,5579,ED,CIN,14,1,7,13,28,1,11,26,1,65.9,245,44,10.4,7,6,3,1,91.9,372,405,51,8.2,0,2,2,0,34.1,127,7,3.9,3,5,3,10,11,6
Chandler Jones,7027,ED,ARZ,16,0,1,7,49,0,2,26,1,52.8,304,38,7.9,10,9,0,3,90.7,576,635,75,8.2,0,5,23,2,47.2,272,37,8.5,9,10,1,19,19,1
Calais Campbell,4364,DI,JAX,16,1,15,19,46,0,11,33,1,58.0,266,47,9.4,3,4,1,2,99.6,480,482,72,8.2,1,8,12,1,42.0,193,24,7.3,4,4,2,7,8,3
Lorenzo Alexander,2476,ED,BUF,16,1,4,7,20,0,5,15,0,66.5,135,22,8.9,2,4,2,1,72.2,203,281,30,8.1,1,2,5,1,33.5,68,8,6.6,1,1,0,3,5,2
L.J. Fort,7292,LB,BLT,11,0,3,0,7,0,0,3,0,54.1,20,3,7.5,0,0,0,0,27.7,43,155,7,8.1,0,0,3,0,45.9,17,3,8.8,0,0,0,0,0,0
Khalil Mack,8640,ED,CHI,16,0,6,7,54,0,3,35,4,50.5,250,41,8.8,3,3,1,6,91.3,496,543,70,8.0,0,4,19,2,49.5,245,29,7.1,6,7,1,9,10,2
Anthony Walker,11916,LB,IND,16,0,14,0,2,0,0,1,0,45.0,9,2,16.7,1,1,0,0,5.5,25,451,3,8.0,0,0,0,0,55.0,11,0,0.0,0,0,0,1,1,0
Lavonte David,7060,LB,TB,16,1,30,3,9,0,2,5,0,40.0,34,8,13.2,1,1,0,0,12.0,88,732,13,8.0,1,1,4,0,60.0,51,5,4.9,0,0,0,1,2,1
Markus Golden,9491,ED,NYG,16,2,21,15,37,2,10,33,6,84.2,400,49,6.9,6,5,4,6,91.0,476,523,64,8.0,0,5,4,0,15.8,75,15,14.0,6,6,0,12,11,4
Jermaine Whitehead,9698,S,CLV,8,0,8,1,3,0,1,3,0,48.0,12,4,16.7,0,0,0,0,9.4,25,266,4,8.0,0,0,0,0,52.0,13,0,0.0,0,0,0,0,0,0
Kiko Alonso,7827,LB,NO,12,1,20,2,5,1,0,5,1,58.5,24,5,10.4,0,0,0,1,23.3,44,189,7,8.0,0,0,0,0,41.5,17,0,0.0,0,0,0,0,0,0
Nicholas Morrow,51674,LB,OAK,16,0,23,4,3,0,2,0,0,32.6,14,2,7.1,0,0,1,0,10.3,44,429,7,8.0,0,1,3,0,67.4,29,4,6.9,0,1,1,0,1,2
Arik Armstead,9450,ED,SF,16,1,28,8,43,1,7,40,3,86.3,392,56,8.3,9,14,5,3,99.1,457,461,62,8.0,0,1,3,0,13.7,62,6,6.5,2,3,1,11,17,6
Zach Sieler,66917,DI,MIA,6,0,17,0,6,0,0,2,0,38.5,15,3,13.3,1,1,0,1,98.0,50,51,7,8.0,0,0,4,1,61.5,24,4,8.3,0,0,1,1,1,1
Brandon Graham,5538,ED,PHI,16,1,24,11,47,1,8,41,1,81.3,392,55,7.8,6,9,5,1,97.4,482,495,67,7.9,0,3,6,0,18.7,90,12,8.3,3,5,2,9,14,7
Terrell Edmunds,51334,S,PIT,16,0,25,2,1,0,2,0,0,64.7,11,2,9.1,0,0,0,0,3.3,19,581,3,7.9,0,0,0,0,35.3,6,0,0.0,0,0,0,0,0,0
D.J. Swearinger Sr.,7838,S,NO,9,0,20,2,1,0,1,1,0,63.2,12,2,8.3,0,0,0,0,7.1,19,268,3,7.9,0,1,0,0,36.8,7,1,7.1,0,0,0,0,0,0
Tremaine Edmunds,50905,LB,BUF,16,0,4,2,4,0,0,2,0,66.7,34,3,5.9,1,2,1,0,10.8,63,585,8,7.9,0,0,1,0,33.3,17,2,8.8,1,0,0,2,2,1
Melvin Ingram III,7024,ED,LAC,13,0,27,4,35,0,3,20,1,52.0,182,29,9.6,6,8,5,1,90.2,351,389,47,7.8,0,1,15,0,48.0,168,18,6.0,2,4,3,8,12,8
Olivier Vernon,7074,ED,CLV,10,2,8,7,24,0,3,9,3,40.4,101,13,6.9,1,0,0,3,94.3,250,265,35,7.8,2,4,15,0,59.6,149,22,8.4,3,4,1,4,4,1
Carl Lawson,11871,ED,CIN,12,0,7,16,14,0,4,3,0,6.7,17,8,26.5,1,1,0,0,90.5,256,283,35,7.8,0,12,11,0,93.3,238,27,6.5,4,5,1,5,6,1
Ryan Kerrigan,6168,ED,WAS,12,0,32,7,23,0,6,20,1,81.6,230,33,8.7,7,6,1,1,86.2,282,327,37,7.8,0,1,3,0,18.4,52,4,3.8,0,0,0,7,6,1
Javon Hargrave,10723,DI,PIT,16,1,25,2,43,1,1,33,3,86.7,242,37,8.3,3,4,1,3,100.0,345,345,49,7.7,0,0,4,0,13.3,37,5,8.1,1,1,0,4,5,1
Kyle Van Noy,8675,ED,NE,15,1,19,8,42,1,8,35,1,82.8,341,47,7.5,4,5,2,1,84.3,414,491,57,7.7,0,0,7,0,17.2,71,10,9.2,3,4,1,7,9,3
Chris Odom,12031,ED,WAS,4,0,32,0,0,0,0,0,0,92.3,24,2,8.3,2,2,0,0,76.5,26,34,2,7.7,0,0,0,0,7.7,2,0,0.0,0,0,1,2,2,1
Rolan Milligan,11303,CB,IND,6,0,14,1,1,0,1,0,0,46.2,6,1,8.3,0,0,0,0,12.9,13,101,2,7.7,0,0,1,0,53.8,7,1,7.1,0,0,0,0,0,0
Marlon Humphrey,11771,CB,BLT,16,0,3,1,5,0,0,3,0,51.3,20,3,7.5,0,0,0,0,6.7,39,584,6,7.7,0,1,2,0,48.7,19,3,7.9,0,0,0,0,0,0
Ahmad Gooden,29951,ED,DEN,3,0,10,1,1,0,0,0,0,23.1,3,0,0.0,0,0,0,0,92.9,13,14,2,7.7,0,1,1,0,76.9,10,2,10.0,0,0,0,0,0,0
Matt Ioannidis,10786,DI,WAS,16,0,32,8,38,0,8,34,4,96.3,390,50,7.4,8,7,1,4,100.0,417,417,55,7.7,0,0,3,0,3.7,15,3,10.0,0,0,0,9,8,1
Jayon Brown,11910,LB,TEN,14,0,31,2,8,0,0,3,1,54.0,34,3,4.4,0,1,2,1,12.6,65,515,10,7.7,0,2,5,0,46.0,29,7,12.1,0,1,1,0,2,3
Albert Huggins,36862,DI,PHI,4,1,24,1,3,0,0,2,0,44.0,11,2,9.1,0,0,0,0,100.0,26,26,4,7.7,1,1,1,0,56.0,14,2,7.1,0,0,0,0,0,0
Jahlani Tavai,51055,LB,DET,15,0,11,1,8,0,0,3,0,24.7,19,3,7.9,0,0,0,1,27.1,85,314,11,7.6,0,0,3,1,75.3,58,5,6.0,2,2,0,2,2,0
Dont'a Hightower,7030,LB,NE,15,2,19,7,18,1,4,12,1,52.4,133,19,8.3,3,6,3,1,59.6,258,433,32,7.6,1,2,5,0,47.6,121,11,6.2,4,4,3,7,10,6
Sam Hubbard,48457,ED,CIN,15,2,7,6,34,2,4,26,2,75.1,286,39,8.4,9,10,2,2,85.8,388,452,49,7.5,0,2,8,0,24.9,95,10,5.3,0,0,1,9,10,4
Patrick Robinson,5557,S,NO,7,0,20,1,2,0,0,1,1,45.0,9,1,5.6,0,0,0,1,16.0,20,125,3,7.5,0,1,1,0,55.0,11,2,9.1,0,0,0,0,0,0
Demarcus Lawrence,8669,ED,DAL,16,0,9,11,39,0,11,35,1,90.5,372,52,7.8,6,7,6,1,98.8,411,416,56,7.5,0,0,4,0,9.5,39,4,5.1,0,0,0,6,7,6
Sean Lee,5580,LB,DAL,16,1,9,0,2,0,0,0,0,55.6,15,0,0.0,0,0,1,0,8.2,27,330,3,7.4,1,0,2,0,44.4,12,3,16.7,1,1,0,1,1,1
Cameron Heyward,6183,DI,PIT,16,1,25,14,36,0,0,0,0,7.3,32,0,0.0,0,1,1,1,100.0,476,476,60,7.4,1,13,31,1,92.7,409,54,7.8,10,13,6,10,14,7
Mario Addison,6558,ED,CAR,15,0,5,6,31,0,0,10,0,18.5,74,11,8.1,1,1,0,1,94.8,400,422,48,7.4,0,6,21,1,81.5,326,37,7.2,10,7,0,11,8,0
Mack Wilson,43190,LB,CLV,15,0,8,0,12,0,0,4,0,45.3,39,4,5.1,0,0,0,0,18.1,94,518,13,7.4,0,0,6,0,54.7,47,7,8.5,1,1,0,1,1,0
Everson Griffen,5624,ED,MIN,15,1,18,14,43,0,0,0,0,0.4,2,0,0.0,0,0,0,2,96.4,515,534,66,7.3,1,14,43,2,99.6,512,66,7.3,9,9,4,9,9,4
Brian Burns,44522,ED,CAR,16,1,5,8,14,0,5,4,0,41.3,107,12,7.0,3,4,2,2,93.5,259,277,30,7.3,1,3,10,2,58.7,152,18,7.6,5,6,1,8,10,3
Blake Cashman,35413,LB,NYJ,7,0,22,2,6,0,2,4,1,57.4,39,7,10.3,1,1,0,1,29.5,69,234,9,7.2,0,0,2,0,42.6,29,2,3.4,0,0,0,1,1,0
Marquel Lee,11923,LB,OAK,5,0,23,0,1,0,0,1,0,42.9,3,1,16.7,0,0,0,0,31.8,7,22,1,7.1,0,0,0,0,57.1,4,0,0.0,0,0,0,0,0,0
Sean Chandler,51315,S,NYG,8,0,21,0,1,0,0,0,0,28.6,2,0,0.0,0,0,0,0,31.8,7,22,1,7.1,0,0,1,0,71.4,5,1,10.0,0,0,0,0,0,0
Benardrick McKinney,9476,LB,HST,14,0,13,2,10,0,0,4,1,56.7,55,6,7.3,2,1,0,1,22.7,113,498,14,7.1,0,2,5,0,43.3,42,7,8.3,0,2,3,2,3,3
Minkah Fitzpatrick,51206,S,PIT,16,0,25,1,0,0,1,0,0,57.1,4,1,12.5,0,0,0,0,1.2,7,567,1,7.1,0,0,0,0,42.9,3,0,0.0,0,0,0,0,0,0
Stephon Tuitt,8681,DI,PIT,6,1,25,2,12,1,2,10,2,97.4,150,16,6.7,4,4,1,3,100.0,156,156,18,7.1,0,0,2,1,2.6,4,2,25.0,0,0,0,4,4,1
Patrick Onwuasor,11100,LB,BLT,14,1,3,3,4,1,2,2,1,54.4,37,5,8.1,1,1,2,2,28.7,77,268,9,7.1,0,0,2,1,45.6,31,3,6.5,1,1,0,2,2,2
Craig Robertson,7003,ED,NO,5,0,20,1,2,0,0,1,0,54.5,18,2,8.3,1,1,1,0,25.2,35,139,4,7.1,0,1,1,0,45.5,15,2,6.7,0,0,0,1,1,1
Raven Greene,24750,S,GB,2,0,12,0,1,0,0,0,0,57.1,4,0,0.0,0,0,0,0,13.2,7,53,1,7.1,0,0,1,0,42.9,3,1,16.7,0,1,1,0,1,1
Jayron Kearse,10878,CB,MIN,13,0,18,0,1,0,0,1,0,57.1,4,1,12.5,0,0,0,0,4.2,7,166,1,7.1,0,0,0,0,42.9,3,0,0.0,0,0,0,0,0,0
Siran Neal,27130,CB,BUF,6,0,4,0,1,0,0,0,0,42.9,3,0,0.0,0,0,0,0,6.9,7,102,1,7.1,0,0,1,0,57.1,4,1,12.5,0,0,0,0,0,0
Jackrabbit Jenkins,7043,CB,NO,15,0,20,0,1,0,0,1,1,28.6,2,1,25.0,0,0,0,1,1.3,7,556,1,7.1,0,0,0,0,71.4,5,0,0.0,0,0,0,0,0,0
Kenny Clark,10661,DI,GB,16,1,12,2,52,1,0,24,1,50.7,218,31,8.7,7,7,3,1,98.0,496,506,62,7.1,0,2,15,0,49.3,212,17,4.0,0,0,0,8,8,3
Dion Jordan,7785,ED,OAK,7,0,23,0,10,0,0,6,1,31.9,36,7,11.1,1,0,0,1,98.3,113,115,13,7.1,0,0,4,0,68.1,77,6,5.2,2,2,0,3,2,0
Deion Jones,10686,LB,ATL,16,0,2,2,4,0,0,2,0,65.0,26,2,3.8,0,1,2,0,7.7,42,549,6,7.1,0,2,1,0,35.0,14,3,10.7,0,0,0,0,1,2
Tarell Basham,11835,ED,NYJ,16,0,22,3,34,0,1,17,0,50.7,148,18,6.1,0,0,1,2,80.0,292,365,39,7.0,0,2,17,2,49.3,144,21,8.0,2,3,2,2,3,3
Tyus Bowser,11802,ED,BLT,16,0,3,5,15,0,2,9,0,41.6,82,13,9.1,2,3,1,0,71.8,199,277,24,7.0,0,3,5,0,58.4,115,10,5.2,2,3,2,4,6,3
Emmanuel Ogbah,10666,ED,KC,10,0,16,4,17,0,2,15,1,76.9,180,23,8.1,6,5,0,1,96.7,236,244,27,7.0,0,2,2,0,23.1,54,4,3.7,0,1,2,6,6,2
Chase Winovich,48523,ED,NE,16,1,19,3,13,0,0,2,1,21.5,45,3,4.4,1,0,0,1,97.3,213,219,23,7.0,1,3,11,0,78.5,164,20,7.9,6,6,2,7,6,2
Roquan Smith,50892,LB,CHI,12,1,6,0,2,1,0,1,0,63.4,26,2,5.8,1,1,1,0,10.8,43,398,4,7.0,0,0,1,0,36.6,15,2,10.0,1,1,0,2,2,1
Michael Bennett,5273,DI,DAL,15,0,9,9,26,0,9,21,2,85.6,302,36,7.0,6,6,1,2,98.3,355,361,42,6.9,0,0,5,0,14.4,51,6,6.9,1,1,0,7,7,1
Bruce Irvin,7021,ED,CAR,13,0,5,8,20,0,7,17,1,84.9,270,30,6.7,6,9,4,1,91.4,318,348,36,6.9,0,1,3,0,15.1,48,6,8.3,2,2,0,8,11,4
Barkevious Mingo,7787,ED,HST,7,0,13,2,2,0,1,0,0,42.3,11,1,4.5,0,0,0,0,82.9,29,35,4,6.9,0,1,0,0,57.7,15,1,3.3,0,0,0,0,0,0
Anthony Barr,8644,LB,MIN,14,1,18,3,7,0,1,2,0,46.0,46,3,3.3,0,1,1,0,17.9,101,564,12,6.9,1,2,5,0,54.0,54,9,10.2,2,2,0,2,3,1
Jason Pierre-Paul,5540,ED,TB,10,0,30,7,28,0,3,11,0,40.3,154,19,7.8,5,5,1,1,97.5,383,393,44,6.9,0,4,17,1,59.7,228,25,6.4,4,4,1,9,9,2
Dre'Mont Jones,28075,DI,DEN,14,0,10,2,17,0,0,7,0,53.4,78,11,9.6,4,3,0,1,98.5,198,201,23,6.8,0,2,6,0,46.6,68,8,5.9,0,1,2,4,4,2
Taylor Rapp,51172,S,LA,15,0,26,1,2,0,0,1,0,52.4,11,1,4.5,0,0,0,0,4.4,22,498,3,6.8,0,1,0,0,47.6,10,1,5.0,0,0,0,0,0,0
Ogbonnia Okoronkwo,50130,ED,LA,9,0,26,2,4,0,1,2,0,28.0,21,4,11.9,1,1,0,0,92.6,75,81,8,6.7,0,1,2,0,72.0,54,4,4.6,1,1,0,2,2,0
Kenny Young,51029,LB,LA,4,0,26,2,0,0,0,0,0,60.0,9,0,0.0,0,0,0,0,27.3,15,55,2,6.7,0,2,0,0,40.0,6,2,16.7,0,0,1,0,0,1
John Cominsky,88313,ED,ATL,8,0,2,1,3,0,0,3,0,65.9,29,4,8.6,1,2,1,0,95.7,45,47,5,6.7,0,1,0,0,34.1,15,1,3.3,0,0,1,1,2,2
Preston Brown,8708,LB,JAX,10,0,15,0,2,0,0,1,0,61.5,8,1,6.3,0,0,0,1,8.6,15,175,2,6.7,0,0,1,1,38.5,5,1,10.0,0,0,1,0,0,1
Trey Hendrickson,11858,ED,NO,13,1,20,5,18,0,1,1,0,14.1,37,3,5.4,1,1,0,1,97.8,263,269,29,6.7,1,4,16,1,85.9,225,25,6.7,5,6,2,6,7,2
Gerald McCoy,5528,DI,CAR,16,0,5,8,27,0,4,14,1,57.6,213,24,7.0,6,4,0,2,100.0,385,385,43,6.6,0,4,11,1,42.4,157,17,6.1,2,2,0,8,6,0
Frank Clark,9496,ED,KC,14,0,16,9,29,0,1,12,0,28.9,119,18,9.7,5,5,0,2,94.9,412,434,46,6.6,0,8,17,2,71.1,293,28,5.3,3,3,0,8,8,0
Maurice Hurst,38563,DI,OAK,16,0,23,4,30,0,1,17,1,62.2,178,21,6.7,3,4,1,1,99.7,317,318,38,6.6,0,3,9,0,37.8,108,12,5.6,0,0,0,4,5,1
Myles Jack,10670,LB,JAX,11,0,15,1,2,0,0,1,0,46.9,15,2,10.0,1,1,0,0,10.9,38,349,4,6.6,0,0,1,0,53.1,17,1,2.9,0,0,0,1,1,0
Yannick Ngakoue,10703,ED,JAX,15,0,15,11,32,0,6,11,2,36.0,164,19,6.4,2,3,2,2,96.8,456,471,51,6.5,0,5,21,0,64.0,291,32,6.5,6,9,4,8,12,6
Josh Sweat,50120,ED,PHI,16,0,24,5,17,0,3,10,0,60.7,150,16,6.3,3,4,1,0,98.0,247,252,27,6.5,0,2,7,0,39.3,97,11,6.7,2,2,1,5,6,2
DeForest Buckner,10641,DI,SF,16,3,28,8,39,1,3,13,0,34.7,166,20,7.2,4,5,2,0,99.8,483,484,55,6.5,2,5,26,0,65.3,312,35,6.3,4,6,2,8,11,4
Takkarist McKinley,11781,ED,ATL,14,0,2,10,18,0,3,8,0,58.1,161,14,5.3,3,3,0,2,92.3,277,300,32,6.5,0,7,10,2,41.9,116,18,8.2,1,1,1,4,4,1
Kyler Fackrell,10722,ED,GB,16,0,12,7,17,0,0,4,0,32.2,64,5,4.7,1,4,5,2,72.2,200,277,25,6.5,0,7,13,2,67.8,135,20,7.4,0,0,0,1,4,5
Jabaal Sheard,6189,ED,IND,13,0,14,5,32,0,4,32,1,98.1,352,41,6.5,5,7,4,1,97.3,359,369,42,6.5,0,1,0,0,1.9,7,1,7.1,0,0,0,5,7,4
Jadeveon Clowney,8636,ED,SEA,13,0,29,10,35,0,5,22,1,55.6,218,29,7.1,2,2,0,2,95.8,392,409,48,6.5,0,5,13,1,44.4,174,19,5.7,1,3,3,3,5,3
Rashan Gary,42905,ED,GB,16,1,12,3,9,0,3,4,0,53.6,75,9,7.3,2,3,1,0,96.6,140,145,15,6.4,1,0,5,0,46.4,65,6,5.4,1,0,0,3,3,1
Maxx Crosby,26316,ED,OAK,16,0,23,5,29,0,4,16,0,48.5,211,25,7.1,5,5,1,0,97.8,435,445,45,6.4,0,1,13,0,51.5,224,20,5.8,6,6,1,11,11,2
K.J. Wright,6251,LB,SEA,16,0,29,1,5,0,0,1,0,63.6,28,1,1.8,0,0,0,0,8.0,47,590,6,6.4,0,1,2,0,36.4,16,3,9.4,0,0,0,0,0,0
Derek Barnett,11769,ED,PHI,14,0,24,14,26,0,0,2,1,5.6,24,2,4.2,0,1,1,3,96.8,425,439,47,6.4,0,14,24,2,94.4,401,45,6.5,7,7,1,7,8,2
Chuck Clark,11941,S,BLT,15,0,3,3,8,0,2,1,0,59.1,55,4,4.5,1,1,0,2,22.5,101,448,12,6.4,0,1,5,1,40.9,38,6,7.9,0,0,0,1,1,0
Jerry Hughes,5556,ED,BUF,16,1,4,6,38,1,1,2,1,5.7,23,3,6.5,0,0,0,2,96.7,405,419,48,6.4,0,5,36,1,94.3,382,45,6.4,4,5,4,4,5,4
Dre Greenlaw,51503,LB,SF,16,0,28,1,2,0,0,0,0,38.5,15,0,0.0,0,0,0,0,9.2,39,422,4,6.4,0,1,2,0,61.5,24,4,10.4,1,1,0,1,1,0
Vita Vea,48956,DI,TB,16,1,30,9,45,1,2,10,1,22.3,84,12,7.1,0,0,0,6,98.3,474,482,57,6.3,0,5,25,5,77.7,292,32,5.8,2,2,1,3,3,2
Tank Carradine,7821,DI,MIA,1,0,17,0,1,0,0,0,0,12.5,1,0,0.0,0,0,0,0,88.9,8,9,1,6.3,0,0,1,0,87.5,7,1,7.1,0,1,0,0,1,0
DeMarcus Walker,11806,DI,DEN,10,2,10,1,6,1,1,2,0,40.5,45,4,5.6,1,3,2,0,100.0,120,120,11,6.3,1,0,3,0,59.5,66,6,6.8,3,4,1,4,7,3
Jalen Thompson,49116,S,ARZ,12,0,1,1,0,0,0,0,0,37.5,3,0,0.0,0,0,0,0,2.2,8,357,1,6.3,0,1,0,0,62.5,5,1,10.0,0,0,0,0,0,0
Bud Dupree,9455,ED,PIT,16,2,25,8,30,0,0,0,0,0.4,2,0,0.0,0,0,0,6,92.0,507,551,51,6.3,2,8,30,6,99.6,505,51,6.3,13,12,1,13,12,1
Vince Biegel,11863,ED,MIA,15,2,17,11,18,1,3,2,0,13.2,38,5,6.6,0,0,1,2,81.5,296,363,33,6.3,1,8,16,2,86.8,249,27,6.0,3,4,2,4,6,4
Nick Vigil,10721,LB,CIN,16,0,7,3,6,0,1,0,0,41.8,28,1,1.8,0,0,0,1,14.3,72,505,9,6.3,0,1,5,0,58.2,39,6,7.7,0,0,0,0,0,0
Geno Atkins,5643,DI,CIN,16,2,7,6,42,1,2,13,0,37.1,156,18,6.7,3,4,1,2,99.6,457,459,53,6.3,1,4,25,2,62.9,265,31,6.2,2,3,1,5,7,2
Reshad Jones,5686,S,MIA,4,0,17,0,1,0,0,0,0,50.0,4,0,0.0,0,0,0,0,10.0,8,80,1,6.3,0,0,1,0,50.0,4,1,12.5,0,0,0,0,0,0
B.W. Webb,7896,CB,CIN,15,0,7,0,1,0,0,1,0,75.0,6,1,8.3,0,0,0,0,1.7,8,480,1,6.3,0,0,0,0,25.0,2,0,0.0,0,0,0,0,0,0
Sam Acho,6255,ED,TB,5,0,30,0,1,0,0,0,0,12.5,3,0,0.0,0,0,0,0,96.0,24,25,2,6.3,0,0,1,0,87.5,21,2,7.1,1,1,0,1,1,0
T.Y. McGill,10156,DI,LAC,3,0,27,0,1,0,0,1,0,75.0,6,1,8.3,0,0,0,0,88.9,8,9,1,6.3,0,0,0,0,25.0,2,0,0.0,0,0,0,0,0,0
Uchenna Nwosu,50084,ED,LAC,16,1,27,6,13,0,3,5,0,44.8,81,9,6.2,1,2,1,0,88.3,182,206,21,6.3,1,3,8,0,55.2,100,12,6.5,1,1,0,2,3,1
Jessie Bates III,49162,S,CIN,16,0,7,0,1,0,0,0,0,57.1,4,0,0.0,0,0,0,0,1.4,8,557,1,6.3,0,0,0,0,42.9,3,0,0.0,0,0,0,0,0,0
Devin McCourty,5552,S,NE,16,0,19,0,2,0,0,0,0,56.3,9,0,0.0,0,0,0,0,2.8,16,569,2,6.3,0,0,2,0,43.8,7,2,14.3,0,0,0,0,0,0
Luke Kuechly,7015,LB,CAR,16,0,5,3,0,0,1,0,0,47.8,11,1,4.5,0,0,0,0,4.0,24,606,3,6.3,0,2,0,0,52.2,12,2,8.3,0,0,0,0,0,0
Donald Payne,51589,LB,JAX,5,0,15,0,0,0,0,0,0,46.2,6,0,0.0,0,0,0,0,8.7,16,183,1,6.3,0,0,0,0,53.8,7,1,14.3,1,1,0,1,1,0
Will Compton,8308,LB,OAK,9,0,23,0,1,0,0,0,0,50.0,2,0,0.0,0,0,0,0,6.5,8,123,1,6.3,0,0,1,0,50.0,2,1,25.0,0,0,0,0,0,0
Jerome Baker,28091,LB,MIA,16,0,17,4,9,0,1,1,0,35.5,38,2,2.6,0,2,5,0,21.5,121,564,14,6.2,0,3,6,0,64.5,69,10,8.0,1,1,0,1,3,5
Jordan Willis,11828,ED,NYJ,9,1,22,2,8,0,0,3,0,7.2,7,3,21.4,0,0,0,0,85.1,97,114,11,6.2,1,2,5,0,92.8,90,8,5.0,1,1,0,1,1,0
Oshane Ximines,48538,ED,NYG,16,1,21,3,16,1,2,6,0,33.7,84,11,8.3,3,3,2,1,88.7,252,284,25,6.2,0,1,9,1,66.3,165,13,4.8,3,3,0,6,6,2
Ifeadi Odenigbo,11975,ED,MIN,16,0,18,7,11,0,2,1,0,14.5,35,3,4.3,0,0,0,2,98.9,259,262,25,6.2,0,5,10,1,85.5,206,21,6.6,6,8,3,7,10,4
Ronald Blair III,10776,ED,SF,9,1,28,0,7,1,0,4,0,57.1,60,6,6.7,2,3,1,0,98.1,105,107,10,6.2,0,0,3,0,42.9,45,4,5.6,1,1,0,3,4,1
Montez Sweat,27271,ED,WAS,16,0,32,5,18,0,0,7,1,25.4,81,9,6.8,2,2,1,2,83.5,319,382,31,6.1,0,5,11,1,74.6,238,22,5.9,6,6,0,8,8,1
Abdullah Anderson,32708,DI,CHI,6,0,6,0,5,0,0,0,0,17.3,9,0,0.0,0,0,0,0,100.0,57,57,6,6.1,0,0,4,0,82.7,43,5,7.0,1,1,0,1,1,0
Taven Bryan,48753,DI,JAX,16,1,15,8,15,1,4,12,1,55.7,122,16,6.6,0,1,1,1,100.0,222,222,25,6.1,0,4,3,0,44.3,97,9,5.7,2,2,0,2,3,1
Bryan Cox Jr.,12092,ED,CLV,7,0,8,4,6,0,1,1,1,31.3,36,3,5.6,1,2,2,2,92.0,115,125,12,6.1,0,3,5,1,68.7,79,9,6.3,1,2,2,2,4,4
John Simon,7911,ED,NE,16,0,19,3,15,0,2,4,1,24.8,54,8,9.3,2,2,1,2,87.2,218,250,22,6.0,0,1,11,1,75.2,164,14,4.9,2,6,10,4,8,11
De'Vondre Campbell,10749,LB,ATL,16,0,2,1,6,0,0,4,0,43.5,40,4,5.0,0,0,0,0,18.2,92,506,9,6.0,0,1,2,0,56.5,52,5,6.7,2,2,0,2,2,0
Vic Beasley Jr.,9441,ED,ATL,16,0,2,3,24,0,1,17,2,69.9,263,23,5.3,5,7,2,2,83.6,376,450,36,6.0,0,2,7,0,30.1,113,13,7.5,4,3,1,9,10,3
Jordan Jenkins,10717,ED,NYJ,14,1,22,6,18,0,4,3,0,13.2,42,7,8.3,0,2,2,2,86.9,318,366,31,6.0,1,2,15,2,86.8,276,24,5.6,7,8,2,7,10,4
Jarrod Wilson,10902,S,JAX,16,0,15,2,1,0,0,1,0,50.0,12,1,4.2,0,0,0,0,4.3,25,588,3,6.0,0,1,0,0,50.0,12,1,4.2,0,0,0,0,0,0
Fletcher Cox,7018,DI,PHI,16,0,24,10,42,0,6,32,2,86.7,410,41,5.4,3,3,3,3,98.4,497,505,56,6.0,0,3,6,1,13.3,63,10,8.7,1,1,0,4,4,3
Ben Banogu,26554,ED,IND,15,0,14,3,11,0,3,10,1,95.2,159,16,6.0,3,3,0,1,97.1,168,173,17,6.0,0,0,1,0,4.8,8,1,6.3,0,0,0,3,3,0
Samson Ebukam,11880,ED,LA,16,0,26,4,15,0,2,6,0,35.8,87,9,5.7,1,2,1,0,82.4,243,295,24,6.0,0,2,9,0,64.2,156,15,6.1,4,4,0,5,6,1
Nathan Shepherd,24614,DI,NYJ,9,1,22,5,7,1,0,5,1,41.3,52,5,4.8,0,0,0,1,96.4,134,139,14,6.0,0,3,2,0,58.7,74,7,6.1,2,2,0,2,2,0
Kevin Byard,10698,S,TEN,16,0,31,0,2,0,0,2,0,88.2,15,2,6.7,0,0,0,0,2.6,17,666,2,5.9,0,0,0,0,11.8,2,0,0.0,0,0,0,0,0,0
Devin Bush,27375,LB,PIT,16,0,25,1,1,0,1,1,0,67.6,23,3,8.7,1,1,1,0,7.5,34,453,3,5.9,0,0,0,0,32.4,11,0,0.0,0,0,0,1,1,1
Stephen Weatherly,10861,ED,MIN,16,1,18,6,19,0,5,17,3,83.5,232,26,6.5,4,3,2,3,98.2,279,284,29,5.9,1,1,2,0,16.5,46,3,3.3,0,0,0,4,3,2
Grady Jarrett,9570,DI,ATL,16,0,2,9,29,0,3,11,0,50.1,216,15,3.7,1,1,0,1,99.6,457,459,46,5.9,0,6,15,0,49.9,215,28,8.1,7,7,0,8,9,1
Patrick O'Connor,12005,DI,TB,3,0,30,1,1,0,0,0,0,47.1,8,0,0.0,0,0,0,0,100.0,17,17,2,5.9,0,1,1,0,52.9,9,2,11.1,0,0,0,0,0,0
Mike Daniels,7132,DI,DET,9,1,11,1,11,1,1,9,0,67.6,69,11,8.7,1,2,1,1,100.0,119,119,13,5.9,0,0,0,0,32.4,33,0,0.0,0,0,0,1,2,1
Jaylon Ferguson,48362,ED,BLT,14,0,3,5,22,0,4,10,1,46.8,124,16,7.3,2,2,0,2,93.6,265,283,29,5.8,0,1,12,1,53.2,141,13,4.6,0,0,0,2,2,0
Harold Landry III,48600,ED,TEN,16,1,31,6,36,0,2,14,1,24.0,123,18,8.1,2,3,2,2,86.8,513,591,51,5.8,1,4,22,1,76.0,389,33,5.1,7,10,4,9,13,6
Domata Peko Sr.,3068,DI,BLT,7,0,3,0,7,0,0,3,0,51.2,21,3,7.1,0,0,0,1,96.8,60,62,7,5.8,0,0,2,1,48.8,20,2,5.0,0,0,0,0,0,0
Leonard Williams,9439,DI,NYG,15,2,21,19,28,0,2,4,0,7.9,31,6,9.7,0,1,1,1,99.3,423,426,48,5.8,2,16,23,1,92.1,361,40,5.7,1,1,1,1,3,3
Rodney Gunter,9549,DI,ARZ,13,0,1,5,24,0,2,5,0,40.1,134,10,4.9,3,4,1,1,99.7,334,335,34,5.8,0,3,19,1,59.9,200,24,6.5,2,1,1,5,5,2
D.J. Reader,10800,DI,HST,15,1,13,11,21,1,1,9,0,39.3,125,10,4.0,0,1,1,0,99.1,327,330,35,5.8,0,10,12,0,60.7,193,24,6.7,2,3,1,3,5,2
Shaquem Griffin,50657,ED,SEA,6,0,29,3,6,0,3,6,0,96.2,75,9,6.0,0,0,0,0,91.8,78,85,9,5.8,0,0,0,0,3.8,3,0,0.0,0,0,0,0,0,0
Devon Kennard,8809,ED,DET,16,0,11,9,25,0,9,23,1,89.3,359,38,6.1,6,8,2,1,74.8,404,540,40,5.7,0,0,2,0,10.7,43,2,2.3,0,1,1,6,9,3
Armon Watts,27844,DI,MIN,7,0,18,0,2,0,0,1,0,41.2,21,2,7.1,1,1,0,0,100.0,53,53,4,5.7,0,0,1,0,58.8,30,2,5.0,1,1,0,2,2,0
Maliek Collins,10701,DI,DAL,16,0,9,8,36,0,6,22,1,56.5,253,31,6.7,3,3,1,1,100.0,457,457,48,5.7,0,2,12,0,43.5,195,15,4.1,1,1,0,4,4,1
Terrell Suggs,1326,ED,KC,15,2,16,4,26,2,1,7,0,35.4,143,11,4.9,3,1,1,1,93.1,404,434,38,5.7,0,3,19,1,64.6,261,27,6.1,5,5,0,8,6,1
Quinton Jefferson,10781,DI,SEA,14,0,29,7,28,0,5,11,0,41.2,149,16,5.4,0,0,0,2,99.5,375,377,39,5.7,0,1,15,2,58.8,213,20,5.6,4,4,0,4,4,0
Jamie Meder,8940,DI,DET,1,0,11,0,1,0,0,1,0,100.0,9,1,5.6,0,0,0,0,100.0,9,9,1,5.6,0,0,0,0,0.0,0,0,,0,0,0,0,0,0
Germaine Pratt,29407,LB,CIN,15,1,7,0,4,1,0,1,0,54.5,18,1,2.8,0,0,0,0,17.6,36,205,4,5.6,0,0,3,0,45.5,15,3,10.0,0,0,0,0,0,0
Ben Niemann,51099,LB,KC,15,0,16,0,6,0,0,3,0,42.2,19,3,7.9,0,0,0,0,19.1,54,283,6,5.6,0,0,2,0,57.8,26,2,3.8,0,0,0,0,0,0
Anthony Pittman,94372,ED,DET,1,0,11,1,0,0,1,0,0,100.0,9,1,5.6,0,0,0,0,81.8,9,11,1,5.6,0,0,0,0,0.0,0,0,,0,0,0,0,0,0
Stacy McGee,7987,DI,CAR,4,0,5,0,2,0,0,1,0,61.8,21,2,7.1,1,0,0,0,100.0,36,36,3,5.6,0,0,1,0,38.2,13,1,3.8,0,0,0,1,0,0
Jordan Phillips,9485,DI,BUF,16,0,4,5,11,0,3,5,1,54.6,173,13,5.2,5,5,1,3,99.1,319,322,26,5.6,0,2,6,2,45.4,144,13,6.3,5,7,2,10,12,3
Jon Bostic,7831,LB,WAS,16,0,32,2,4,0,1,2,0,56.3,27,3,5.6,0,1,1,0,9.7,54,559,6,5.6,0,1,2,0,43.8,21,3,7.1,0,0,0,0,1,1
Carl Nassib,10699,ED,TB,14,2,30,6,24,2,5,22,0,84.6,308,32,6.0,5,6,2,0,89.3,366,410,35,5.5,0,1,2,0,15.4,56,3,2.7,0,0,0,5,6,2
Alex Okafor,7885,ED,KC,10,0,16,4,12,0,4,9,1,85.5,200,18,5.8,5,7,2,1,89.7,235,262,21,5.5,0,0,3,0,14.5,34,3,4.4,0,0,0,5,7,2
Mario Edwards Jr.,9468,ED,NO,14,0,20,0,12,0,0,8,0,64.6,106,9,4.7,1,1,0,0,100.0,164,164,15,5.5,0,0,4,0,35.4,58,6,6.9,2,2,0,3,3,0
Sheldon Rankins,10646,DI,NO,10,1,20,3,17,0,0,8,0,59.8,107,9,4.7,1,1,0,0,97.8,219,224,22,5.5,1,2,6,0,40.2,72,8,5.6,0,0,1,2,2,1
Ryan Anderson,11804,ED,WAS,16,2,32,5,12,2,4,5,0,59.5,135,13,6.3,4,4,1,1,75.5,228,302,21,5.5,0,1,6,1,40.5,92,7,3.8,0,2,3,4,6,4
Kawann Short,7825,DI,CAR,2,0,5,3,1,0,0,0,0,6.1,2,0,0.0,0,0,0,0,100.0,37,37,4,5.4,0,2,1,0,93.9,31,3,4.8,0,0,0,0,0,0
Andrew Brown,49636,ED,CIN,12,0,7,2,12,0,1,5,0,45.7,58,6,5.2,0,0,0,0,94.2,129,137,14,5.4,0,1,7,0,54.3,69,8,5.8,0,1,2,0,1,2
Trent Harris,48575,ED,MIA,11,0,17,1,5,0,0,3,0,47.8,43,4,5.8,1,1,0,0,77.5,93,120,8,5.4,0,1,2,0,52.2,47,4,5.3,1,1,0,2,2,0
Joe Jackson,44615,ED,DAL,5,0,9,1,4,0,0,2,0,21.7,10,2,10.0,0,0,0,0,97.9,46,47,5,5.4,0,1,2,0,78.3,36,3,4.2,0,0,0,0,0,0
Sharif Finch,50221,ED,TEN,8,0,31,0,6,0,0,5,0,80.4,74,7,6.1,2,3,1,0,97.9,93,95,8,5.4,0,0,1,0,19.6,18,1,2.8,0,0,1,2,3,2
Derek Wolfe,7040,DI,DEN,12,0,10,6,9,0,6,9,0,96.6,257,22,5.6,7,7,1,0,99.6,270,271,22,5.4,0,0,0,0,3.4,9,0,0.0,0,0,0,7,7,1
Brooks Reed,6194,ED,ARZ,8,0,1,0,2,0,0,2,0,62.2,23,3,8.7,1,2,1,0,82.2,37,45,3,5.4,0,0,0,0,37.8,14,0,0.0,0,0,0,1,2,1
Kerry Hyder,9045,ED,DAL,16,0,9,4,21,0,3,18,2,71.1,192,23,6.5,2,2,0,2,100.0,270,270,27,5.4,0,1,3,0,28.9,78,4,2.6,0,1,2,2,3,2
Patrick Ricard,48862,DI,BLT,12,0,3,1,8,0,0,4,0,48.2,41,5,7.3,1,1,0,1,99.0,104,105,10,5.3,0,1,2,1,51.8,44,3,3.4,0,1,1,1,3,2
Jonathan Allen,11772,DI,WAS,15,0,32,2,24,0,0,1,0,4.1,15,1,3.3,0,0,0,0,99.2,379,382,33,5.3,0,2,23,0,95.9,350,32,5.6,7,10,5,7,10,5
Cassius Marsh,8743,ED,ARZ,16,2,1,3,13,1,3,7,0,58.0,119,12,5.9,2,3,4,0,84.1,207,246,19,5.3,1,0,6,0,42.0,86,7,4.7,1,1,1,3,4,5
Malik Reed,48567,ED,DEN,15,0,10,3,14,0,1,6,1,49.8,107,9,5.1,2,1,1,2,84.0,215,256,20,5.3,0,2,8,1,50.2,108,11,5.6,1,3,2,3,4,3
Sean Murphy-Bunting,25891,CB,TB,14,0,30,0,0,0,0,0,0,36.8,7,1,14.3,1,1,0,0,4.1,19,462,1,5.3,0,0,0,0,63.2,12,0,0.0,0,0,0,1,1,0
Trent Murphy,8682,ED,BUF,16,1,4,5,26,1,5,26,2,97.9,378,36,5.4,5,7,3,2,95.3,386,405,36,5.3,0,0,0,0,2.1,8,0,0.0,0,0,0,5,7,3
Lorenzo Carter,50126,ED,NYG,15,1,21,10,19,0,2,3,1,19.6,71,7,6.3,2,2,0,3,89.6,370,413,34,5.3,1,8,14,2,80.4,292,25,4.8,3,7,6,5,9,6
Al-Quadin Muhammad,11951,ED,IND,16,0,14,6,15,0,0,2,0,7.5,19,2,5.3,0,0,0,2,99.6,255,256,24,5.3,0,6,13,2,92.5,235,22,5.3,3,6,5,3,6,5
Larry Ogunjobi,11820,DI,CLV,15,0,8,7,23,0,1,7,0,34.0,131,10,4.6,2,4,2,2,99.8,404,405,36,5.2,0,6,15,2,66.0,254,25,5.7,4,3,1,6,7,3
Arden Key,50201,ED,OAK,7,0,23,2,8,0,0,1,1,19.8,26,1,1.9,0,0,0,2,95.7,134,140,12,5.2,0,2,7,1,80.2,105,11,6.2,2,2,0,2,2,0
Ed Oliver,42200,DI,BUF,16,3,4,5,18,2,4,11,1,43.2,142,17,6.7,2,2,2,2,98.8,336,340,29,5.2,1,1,7,1,56.8,187,12,4.3,4,5,1,6,7,3
Pernell McPhee,6317,ED,BLT,7,0,3,3,8,0,3,1,0,40.6,63,4,3.2,0,0,0,0,95.3,162,170,14,5.2,0,0,7,0,59.4,92,10,7.1,3,3,0,3,3,0
Romeo Okwara,11250,ED,DET,14,0,11,7,25,0,0,5,0,15.8,50,5,5.0,0,0,0,1,94.3,348,369,34,5.2,0,6,17,1,84.2,267,25,5.1,2,2,1,2,2,1
Leonard Floyd,10643,ED,CHI,16,0,6,9,27,0,8,14,1,52.3,213,23,5.6,1,1,1,1,77.5,407,525,39,5.2,0,1,13,0,47.7,194,16,4.6,2,4,2,3,5,3
Shelby Harris,8869,DI,DEN,16,0,10,0,22,0,0,3,0,11.9,35,4,7.1,1,1,0,1,99.7,328,329,28,5.2,0,0,16,1,88.1,258,21,5.0,5,6,2,6,7,4
Nate Orchard,9484,ED,WAS,5,0,32,1,4,0,0,1,0,14.7,10,1,5.0,0,1,1,0,88.3,68,77,6,5.1,0,1,3,0,85.3,58,5,5.2,1,1,1,1,2,2
Bradley Chubb,48526,ED,DEN,4,0,10,5,3,0,0,0,0,1.0,1,0,0.0,0,0,0,1,86.8,99,114,9,5.1,0,5,3,1,99.0,98,9,5.1,1,2,1,1,2,1
Roy Robertson-Harris,11341,DI,CHI,15,0,6,7,16,0,2,5,0,32.3,91,7,3.8,0,2,2,1,97.5,307,315,27,5.0,0,5,10,1,67.7,191,19,6.0,4,2,2,4,4,4
Adam Butler,12214,DI,NE,16,0,19,1,17,0,0,1,0,40.2,88,3,2.8,2,1,0,3,98.5,338,343,26,5.0,0,1,8,2,59.8,131,11,5.0,2,2,0,8,5,0
Deadrin Senat,48815,DI,ATL,2,0,2,1,0,0,0,0,0,57.1,4,0,0.0,0,0,0,0,100.0,10,10,1,5.0,0,1,0,0,42.9,3,1,16.7,0,0,0,0,0,0
Lawrence Guy,6385,DI,NE,16,0,19,2,15,0,2,7,1,66.7,146,12,5.1,3,4,1,1,100.0,229,229,20,5.0,0,0,8,0,33.3,73,8,5.5,0,0,0,3,4,1
Christian Wilkins,50293,DI,MIA,16,0,17,2,26,0,1,16,0,86.4,223,18,4.3,1,1,1,0,97.6,322,330,30,5.0,0,0,3,0,13.6,35,3,4.3,0,0,0,2,2,1
Darryl Johnson,37479,ED,BUF,15,1,4,1,8,1,1,5,1,56.8,63,7,6.3,1,1,1,1,94.1,111,118,10,5.0,0,0,3,0,43.2,48,3,3.1,0,0,0,1,1,1
Nick Williams,8006,DI,CHI,16,1,6,3,12,1,2,7,0,76.1,169,12,4.4,3,4,2,0,98.9,268,271,21,5.0,0,0,1,0,23.9,53,3,4.7,2,2,0,6,7,2
Genard Avery,49699,ED,PHI,8,0,24,0,1,0,0,1,0,60.0,18,1,2.8,0,0,1,0,93.8,30,32,2,5.0,0,0,0,0,40.0,12,1,8.3,1,0,0,1,0,1
Steve McLendon,5232,DI,NYJ,16,0,22,4,12,0,3,7,0,81.5,150,11,4.0,1,2,3,0,99.5,218,219,19,5.0,0,1,2,0,18.5,34,4,7.4,1,1,0,3,4,3
Rob McCray,28474,ED,CLV,1,0,8,0,1,0,0,1,0,40.0,4,1,12.5,0,0,0,0,83.3,10,12,1,5.0,0,0,0,0,60.0,6,0,0.0,0,0,0,0,0,0
Michael Brockers,7020,DI,LA,16,2,26,7,25,0,2,15,2,57.4,222,18,4.3,1,3,2,2,100.0,410,410,36,4.9,2,5,8,0,42.6,165,15,5.2,2,1,1,4,5,3
Charles Omenihu,50612,DI,HST,14,0,13,4,20,0,2,12,0,60.0,162,16,5.6,2,2,0,0,98.4,305,310,27,4.9,0,2,6,0,40.0,108,9,4.6,1,2,1,3,4,1
Vernon Butler,10664,DI,CAR,14,1,5,4,6,1,3,4,1,92.2,200,13,4.8,6,7,1,1,100.0,224,224,16,4.9,0,1,2,0,7.8,17,3,8.8,0,0,0,6,7,1
Whitney Mercilus,7031,ED,HST,16,0,13,6,32,0,2,3,0,7.9,43,5,5.8,0,0,0,0,93.8,549,585,46,4.9,0,4,29,0,92.1,501,41,4.9,8,9,2,8,9,2
Dontari Poe,7017,DI,CAR,11,1,5,2,11,0,1,3,1,29.1,58,4,3.4,0,0,1,1,100.0,213,213,17,4.9,1,0,7,0,70.9,141,11,5.3,4,6,2,4,6,3
Sam Eguavoen,15301,LB,MIA,16,0,17,4,13,0,2,7,0,53.4,110,9,4.1,0,0,0,0,61.2,216,353,19,4.9,0,2,6,0,46.6,96,9,5.2,1,1,0,2,2,0
Jeremiah Attaochu,8685,ED,DEN,11,0,10,2,8,0,2,4,0,39.6,65,8,7.7,2,2,0,0,89.6,164,183,13,4.9,0,0,4,0,60.4,99,5,3.0,1,2,1,3,4,1
Taco Charlton,11783,ED,MIA,10,0,17,2,11,0,2,10,0,91.6,196,16,5.1,4,5,2,0,93.1,215,231,17,4.9,0,0,1,0,8.4,18,1,2.8,0,0,0,4,5,2
Sheldon Richardson,7794,DI,CLV,16,1,8,4,29,0,3,20,0,61.5,256,25,5.3,2,3,5,0,97.5,421,432,37,4.9,1,1,8,0,38.5,160,10,3.4,1,3,4,4,7,9
Mike Pennel,9316,DI,KC,8,1,16,1,5,1,1,2,0,66.3,53,4,4.7,1,1,1,0,97.6,83,85,7,4.8,0,0,3,0,33.8,27,3,5.6,0,0,0,1,1,1
Brennan Scarlett,11169,ED,HST,15,0,13,3,7,0,1,3,0,76.6,141,8,4.3,4,5,2,0,76.5,186,243,14,4.8,0,2,4,0,23.4,43,6,7.0,0,0,1,4,5,3
Cassanova McKinzy,10938,ED,WAS,3,0,32,0,0,0,0,0,0,38.1,8,0,0.0,0,0,0,0,87.5,21,24,1,4.8,0,0,0,0,61.9,13,1,7.7,1,1,0,1,1,0
Ezekiel Ansah,8094,ED,SEA,11,1,29,5,11,1,2,2,0,16.5,38,4,5.3,0,0,0,1,91.3,231,253,19,4.8,0,3,9,1,83.5,193,15,4.7,3,4,4,3,4,4
Zach Kerr,9195,DI,ARZ,12,1,1,2,13,0,1,10,0,71.0,110,11,5.0,0,0,0,0,97.5,157,161,15,4.8,1,0,3,0,29.0,45,3,3.3,0,0,0,0,0,0
Marquis Haynes,50244,ED,CAR,11,3,5,2,6,2,1,4,1,62.9,78,7,5.8,2,1,0,1,95.4,124,130,10,4.8,1,1,2,0,37.1,46,3,3.3,0,0,0,2,1,0
Tim Williams,11833,ED,GB,4,0,12,0,5,0,0,1,0,36.5,19,1,2.6,0,0,0,0,92.9,52,56,5,4.8,0,0,4,0,63.5,33,4,6.1,0,0,0,0,0,0
Clelin Ferrell,25955,ED,OAK,15,1,23,3,18,0,1,2,0,11.5,37,4,6.8,1,1,0,0,97.0,321,331,26,4.8,1,2,16,0,88.5,284,22,4.6,4,5,1,5,6,1
RJ McIntosh,48873,DI,NYG,9,0,21,0,0,0,0,0,0,46.5,20,0,0.0,0,0,0,0,100.0,43,43,2,4.7,0,0,0,0,53.5,23,2,8.7,2,3,1,2,3,1
Jihad Ward,10678,DI,BLT,14,0,3,3,19,0,2,12,1,50.8,130,14,5.4,0,0,0,1,94.8,257,271,23,4.7,0,1,6,0,49.2,126,8,3.6,1,1,0,1,1,0
Raekwon McMillan,11809,LB,MIA,13,0,17,1,3,0,0,1,0,52.6,20,1,2.5,0,0,0,1,20.8,43,207,4,4.7,0,1,1,0,47.4,18,2,5.6,0,0,0,0,0,0
Olsen Pierre,10010,DI,OAK,9,1,23,0,6,0,0,1,0,4.2,4,1,12.5,0,0,0,0,100.0,106,106,8,4.7,1,0,4,0,95.8,92,5,3.3,1,2,1,2,3,1
Danny Shelton,9445,DI,NE,16,1,19,3,12,0,0,7,1,46.4,70,9,7.9,2,2,0,1,99.6,223,224,18,4.7,0,3,5,0,53.6,81,8,4.9,0,0,0,3,3,1
Morgan Fox,11184,DI,LA,16,0,26,1,15,0,1,7,0,54.7,110,9,4.5,1,2,2,0,100.0,212,212,18,4.7,0,0,7,0,45.3,91,8,4.9,1,1,0,2,3,2
Tim Settle,48966,DI,WAS,15,1,32,3,8,0,0,6,0,56.9,70,7,5.7,1,1,0,0,98.8,159,161,13,4.7,1,2,0,0,43.1,53,3,3.8,1,1,0,2,2,0
Shy Tuttle,37279,DI,NO,16,0,20,2,11,0,0,5,0,50.3,85,6,4.1,1,2,1,1,98.9,186,188,15,4.6,0,1,6,1,49.7,84,8,5.4,1,1,0,2,3,1
Akiem Hicks,7090,DI,CHI,5,0,6,4,5,0,4,5,0,94.8,109,10,5.0,1,1,0,0,98.4,120,122,10,4.6,0,0,0,0,5.2,6,0,0.0,0,0,0,1,1,0
P.J. Hall,31211,DI,OAK,16,0,23,2,19,0,1,10,0,44.6,121,13,6.2,2,1,0,0,99.3,274,276,23,4.6,0,1,9,0,55.4,150,10,3.3,0,0,0,2,1,0
Azeez Al-Shaair,49792,LB,SF,10,0,28,0,1,0,0,0,0,36.4,4,0,0.0,0,0,0,0,12.2,11,90,1,4.5,0,0,1,0,63.6,7,1,7.1,0,0,0,0,0,0
Nigel Bradham,7105,LB,PHI,12,0,24,1,4,0,1,3,0,53.1,26,4,7.7,0,0,0,0,12.0,56,465,5,4.5,0,0,1,0,46.9,23,1,2.2,0,0,0,0,0,0
Dan McCullers,8849,DI,PIT,15,0,25,0,5,0,0,1,0,66.7,16,1,3.1,0,0,0,0,100.0,55,55,5,4.5,0,0,2,0,33.3,8,2,12.5,0,0,0,0,0,0
Anthony Chickillo,9645,ED,PIT,11,0,25,1,2,0,0,1,0,50.9,28,1,1.8,0,0,0,0,88.7,55,62,4,4.5,0,1,1,0,49.1,27,3,7.4,1,1,0,1,1,0
Erik Harris,10346,S,OAK,15,0,23,0,1,0,0,0,0,36.4,4,0,0.0,0,0,0,0,2.2,11,507,1,4.5,0,0,1,0,63.6,7,1,7.1,0,0,0,0,0,0
Andrew Adams,11240,S,TB,12,0,30,0,1,0,0,0,0,36.4,4,0,0.0,0,0,0,0,2.7,11,403,1,4.5,0,0,1,0,63.6,7,1,7.1,0,0,0,0,0,0
Daeshon Hall,11832,ED,PHI,7,0,24,1,0,0,1,0,0,100.0,33,2,4.5,1,1,0,0,97.1,33,34,2,4.5,0,0,0,0,0.0,0,0,,0,0,0,1,1,0
Treyvon Hester,11999,DI,WAS,12,0,32,1,2,0,0,1,0,50.9,27,1,1.9,0,0,0,0,100.0,56,56,4,4.5,0,1,0,0,49.1,26,2,5.8,1,1,0,1,1,0
Rasheem Green,48731,ED,SEA,16,1,29,2,19,1,2,17,0,62.2,199,21,5.8,2,4,3,0,97.3,320,329,25,4.5,0,0,2,0,37.8,121,4,2.5,2,2,0,4,6,3
Byron Cowart,50588,DI,NE,4,0,19,0,2,0,0,2,0,61.9,13,2,7.7,0,0,0,0,100.0,22,22,2,4.5,0,0,0,0,38.1,8,0,0.0,0,0,0,0,0,0
Isaiah Mack,26229,DI,TEN,13,0,31,0,4,0,0,2,0,45.2,38,4,7.9,2,2,0,0,100.0,91,91,6,4.4,0,0,1,0,54.8,46,1,1.1,0,0,0,2,2,0
Timmy Jernigan,8683,DI,PHI,10,0,24,0,9,0,0,3,0,17.0,25,4,10.0,1,1,0,0,97.4,149,153,11,4.4,0,0,6,0,83.0,122,7,3.3,1,2,1,2,3,1
David Onyemata,10754,DI,NO,15,1,20,7,20,0,0,9,3,41.3,107,9,4.2,0,1,1,5,98.3,349,355,29,4.4,1,4,7,2,58.7,152,13,4.9,2,2,0,2,3,1
Dawuane Smoot,11823,ED,JAX,16,0,15,2,10,0,1,7,1,44.9,120,10,5.0,2,3,2,1,99.6,270,271,18,4.4,0,1,3,0,55.1,147,8,4.1,4,5,1,6,8,3
Ryan Glasgow,11893,DI,CIN,5,0,7,2,1,0,0,0,0,45.5,15,0,0.0,0,0,0,0,100.0,34,34,3,4.4,0,2,0,0,54.5,18,2,5.6,0,0,0,0,0,0
Chad Thomas,48565,ED,CLV,16,1,8,1,12,1,1,11,1,90.3,214,16,4.7,4,6,4,1,87.9,240,273,17,4.4,0,0,1,0,9.7,23,1,2.2,0,0,0,4,6,4
Denico Autry,8982,DI,IND,14,1,14,6,20,1,0,11,0,38.7,151,11,3.6,0,1,1,2,99.2,395,398,30,4.3,0,6,9,2,61.3,239,19,4.8,4,4,1,4,5,2
Dexter Lawrence,25991,DI,NYG,16,2,21,6,21,0,5,15,1,65.1,242,21,4.5,1,1,0,1,99.7,385,386,30,4.3,1,1,5,0,34.9,130,8,3.8,2,2,0,3,3,0
Tyson Alualu,5535,DI,PIT,16,2,25,2,13,2,1,10,0,61.9,122,11,4.5,0,1,1,0,100.0,200,200,16,4.3,0,1,3,0,38.1,75,5,4.0,1,3,1,1,4,2
Justin Hollins,48498,LB,DEN,14,0,10,0,9,0,0,2,0,23.3,30,2,3.3,0,1,1,0,75.0,129,172,10,4.3,0,0,7,0,76.7,99,8,4.5,1,1,1,1,2,2
William Gholston,7908,DI,TB,16,0,30,6,12,0,3,4,1,43.5,108,9,5.1,2,2,1,2,100.0,255,255,20,4.3,0,2,7,1,56.5,140,9,3.2,0,0,0,2,2,1
Tuzar Skipper,44583,ED,PIT,5,0,25,0,0,0,0,0,0,30.4,7,0,0.0,0,0,0,0,92.0,23,25,1,4.3,0,0,0,0,69.6,16,1,6.3,1,1,0,1,1,0
Noah Spence,10673,ED,NO,7,1,20,1,0,0,0,0,0,17.6,6,0,0.0,0,0,0,1,94.6,35,37,2,4.3,1,1,0,1,82.4,28,2,5.4,1,1,0,1,1,0
Jurrell Casey,6229,DI,TEN,14,1,31,5,23,0,2,15,1,53.7,202,19,5.2,2,3,1,3,99.5,437,439,33,4.3,0,2,5,2,46.3,174,9,3.2,2,2,0,5,6,1
Shilique Calhoun,10709,ED,NE,15,1,19,4,12,0,2,6,0,47.6,88,8,4.5,0,0,0,1,96.9,186,192,16,4.3,1,2,6,1,52.4,97,8,4.1,0,1,3,0,1,3
Tanoh Kpassagnon,11814,ED,KC,16,1,16,6,21,1,1,8,1,42.0,167,10,3.3,1,1,1,1,95.4,417,437,31,4.2,0,5,12,0,58.0,231,20,5.0,3,5,2,4,6,3
Sione Takitaki,12666,LB,CLV,7,0,8,0,1,0,0,0,0,50.0,6,0,0.0,0,1,1,0,28.6,12,42,1,4.2,0,0,1,0,50.0,6,1,8.3,0,0,0,0,1,1
Drue Tranquill,51276,LB,LAC,12,0,27,0,1,0,0,1,0,70.0,7,1,7.1,0,0,0,0,5.3,12,225,1,4.2,0,0,0,0,30.0,3,0,0.0,0,0,0,0,0,0
Christian Jones,9020,LB,DET,13,0,11,1,7,0,1,5,0,59.8,70,7,5.7,1,1,0,0,36.2,118,326,9,4.2,0,0,2,0,40.2,47,2,2.1,0,0,0,1,1,0
Joe Thomas,9272,LB,DAL,13,0,9,0,1,0,0,1,0,66.7,8,1,6.3,0,0,0,0,9.1,12,132,1,4.2,0,0,0,0,33.3,4,0,0.0,0,0,0,0,0,0
Eric Rowe,9480,CB,MIA,16,0,17,0,1,0,0,1,0,75.0,9,1,5.6,0,0,0,0,2.1,12,559,1,4.2,0,0,0,0,25.0,3,0,0.0,0,0,0,0,0,0
Kyle Love,5806,DI,CAR,15,0,5,2,16,0,0,5,1,27.6,56,5,4.5,0,0,0,1,100.0,217,217,18,4.1,0,2,10,0,72.4,147,12,4.1,0,1,1,0,1,1
Greg Gaines,48706,DI,LA,10,0,26,1,3,0,1,2,0,56.3,40,4,6.3,1,0,0,0,100.0,74,74,5,4.1,0,0,1,0,43.7,31,1,1.6,0,0,1,1,0,1
Tyquan Lewis,48475,ED,IND,9,0,14,2,10,0,1,6,0,69.4,100,7,3.5,0,0,0,1,96.0,145,151,12,4.1,0,1,4,1,30.6,44,5,5.7,0,1,1,0,1,1
D.J. Jones,11953,DI,SF,11,0,28,0,7,0,0,2,0,35.8,44,2,2.3,0,1,1,1,100.0,135,135,9,4.1,0,0,5,1,64.2,79,6,4.4,1,1,0,2,3,1
Bronson Kaufusi,10704,ED,NYJ,3,0,22,0,1,0,0,1,0,78.4,29,2,5.2,1,0,0,0,97.4,37,38,2,4.1,0,0,0,0,21.6,8,0,0.0,0,0,0,1,0,0
Matt Dickerson,49601,DI,TEN,5,0,31,0,2,0,0,2,1,56.5,13,2,7.7,0,0,0,1,96.2,25,26,2,4.0,0,0,0,0,43.5,10,0,0.0,0,0,0,0,0,0
Wes Horton,8484,DI,CAR,6,0,5,1,3,0,1,3,1,70.0,35,4,5.7,0,0,0,1,100.0,50,50,4,4.0,0,0,0,0,30.0,15,0,0.0,0,0,0,0,0,0
Chris Wormley,11829,DI,BLT,16,1,3,4,10,1,1,8,1,65.4,149,9,3.0,0,0,1,1,100.0,228,228,16,3.9,0,3,2,0,34.6,79,7,5.7,2,3,1,2,3,2
Sebastian Joseph-Day,49935,DI,LA,16,1,26,3,8,0,3,3,0,51.9,84,7,4.8,1,1,0,1,100.0,192,192,13,3.9,1,0,5,1,48.1,78,6,4.5,1,1,1,2,2,1
Kamalei Correa,10676,ED,TEN,16,0,31,1,8,0,1,7,0,52.1,85,10,7.1,2,2,0,0,73.1,166,227,11,3.9,0,0,1,0,47.9,78,1,0.6,0,2,2,2,4,2
Caraun Reid,8793,DI,ARZ,3,0,1,1,5,0,1,3,1,47.1,33,4,6.1,0,0,0,1,98.7,76,77,6,3.9,0,0,1,0,52.9,37,1,1.4,0,0,0,0,0,0
Grover Stewart,11899,DI,IND,16,0,14,2,16,0,0,9,0,41.7,133,11,4.9,2,2,0,0,97.3,320,329,21,3.8,0,2,7,0,58.3,186,10,3.0,1,1,0,3,3,0
Christian Covington,9649,DI,DAL,16,0,9,2,15,0,1,4,0,41.8,104,5,2.4,0,0,0,1,97.7,252,258,18,3.8,0,1,11,1,58.2,145,13,4.8,1,2,2,1,2,2
Chandon Sullivan,49349,CB,GB,12,0,12,1,0,0,1,0,0,69.2,9,1,5.6,0,0,0,0,5.4,13,241,1,3.8,0,0,0,0,30.8,4,0,0.0,0,0,0,0,0,0
Kyle Wilber,7113,LB,OAK,6,0,23,0,1,0,0,1,0,46.2,6,1,8.3,0,0,0,0,44.8,13,29,1,3.8,0,0,0,0,53.8,7,0,0.0,0,0,0,0,0,0
Hassan Ridgeway,10750,DI,PHI,7,1,24,2,4,0,0,1,0,9.2,12,1,4.2,0,0,0,0,96.3,131,136,8,3.8,1,2,3,0,90.8,118,7,3.8,2,2,0,2,2,0
Jarran Reed,10683,DI,SEA,10,4,29,6,10,3,6,8,0,70.3,199,15,4.0,1,0,1,0,98.0,291,297,19,3.8,1,0,2,0,29.7,84,4,3.6,2,1,0,3,2,2
Andrew Billings,10756,DI,CIN,16,0,7,3,14,0,2,8,1,52.4,140,11,4.3,1,1,1,1,97.5,275,282,19,3.8,0,1,6,0,47.6,127,8,3.5,1,1,0,2,2,1
Byron Murphy Jr.,44027,CB,ARZ,16,0,1,0,1,0,0,1,0,61.5,8,1,6.3,0,0,0,0,2.0,13,661,1,3.8,0,0,0,0,38.5,5,0,0.0,0,0,0,0,0,0
Dorance Armstrong,48557,ED,DAL,15,0,9,3,5,0,0,0,0,7.0,11,1,9.1,1,1,0,2,97.5,159,163,10,3.8,0,3,5,2,93.0,147,9,3.4,1,1,2,2,2,2
Quincy Williams,49779,LB,JAX,9,0,15,0,2,0,0,0,0,55.0,11,0,0.0,0,0,1,0,8.9,26,292,2,3.8,0,0,1,0,45.0,9,1,5.6,0,1,1,0,1,2
Miles Brown,37161,DI,ARZ,9,0,1,0,4,0,0,3,0,38.8,19,3,7.9,0,0,0,0,100.0,52,52,4,3.8,0,0,1,0,61.2,30,1,1.7,0,0,0,0,0,0
Joe Walker,10885,LB,ARZ,12,0,1,0,2,0,0,0,0,44.0,11,0,0.0,0,0,0,1,9.6,26,272,2,3.8,0,0,2,1,56.0,14,2,7.1,0,0,0,0,0,0
Kevin Strong Jr.,48981,DI,DET,8,0,11,0,7,0,0,3,0,77.5,62,3,2.4,0,0,0,0,100.0,91,91,7,3.8,0,0,2,0,22.5,18,2,5.6,0,0,0,0,0,0
Johnathan Hankins,7830,DI,OAK,16,0,23,6,14,0,6,8,1,52.7,164,16,5.5,2,1,1,1,99.7,324,325,22,3.7,0,0,5,0,47.3,147,5,1.7,0,1,1,2,2,2
Henry Anderson,9526,DI,NYJ,12,0,22,8,8,0,7,7,1,93.8,255,16,3.5,2,1,0,1,96.8,273,282,18,3.7,0,1,1,0,6.3,17,2,5.9,0,0,1,2,1,1
Jonathan Bullard,10706,DI,ARZ,9,1,1,5,3,1,4,3,0,94.4,153,9,3.6,2,2,1,0,99.4,162,163,10,3.7,0,1,0,0,5.6,9,1,5.6,0,0,0,2,2,1
Jerry Tillery,49949,DI,LAC,15,2,27,0,7,2,0,4,0,48.2,79,6,5.1,2,2,1,1,98.9,177,179,10,3.7,0,0,1,1,51.8,85,2,1.8,1,0,0,3,2,1
Rashaan Evans,50213,LB,TEN,16,2,31,4,5,1,4,3,0,54.5,78,7,4.5,0,0,0,0,26.5,149,563,10,3.7,1,0,2,0,45.5,65,3,3.1,1,0,1,1,0,1
Porter Gustin,50290,ED,CLV,6,0,8,2,4,0,0,2,0,39.4,43,2,2.3,0,0,0,0,98.2,109,111,7,3.7,0,2,2,0,60.6,66,5,4.5,1,0,0,1,0,0
Bryan Mone,38461,DI,SEA,4,0,29,1,2,0,0,0,0,34.2,13,0,0.0,0,0,0,0,100.0,41,41,3,3.7,0,0,2,0,65.8,25,2,4.0,0,0,0,0,0,0
Ndamukong Suh,5527,DI,TB,16,1,30,10,26,0,8,20,2,77.6,432,31,3.9,3,5,3,2,99.7,573,575,39,3.7,1,2,5,0,22.4,125,7,2.8,0,1,2,3,6,5
Joel Heath,11162,DI,HST,2,0,13,1,0,0,0,0,0,50.0,7,0,0.0,0,0,0,0,100.0,14,14,1,3.6,0,1,0,0,50.0,7,1,7.1,0,0,0,0,0,0
Darron Lee,10654,LB,KC,9,0,16,0,1,0,0,1,0,23.1,3,1,16.7,0,0,0,0,18.4,14,76,1,3.6,0,0,0,0,76.9,10,0,0.0,0,0,0,0,0,0
Terrell McClain,6217,DI,OAK,5,0,23,0,2,0,0,1,0,46.4,13,1,3.8,0,0,0,0,100.0,28,28,2,3.6,0,0,1,0,53.6,15,1,3.3,0,0,0,0,0,0
Anthony Zettel,10836,ED,SF,5,0,28,0,4,0,0,2,0,57.4,31,2,3.2,0,0,0,0,96.5,55,57,4,3.6,0,0,2,0,42.6,23,2,4.3,0,0,0,0,0,1
Renell Wren,48953,DI,CIN,10,0,7,0,4,0,0,3,0,69.1,38,3,3.9,0,1,1,0,100.0,55,55,4,3.6,0,0,1,0,30.9,17,1,2.9,0,0,0,0,1,1
Abry Jones,8177,DI,JAX,16,0,15,1,12,0,0,4,1,43.4,112,6,3.6,2,3,1,1,100.0,274,274,16,3.5,0,1,6,0,56.6,146,8,3.1,1,0,1,3,3,2
Andrew Van Ginkel,30267,ED,MIA,6,0,17,4,1,0,1,1,1,38.0,38,3,5.3,1,2,1,1,83.3,100,120,6,3.5,0,3,0,0,62.0,62,3,2.4,0,0,0,1,2,1
Kyle Phillips,36340,ED,NYJ,15,2,22,4,9,2,2,8,0,75.8,201,12,3.5,2,2,2,0,92.7,268,289,16,3.5,0,2,1,0,24.2,64,4,3.9,1,0,1,3,2,3
Jullian Taylor,48684,DI,SF,6,0,28,1,2,0,0,2,0,52.4,22,2,4.5,0,0,0,0,100.0,43,43,3,3.5,0,1,0,0,47.6,20,1,2.5,0,0,0,0,0,0
John Jenkins,7863,DI,MIA,16,0,17,1,10,0,1,6,0,52.2,83,8,5.4,1,0,0,0,98.9,185,187,12,3.5,0,0,3,0,47.8,76,3,2.0,0,0,0,1,0,0
Malcom Brown,9465,DI,NO,16,2,20,2,12,0,1,5,0,56.7,118,6,2.5,0,0,0,0,97.0,259,267,16,3.5,1,0,5,0,43.3,90,7,5.0,2,2,0,2,2,0
Tyrone Crawford,7083,DI,DAL,4,0,9,1,1,0,1,0,0,39.7,23,2,6.5,1,1,0,0,98.3,58,59,3,3.4,0,0,1,0,60.3,35,1,1.4,0,1,1,1,2,1
Jeffery Simmons,43742,DI,TEN,9,0,31,0,7,0,0,5,0,65.4,102,7,4.4,2,2,0,0,100.0,162,162,9,3.4,0,0,2,0,34.6,54,2,1.9,0,0,0,2,2,0
Harrison Phillips,48690,DI,BUF,3,0,4,0,1,0,0,0,0,43.2,19,1,5.3,1,0,0,0,95.7,44,46,2,3.4,0,0,1,0,56.8,25,1,2.0,0,0,0,1,0,0
Chris Smith,8794,ED,CLV,9,1,8,1,5,0,0,5,0,55.8,48,5,5.2,0,0,0,0,96.7,87,90,6,3.4,1,1,0,0,44.2,38,1,1.3,0,0,0,0,0,0
B.J. Hill,49894,DI,NYG,16,0,21,1,14,0,1,13,0,86.4,210,15,3.8,1,3,2,0,100.0,250,250,16,3.4,0,0,1,0,13.6,33,1,1.5,0,0,0,1,3,2
Dean Lowry,10771,DI,GB,16,0,12,2,18,0,1,10,0,56.9,170,11,3.2,0,0,0,0,99.3,299,301,20,3.3,0,1,8,0,43.1,129,9,3.5,0,0,0,0,0,0
DaQuan Jones,8747,DI,TEN,16,2,31,1,20,2,1,10,0,49.1,160,12,4.1,1,1,1,0,96.1,348,362,22,3.3,0,0,10,0,50.9,166,10,3.0,0,0,1,1,1,3
Quinnen Williams,44216,DI,NYJ,13,0,22,3,13,0,0,4,0,36.1,118,4,1.7,0,1,1,1,99.7,330,331,19,3.3,0,3,9,1,63.9,209,15,4.3,3,3,0,3,4,1
Tony Jefferson,8361,S,BLT,5,0,3,0,1,0,0,1,0,53.3,8,1,6.3,0,0,0,0,8.5,15,176,1,3.3,0,0,0,0,46.7,7,0,0.0,0,0,1,0,0,1
Isaiah Irving,12171,ED,CHI,12,0,6,1,2,0,0,1,0,26.1,12,1,4.2,0,0,0,0,64.8,46,71,3,3.3,0,1,1,0,73.9,34,2,2.9,0,0,0,0,0,0
Bobby McCain,9578,S,MIA,9,0,17,0,1,0,0,1,0,40.0,6,1,8.3,0,0,0,0,5.4,15,280,1,3.3,0,0,0,0,60.0,9,0,0.0,0,1,1,0,1,1
Olasunkanmi Adeniyi,50154,ED,PIT,12,0,25,0,2,0,0,2,0,71.0,22,2,4.5,0,0,0,0,93.9,31,33,2,3.2,0,0,0,0,29.0,9,0,0.0,0,0,0,0,0,0
Daron Payne,48698,DI,WAS,15,1,32,2,19,0,1,9,0,45.3,129,11,4.7,1,1,3,2,97.0,389,401,23,3.2,1,1,7,1,54.7,156,9,3.2,1,1,0,2,2,4
Zach Allen,49605,DI,ARZ,4,0,1,3,2,0,2,2,1,69.7,53,4,3.8,0,0,0,1,100.0,78,78,5,3.2,0,1,0,0,30.3,23,1,2.2,0,0,1,0,0,1
Efe Obada,10235,ED,CAR,16,0,5,4,6,0,1,3,0,45.9,72,4,2.8,0,1,2,0,100.0,157,157,10,3.2,0,3,3,0,54.1,85,6,3.5,0,0,0,0,1,2
Linval Joseph,5571,DI,MIN,13,1,18,3,10,0,2,3,0,37.1,102,7,4.4,2,2,0,0,99.0,293,296,16,3.2,1,1,7,0,62.9,173,9,2.9,1,3,2,3,5,2
Derrick Nnadi,49970,DI,KC,16,0,16,1,16,0,1,8,1,54.6,142,9,3.2,0,2,2,1,95.7,269,281,17,3.2,0,0,7,0,45.4,118,7,3.0,0,0,0,0,2,2
Michael Pierce,11101,DI,BLT,13,2,3,3,12,0,1,4,1,39.6,90,5,2.8,0,1,1,1,98.2,268,273,16,3.2,1,1,6,0,60.4,137,7,2.6,0,0,0,1,1,1
Dalvin Tomlinson,11810,DI,NYG,16,3,21,4,6,0,0,3,0,38.8,102,4,2.5,1,1,0,1,100.0,280,280,14,3.2,3,4,3,1,61.2,161,10,4.0,3,2,0,4,3,0
Jaleel Johnson,11864,DI,MIN,16,2,18,1,6,2,0,3,0,54.2,122,6,3.7,3,4,3,0,99.6,234,235,11,3.2,0,1,3,0,45.8,103,5,2.9,1,1,0,4,5,3
Justin Ellis,8742,DI,BLT,4,0,3,0,2,0,0,0,0,23.1,6,0,0.0,0,0,0,1,100.0,32,32,2,3.1,0,0,1,1,76.9,20,1,2.5,0,0,0,0,0,0
C.J. Mosley,8652,LB,NYJ,2,0,22,1,0,0,0,0,0,57.1,8,0,0.0,0,0,0,0,22.2,16,72,1,3.1,0,1,0,0,42.9,6,1,8.3,0,0,0,0,0,0
Davon Godchaux,11934,DI,MIA,16,0,17,5,11,0,0,3,0,11.3,27,3,5.6,0,0,0,1,99.1,321,324,18,3.1,0,5,3,0,88.7,212,8,1.9,0,0,1,2,1,1
Jack Crawford,7151,DI,ATL,16,0,2,3,10,0,3,4,0,71.6,169,8,2.7,1,0,1,1,96.4,240,249,14,3.1,0,0,6,1,28.4,67,6,4.5,0,0,1,1,0,2
Allen Bailey,6238,DI,ATL,15,0,2,1,12,0,0,5,0,43.0,104,6,3.4,1,2,1,2,98.8,245,248,14,3.1,0,1,7,2,57.0,138,8,2.9,0,0,0,1,2,1
Corey Peters,5607,DI,ARZ,16,2,1,2,21,1,2,4,0,36.2,143,7,2.8,1,1,0,2,98.7,463,469,26,3.1,1,0,14,2,63.8,252,16,3.6,2,3,1,3,4,1
Eddie Goldman,9472,DI,CHI,15,0,6,1,13,0,0,2,0,12.7,27,2,3.7,0,0,0,0,99.6,255,256,15,3.1,0,1,7,0,87.3,186,9,2.7,1,1,1,1,1,2
Charles Harris,11777,ED,MIA,14,1,17,6,7,1,3,5,1,55.9,104,8,3.8,0,1,1,1,96.3,207,215,13,3.1,0,1,2,0,44.1,82,3,1.8,0,2,2,0,3,3
Ha Ha Clinton-Dix,8656,S,CHI,16,0,6,0,1,0,0,1,0,62.5,10,1,5.0,0,0,0,0,2.6,16,614,1,3.1,0,0,0,0,37.5,6,0,0.0,0,0,0,0,0,0
Reggie Gilbert,11147,ED,TEN,11,0,31,3,5,0,3,5,0,57.0,94,9,5.3,1,2,1,0,93.8,165,176,9,3.0,0,0,0,0,43.0,71,0,0.0,0,0,0,1,2,1
Carl Granderson,48500,ED,NO,6,1,20,1,2,1,1,1,0,42.7,35,2,2.9,0,0,0,0,96.5,82,85,4,3.0,0,0,1,0,57.3,47,2,3.2,1,2,1,1,2,1
Carlos Watkins,11897,DI,HST,10,0,13,1,6,0,0,4,1,51.2,65,4,3.1,0,0,1,1,99.3,148,149,8,3.0,0,1,1,0,48.8,62,3,3.2,1,1,1,1,1,2
Joey Ivie,11984,DI,TEN,8,0,31,1,3,0,0,0,0,70.3,45,0,0.0,0,0,0,0,95.8,69,72,4,2.9,0,1,2,0,29.7,19,3,7.9,0,0,0,0,0,0
Solomon Thomas,11758,ED,SF,16,0,28,4,6,0,1,3,0,43.9,104,4,1.9,0,1,1,0,97.6,244,250,12,2.9,0,3,3,0,56.1,133,8,3.8,2,3,2,2,4,3
Josh Tupou,12093,DI,CIN,16,0,7,0,10,0,0,4,0,51.2,86,4,2.3,0,0,0,0,98.3,170,173,10,2.9,0,0,6,0,48.8,82,6,3.7,0,0,0,0,0,0
Isaac Rochell,11980,ED,LAC,16,0,27,0,8,0,0,6,0,44.8,69,6,4.3,0,0,0,0,99.4,170,171,9,2.9,0,0,2,0,55.2,85,3,2.4,1,1,0,1,1,0
Kylie Fitts,48553,ED,ARZ,3,0,1,0,1,0,0,1,0,38.9,7,1,7.1,0,0,0,0,78.3,18,23,1,2.8,0,0,0,0,61.1,11,0,0.0,0,0,0,0,0,0
Michael Thomas,7279,S,NYG,16,0,21,0,1,0,0,0,0,55.6,10,0,0.0,0,1,2,0,8.9,18,202,1,2.8,0,0,1,0,44.4,8,1,6.3,0,0,0,0,1,2
Frank Herron,39383,DI,DET,3,0,11,0,3,0,0,3,0,76.6,36,3,4.2,0,0,0,0,100.0,54,54,3,2.8,0,0,0,0,23.4,11,0,0.0,0,0,0,0,0,0
Bruce Hector,48759,DI,PHI,3,0,24,0,2,0,0,0,0,5.6,2,0,0.0,0,0,0,0,100.0,36,36,2,2.8,0,0,2,0,94.4,34,2,2.9,0,0,0,0,0,0
Justin Jones,48940,DI,LAC,12,0,27,3,13,0,2,6,1,52.9,139,8,2.9,0,1,1,1,99.3,284,286,16,2.8,0,0,6,0,47.1,124,6,2.4,0,3,3,0,4,4
Star Lotulelei,7795,DI,BUF,16,0,4,1,8,0,0,5,1,45.9,112,7,4.0,2,2,1,2,100.0,244,244,11,2.7,0,1,3,1,54.1,132,4,1.5,0,0,0,2,2,1
Patrick Chung,4957,S,NE,13,0,19,0,2,0,0,1,0,59.5,22,1,2.3,0,0,0,0,9.6,37,385,2,2.7,0,0,1,0,40.5,15,1,3.3,0,0,0,0,0,0
Tyeler Davison,9587,DI,ATL,16,0,2,1,10,0,1,3,0,51.0,98,5,3.1,1,1,0,0,98.4,240,244,12,2.7,0,0,4,0,49.0,94,4,2.1,0,0,0,1,1,0
Beau Allen,8858,DI,TB,13,0,30,0,3,0,0,0,0,9.6,7,0,0.0,0,0,0,0,98.9,92,93,4,2.7,0,0,2,0,90.4,66,2,1.5,0,0,0,1,1,0
Demone Harris,48452,ED,KC,4,0,16,1,3,0,0,2,0,65.3,49,2,2.0,0,0,0,0,94.9,75,79,4,2.7,0,1,1,0,34.7,26,2,3.8,0,0,0,0,0,0
Branden Jackson,11394,ED,SEA,15,0,29,1,7,0,1,4,1,45.0,100,5,2.5,0,0,0,1,97.4,223,229,10,2.7,0,0,3,0,55.0,122,5,2.9,2,4,3,2,4,3
Isaiah Buggs,56503,DI,PIT,9,0,25,0,2,0,0,0,0,48.6,18,0,0.0,0,0,0,0,100.0,38,38,2,2.6,0,0,2,0,51.4,19,2,5.3,0,0,0,0,0,0
Michael Dogbe,48850,DI,ARZ,7,0,1,1,1,0,1,1,0,48.7,19,2,5.3,0,0,0,0,97.5,39,40,2,2.6,0,0,0,0,51.3,20,0,0.0,0,0,0,0,0,0
Daniel Ekuale,48874,DI,CLV,7,0,8,0,3,0,0,2,1,28.1,16,2,6.3,0,0,0,1,98.3,58,59,3,2.6,0,0,1,0,71.9,41,1,1.2,0,0,0,0,0,0
Kentavius Street,48404,DI,SF,3,0,28,0,1,0,0,1,0,26.3,5,1,10.0,0,1,1,0,100.0,19,19,1,2.6,0,0,0,0,73.7,14,0,0.0,0,0,2,0,1,3
Al Woods,5646,DI,SEA,14,1,29,0,10,0,0,7,0,56.5,131,7,2.7,0,0,0,0,100.0,234,234,11,2.6,1,0,3,0,43.5,101,4,2.5,1,1,1,1,1,1
Jamar Taylor,7835,CB,ATL,11,0,2,0,1,0,0,1,1,57.9,11,1,4.5,0,0,0,1,10.6,19,179,1,2.6,0,0,0,0,42.1,8,0,0.0,0,0,0,0,0,0
Clinton McDonald,5173,DI,ARZ,9,0,1,0,4,0,0,3,0,53.3,40,3,3.8,0,0,0,0,98.7,76,77,4,2.6,0,0,1,0,46.7,35,1,1.4,0,0,0,0,0,0
Brandon Dunn,9262,DI,HST,16,0,13,3,5,0,0,3,0,63.0,114,4,2.2,1,2,1,1,98.0,194,198,9,2.6,0,3,2,1,37.0,67,5,3.7,0,0,0,1,2,1
A'Shawn Robinson,10680,DI,DET,13,0,11,0,10,0,0,6,0,53.3,128,7,3.1,1,1,1,1,100.0,269,269,12,2.6,0,0,3,1,46.7,112,4,2.2,1,1,2,2,2,3
Brandin Bryant,11280,DI,CLV,3,0,8,0,1,0,0,1,0,52.6,10,1,5.0,0,0,0,0,95.0,19,20,1,2.6,0,0,0,0,47.4,9,0,0.0,0,0,0,0,0,0
Devante Bond,10817,ED,CHI,4,0,6,0,1,0,0,0,0,42.1,8,0,0.0,0,0,0,0,79.2,19,24,1,2.6,0,0,1,0,57.9,11,1,4.5,0,0,0,0,0,0
Malik Jackson,7647,DI,PHI,1,0,24,0,1,0,0,0,0,5.0,1,0,0.0,0,0,0,0,100.0,20,20,1,2.5,0,0,1,0,95.0,19,1,2.6,0,0,0,0,0,0
Xavier Williams,9809,DI,KC,5,0,16,0,3,0,0,2,0,65.5,38,2,2.6,0,0,0,0,98.3,59,60,3,2.5,0,0,1,0,34.5,20,1,2.5,0,1,1,0,1,1
Lerentee McCray,8159,ED,JAX,7,0,15,0,2,0,0,1,0,43.6,17,1,2.9,0,1,1,0,97.6,40,41,2,2.5,0,0,1,0,56.4,22,1,2.3,0,0,0,0,1,1
Austin Johnson,10677,DI,TEN,16,0,31,2,6,0,1,4,0,42.7,67,5,3.7,0,0,1,1,99.4,159,160,8,2.5,0,1,2,1,57.3,90,3,1.7,0,0,0,0,0,1
Trysten Hill,44519,DI,DAL,7,0,9,2,1,0,0,1,0,38.7,24,1,2.1,0,0,0,0,98.4,62,63,3,2.4,0,2,0,0,61.3,38,2,2.6,0,1,1,0,1,1
Brent Urban,8769,ED,CHI,13,0,6,1,4,0,0,4,0,65.7,67,4,3.0,0,0,0,0,100.0,103,103,5,2.4,0,1,0,0,34.3,35,1,1.4,0,0,0,0,0,0
Hercules Mata'afa,48931,DI,MIN,6,0,18,0,4,0,0,1,0,59.3,48,1,1.0,0,0,0,0,98.8,85,86,4,2.4,0,0,3,0,40.7,33,3,4.5,0,1,1,0,1,1
Brandon Williams,7875,DI,BLT,14,1,3,5,7,0,3,3,1,51.0,126,6,2.4,0,0,0,1,99.0,290,293,13,2.4,1,2,3,0,49.0,121,6,2.9,1,2,1,1,2,1
Brandon Mebane,3701,DI,LAC,13,1,27,1,6,0,1,4,1,48.4,91,6,3.8,1,3,2,2,100.0,190,190,8,2.4,1,0,2,1,51.6,97,2,1.0,0,0,0,1,3,2
Mike Purcell,8530,DI,DEN,13,1,10,2,7,1,1,3,2,72.7,104,4,1.9,0,0,0,2,99.5,192,193,9,2.3,0,0,1,0,27.3,39,1,1.3,0,0,0,0,0,0
Corey Liuget,6170,DI,BUF,10,0,4,1,1,0,1,0,0,48.2,41,2,3.7,1,2,1,0,97.7,86,88,3,2.3,0,0,1,0,51.8,44,1,1.1,0,0,0,1,2,1
Kareem Martin,8719,ED,NYG,5,0,21,0,1,0,0,1,0,81.8,18,1,2.8,0,0,1,0,95.7,22,23,1,2.3,0,0,0,0,18.2,4,0,0.0,0,0,0,0,0,1
Tyler Lancaster,48604,DI,GB,16,0,12,0,3,0,0,0,0,48.3,73,0,0.0,0,0,0,0,100.0,154,154,5,2.3,0,0,3,0,51.7,78,5,4.5,2,1,0,2,1,0
Marcell Dareus,6155,DI,JAX,6,0,15,0,3,0,0,1,2,56.5,61,2,2.5,1,1,0,2,100.0,108,108,4,2.3,0,0,2,0,43.5,47,2,2.1,0,0,0,1,1,0
Sheldon Day,10737,DI,SF,16,3,28,1,4,2,0,3,0,57.8,89,3,1.7,0,0,2,1,100.0,159,159,6,2.2,1,1,1,1,42.2,65,3,3.1,1,1,0,1,1,2
Rakeem Nunez-Roches,9650,DI,TB,16,0,30,2,5,0,1,3,0,43.7,66,4,3.0,0,1,1,0,98.8,166,168,7,2.1,0,1,1,0,56.3,85,2,1.2,0,0,0,0,1,1
Folorunso Fatukasi,38558,DI,NYJ,14,0,22,2,3,0,1,3,0,51.0,74,4,2.7,0,0,0,0,99.4,169,170,6,2.1,0,1,0,0,49.0,71,1,0.7,0,0,0,1,1,0
Angelo Blackson,9533,DI,HST,15,0,13,2,7,0,1,5,0,48.1,102,6,2.9,0,2,2,2,100.0,217,217,9,2.1,0,0,2,2,51.9,110,2,0.9,0,0,0,0,2,2
Anthony Rush,56895,DI,PHI,9,1,24,0,3,0,0,0,0,32.4,22,0,0.0,0,0,0,0,97.3,71,73,3,2.1,1,0,3,0,67.6,46,3,3.3,0,0,0,0,0,0
Poona Ford,48875,DI,SEA,15,0,29,1,7,0,0,2,0,41.7,100,3,2.0,1,3,3,0,99.2,255,257,9,2.0,0,1,4,0,58.3,140,5,1.8,0,0,0,1,3,3
Vincent Taylor,11949,DI,BUF,3,0,4,0,1,0,0,1,0,60.0,15,1,3.3,0,1,2,0,100.0,25,25,1,2.0,0,0,0,0,40.0,10,0,0.0,0,0,0,0,1,2
Tavon Wilson,7051,S,DET,16,0,11,1,0,0,1,0,0,59.3,16,1,3.1,0,0,0,0,5.6,27,478,1,1.9,0,0,0,0,40.7,11,0,0.0,0,0,0,0,0,0
Jacob Tuioti-Mariner,50141,ED,ATL,8,0,2,1,3,0,1,2,0,70.4,76,3,2.0,0,0,0,0,97.3,109,112,4,1.8,0,0,1,0,29.6,32,1,1.6,0,1,1,0,1,1
Sylvester Williams,7809,DI,LAC,5,0,27,0,1,0,0,1,0,32.1,9,1,5.6,0,0,0,0,100.0,28,28,1,1.8,0,0,0,0,67.9,19,0,0.0,0,0,1,0,0,1
Jeremiah Valoaga,12194,ED,OAK,4,0,23,0,1,0,0,1,0,32.1,9,1,5.6,0,0,0,0,100.0,28,28,1,1.8,0,0,0,0,67.9,19,0,0.0,0,0,1,0,0,1
Damon Harrison Sr.,7355,DI,DET,15,2,11,0,4,1,0,1,2,86.9,126,3,2.0,2,2,0,3,100.0,240,240,6,1.7,0,0,0,0,13.1,19,0,0.0,0,0,0,2,2,0
Antwaun Woods,11332,DI,DAL,10,1,9,1,4,0,1,3,1,44.4,64,4,3.1,0,0,1,1,98.0,147,150,5,1.7,1,0,1,0,55.6,80,1,0.6,0,0,0,0,0,1
John Atkins,49918,DI,DET,12,0,11,0,6,0,0,0,1,38.5,47,0,0.0,0,0,0,3,100.0,180,180,6,1.7,0,0,3,1,61.5,75,3,2.0,0,0,0,0,0,0
Kyle Peko,11027,DI,DEN,6,0,10,0,1,0,0,1,0,65.5,19,1,2.6,0,0,0,0,100.0,29,29,1,1.7,0,0,0,0,34.5,10,0,0.0,0,0,0,0,0,0
Austin Bryant,36248,ED,DET,4,0,11,1,1,0,0,1,0,33.9,21,1,2.4,0,0,0,0,71.3,62,87,2,1.6,0,1,0,0,66.1,41,1,1.2,0,0,0,0,0,0
Adam Gotsis,10697,DI,DEN,9,0,10,0,4,0,0,1,1,31.4,37,1,1.4,0,1,1,3,100.0,122,122,4,1.6,0,0,3,2,68.6,81,3,1.9,0,0,1,0,1,2
Devaroe Lawrence,12222,DI,CLV,11,0,8,2,2,0,2,2,0,60.7,74,4,2.7,0,0,0,0,97.6,122,125,4,1.6,0,0,0,0,39.3,48,0,0.0,0,0,0,0,0,0
Taylor Stallworth,48935,DI,NO,4,0,20,0,2,0,0,1,1,47.5,28,1,1.8,0,1,1,1,100.0,61,61,2,1.6,0,0,1,0,52.5,31,1,1.6,0,0,1,0,1,2
Margus Hunt,7834,DI,IND,16,0,14,1,6,0,0,5,0,55.9,124,5,2.0,0,2,2,0,96.5,223,231,7,1.6,0,1,1,0,44.1,98,2,1.0,0,0,0,0,2,2
Akeem Spence,7882,DI,JAX,15,0,15,1,4,0,1,3,0,53.0,88,4,2.3,0,0,0,0,97.7,170,174,5,1.5,0,0,1,0,47.0,78,1,0.6,0,1,1,0,1,1
Da'Shawn Hand,48386,DI,DET,3,0,11,0,2,0,0,1,0,86.0,49,1,1.0,0,0,0,0,100.0,66,66,2,1.5,0,0,0,0,14.0,8,0,0.0,0,0,0,0,0,0
Khalen Saunders,31534,DI,KC,12,1,16,0,2,0,0,0,0,19.3,27,0,0.0,0,0,0,0,96.6,143,148,3,1.4,1,0,1,0,80.7,113,2,1.3,1,1,1,1,1,1
Damion Square,8042,DI,LAC,16,2,27,2,3,1,1,3,0,50.5,93,4,2.2,0,0,1,0,98.9,184,186,5,1.4,1,1,0,0,49.5,91,1,0.5,0,0,0,0,0,1
Eli Ankou,48856,DI,CLV,9,0,8,0,2,0,0,0,0,60.9,42,0,0.0,0,0,1,0,100.0,69,69,2,1.4,0,0,2,0,39.1,27,2,3.7,0,0,0,0,0,1
Anthony Nelson,48405,ED,TB,9,0,30,0,2,0,0,0,0,52.5,42,0,0.0,0,0,0,0,89.9,80,89,2,1.3,0,0,2,0,47.5,38,2,2.6,0,1,1,0,1,1
Shamar Stephen,8854,DI,MIN,15,2,18,1,4,1,0,3,0,61.6,181,4,1.4,1,1,1,0,100.0,300,300,6,1.2,1,1,1,0,38.4,113,2,0.9,0,0,0,1,1,1
Bilal Nichols,28451,DI,CHI,13,1,6,3,1,1,3,1,0,47.4,93,4,2.2,0,1,1,0,98.5,202,205,4,1.0,0,0,0,0,52.6,103,0,0.0,0,1,1,0,2,2
Avery Moss,11922,ED,MIA,10,0,17,0,3,0,0,1,1,59.1,81,1,0.6,0,1,1,1,97.3,143,147,3,1.0,0,0,2,0,40.9,56,2,1.8,0,0,0,0,1,1
Kingsley Keke,48718,DI,GB,11,1,12,1,0,0,0,0,0,52.8,28,0,0.0,0,0,0,0,98.1,53,54,1,0.9,1,1,0,0,47.2,25,1,2.0,0,0,0,0,0,0
L.J. Collier,48822,ED,SEA,10,0,29,0,1,0,0,0,0,46.2,36,0,0.0,0,0,0,0,100.0,79,79,1,0.6,0,0,1,0,53.8,42,1,1.2,0,0,0,0,0,0
Tanzel Smart,11944,DI,LA,13,0,26,0,1,0,0,0,0,50.0,43,0,0.0,0,0,0,0,100.0,87,87,1,0.6,0,0,1,0,50.0,43,1,1.2,0,0,0,0,0,0
Montravius Adams,11848,DI,GB,12,1,12,0,1,0,0,0,0,59.0,62,0,0.0,0,1,1,0,99.1,106,107,1,0.5,1,0,1,0,41.0,43,1,1.2,0,0,0,0,1,1
Cameron Sutton,11850,CB,PIT,16,0,25,0,0,0,0,0,0,50.0,2,0,0.0,0,0,0,0,1.9,4,214,0,0.0,0,0,0,0,50.0,2,0,0.0,0,0,0,0,0,0
Montae Nicholson,11878,S,WAS,13,0,32,0,0,0,0,0,0,60.0,3,0,0.0,0,0,0,0,1.0,5,503,0,0.0,0,0,0,0,40.0,2,0,0.0,0,0,0,0,0,0
John Johnson III,11847,S,LA,6,0,26,0,0,0,0,0,0,100.0,1,0,0.0,0,0,0,0,0.5,1,221,0,0.0,0,0,0,0,0.0,0,0,,0,0,0,0,0,0
Shaquill Griffin,11845,CB,SEA,14,0,29,0,0,0,0,0,0,100.0,2,0,0.0,0,0,0,0,0.4,2,567,0,0.0,0,0,0,0,0.0,0,0,,0,0,0,0,0,0
Eddie Vanderdoes,11843,DI,HST,3,0,13,0,0,0,0,0,0,62.5,20,0,0.0,0,0,1,0,100.0,32,32,0,0.0,0,0,0,0,37.5,12,0,0.0,0,0,0,0,0,1
Duke Riley,11830,LB,PHI,5,0,24,0,0,0,0,0,0,0.0,0,0,,0,0,0,0,22.2,2,9,0,0.0,0,0,0,0,100.0,2,0,0.0,0,0,0,0,0,0
Brian Hill,11911,HB,ATL,1,0,2,0,0,0,0,0,0,100.0,1,0,0.0,0,0,0,0,100.0,1,1,0,0.0,0,0,0,0,0.0,0,0,,0,0,0,0,0,0
Caleb Brantley,11939,DI,WAS,1,0,32,0,0,0,0,0,0,100.0,3,0,0.0,0,0,0,0,100.0,4,4,0,0.0,0,0,0,0,0.0,0,0,,0,0,0,0,0,0
Marcus Maye,11794,S,NYJ,16,0,22,0,0,0,0,0,0,25.0,1,0,0.0,0,0,0,0,0.6,4,645,0,0.0,0,0,0,0,75.0,3,0,0.0,0,0,0,0,0,0
Adoree' Jackson,11773,CB,TEN,11,0,31,0,0,0,0,0,0,100.0,5,0,0.0,0,0,0,0,1.4,5,367,0,0.0,0,0,0,0,0.0,0,0,,0,0,0,0,0,0
Adrian Colbert,11983,S,MIA,6,0,17,0,0,0,0,0,0,0.0,0,0,,0,0,0,0,0.5,1,209,0,0.0,0,0,0,0,100.0,1,0,0.0,0,0,0,0,0,0
Jonathan Harris,94361,DI,DEN,5,0,10,0,0,0,0,0,0,79.3,23,0,0.0,0,0,0,0,100.0,29,29,0,0.0,0,0,0,0,20.7,6,0,0.0,0,0,0,0,0,0
Pete Robertson,11317,ED,ARZ,2,0,1,0,0,0,0,0,0,33.3,1,0,0.0,0,0,0,0,60.0,3,5,0,0.0,0,0,0,0,66.7,2,0,0.0,0,0,0,0,0,0
Steve Longa,11285,LB,DET,2,0,11,0,0,0,0,0,0,66.7,2,0,0.0,0,0,0,0,20.0,4,20,0,0.0,0,0,0,0,33.3,1,0,0.0,0,0,0,0,0,0
Jermaine Grace,12081,ED,ATL,5,0,2,0,0,0,0,0,0,100.0,2,0,0.0,0,0,0,0,28.6,2,7,0,0.0,0,0,0,0,0.0,0,0,,0,0,0,0,0,0
Mitchell Loewen,11232,DI,NO,1,0,20,0,0,0,0,0,0,33.3,2,0,0.0,0,0,1,0,100.0,6,6,0,0.0,0,0,0,0,66.7,4,0,0.0,0,1,1,0,1,2
Cre'Von LeBlanc,11218,CB,PHI,4,0,24,0,0,0,0,0,0,75.0,3,0,0.0,0,0,0,0,6.8,4,59,0,0.0,0,0,0,0,25.0,1,0,0.0,0,0,0,0,0,0
Arthur Maulet,12224,CB,NYJ,9,0,22,0,0,0,0,0,0,100.0,1,0,0.0,0,0,0,0,0.4,1,225,0,0.0,0,0,0,0,0.0,0,0,,0,0,0,0,0,0
Calvin Munson,12236,LB,MIA,2,0,17,0,0,0,0,0,0,100.0,3,0,0.0,0,0,0,0,11.1,3,27,0,0.0,0,0,0,0,0.0,0,0,,0,0,0,0,0,0
Fadol Brown,12246,DI,GB,3,0,12,0,0,0,0,0,0,50.0,4,0,0.0,0,0,0,0,100.0,8,8,0,0.0,0,0,0,0,50.0,4,0,0.0,0,0,0,0,0,0
Jonathan Jones,11217,CB,NE,15,0,19,0,0,0,0,0,0,0.0,0,0,,0,0,0,0,0.5,2,421,0,0.0,0,0,0,0,100.0,2,0,0.0,0,0,0,0,0,0
Darrel Williams,13014,HB,KC,1,0,16,0,0,0,0,0,0,,0,0,,0,0,0,0,100.0,1,1,0,0.0,0,0,0,0,,0,0,,0,0,0,0,0,0
Corey Thompson,18551,LB,BUF,1,0,4,0,0,0,0,0,0,33.3,1,0,0.0,0,0,0,0,9.1,3,33,0,0.0,0,0,0,0,66.7,2,0,0.0,0,0,0,0,0,0
Trevon Coley,11093,DI,IND,6,0,14,0,0,0,0,0,0,44.4,12,0,0.0,0,1,1,2,87.1,27,31,0,0.0,0,0,0,2,55.6,15,0,0.0,0,0,0,0,1,1
Sharrod Neasman,11050,S,ATL,5,0,2,0,0,0,0,0,0,,0,0,,0,0,0,0,14.3,1,7,0,0.0,0,0,0,0,,0,0,,0,0,0,0,0,0
Scott Quessenberry,23918,C,LAC,1,0,27,0,0,0,0,0,0,,0,0,,0,0,0,0,100.0,1,1,0,0.0,0,0,0,0,,0,0,,0,0,0,0,0,0
Justin Zimmer,10975,DI,CLV,2,0,8,0,0,0,0,0,0,0.0,0,0,,0,0,0,0,100.0,8,8,0,0.0,0,0,0,0,100.0,8,0,0.0,0,0,0,0,0,0
Foyesade Oluokun,24904,LB,ATL,15,0,2,0,0,0,0,0,0,52.9,9,0,0.0,0,0,0,0,10.7,17,159,0,0.0,0,0,0,0,47.1,8,0,0.0,0,0,0,0,0,0
Jalen Mills,10867,CB,PHI,9,0,24,0,0,0,0,0,0,100.0,1,0,0.0,0,0,0,0,0.3,1,312,0,0.0,0,0,0,0,0.0,0,0,,0,0,0,0,0,0
Levi Wallace,25445,CB,BUF,16,0,4,0,0,0,0,0,0,100.0,3,0,0.0,0,0,0,0,0.6,3,478,0,0.0,0,0,0,0,0.0,0,0,,0,0,0,0,0,0
Dane Cruikshank,25546,S,TEN,4,0,31,0,0,0,0,0,0,,0,0,,0,0,0,0,8.3,1,12,0,0.0,0,0,0,0,,0,0,,0,0,0,0,0,0
Maurice Canady,10843,CB,NYJ,12,0,22,0,0,0,0,0,0,0.0,0,0,,0,0,0,0,0.4,1,242,0,0.0,0,0,0,0,100.0,1,0,0.0,0,0,0,0,0,0
Derek Watt,10832,FB,LAC,1,0,27,0,0,0,0,0,0,,0,0,,0,0,0,0,100.0,1,1,0,0.0,0,0,0,0,,0,0,,0,0,0,0,0,0
Anthony Brown,10823,CB,DAL,9,0,9,0,0,0,0,0,0,71.4,5,0,0.0,0,0,0,0,3.6,7,192,0,0.0,0,0,0,0,28.6,2,0,0.0,0,0,0,0,0,0
Craig James,26360,CB,PHI,3,0,24,0,0,0,0,0,0,100.0,1,0,0.0,0,0,0,0,2.5,1,40,0,0.0,0,0,0,0,0.0,0,0,,0,0,0,0,0,0
C.J. Moore,26617,S,DET,8,0,11,0,0,0,0,0,0,0.0,0,0,,0,0,0,0,1.9,1,54,0,0.0,0,0,0,0,100.0,1,0,0.0,0,0,0,0,0,0
Jatavis Brown,10809,LB,LAC,7,0,27,0,0,0,0,0,0,50.0,1,0,0.0,0,0,0,0,4.8,3,62,0,0.0,0,0,0,0,50.0,1,0,0.0,0,0,0,0,0,0
Marqui Christian,10801,S,LA,14,0,26,0,0,0,0,0,0,40.0,2,0,0.0,0,0,0,0,1.9,5,267,0,0.0,0,0,0,0,60.0,3,0,0.0,0,0,0,0,0,0
LeShaun Sims,10791,CB,TEN,9,0,31,0,0,0,0,0,0,0.0,0,0,,0,0,0,0,0.9,2,216,0,0.0,0,0,0,0,100.0,1,0,0.0,0,0,0,0,0,0
David Long Jr.,27377,CB,LA,5,0,26,0,0,0,0,0,0,100.0,1,0,0.0,0,0,0,0,1.3,1,78,0,0.0,0,0,0,0,0.0,0,0,,0,0,0,0,0,0
Deon Bush,10758,S,CHI,14,0,6,0,0,0,0,0,0,50.0,1,0,0.0,0,0,0,0,4.0,2,50,0,0.0,0,0,0,0,50.0,1,0,0.0,0,0,0,0,0,0
Justin Simmons,10732,S,DEN,16,0,10,0,0,0,0,0,0,100.0,2,0,0.0,0,0,0,0,0.3,2,596,0,0.0,0,0,0,0,0.0,0,0,,0,0,0,0,0,0
Will Redmond,10702,S,GB,9,0,12,0,0,0,0,0,0,33.3,2,0,0.0,0,0,0,0,3.6,6,169,0,0.0,0,0,0,0,66.7,4,0,0.0,0,0,0,0,0,0
David Long,29367,LB,TEN,5,0,31,0,0,0,0,0,0,60.0,3,0,0.0,0,2,2,0,12.2,5,41,0,0.0,0,0,0,0,40.0,2,0,0.0,0,0,0,0,2,2
Chris Board,29456,LB,BLT,6,0,3,0,0,0,0,0,0,20.0,2,0,0.0,0,0,0,0,32.4,11,34,0,0.0,0,0,0,0,80.0,8,0,0.0,0,0,0,0,0,0
Jaeden Graham,31849,TE,ATL,1,0,2,0,0,0,0,0,0,,0,0,,0,0,0,0,100.0,1,1,0,0.0,0,0,0,0,,0,0,,0,0,0,0,0,0
Shakial Taylor,33464,CB,DEN,5,0,10,0,0,0,0,0,0,100.0,2,0,0.0,0,0,0,0,4.0,2,50,0,0.0,0,0,0,0,0.0,0,0,,0,0,0,0,0,0
Mike Hughes,34057,CB,MIN,14,0,18,0,0,0,0,0,0,100.0,1,0,0.0,0,0,0,0,0.3,1,326,0,0.0,0,0,0,0,0.0,0,0,,0,0,0,0,0,0
Robert Nkemdiche,10663,DI,MIA,2,0,17,0,0,0,0,0,0,66.7,2,0,0.0,0,0,0,0,100.0,4,4,0,0.0,0,0,0,0,33.3,1,0,0.0,0,0,0,0,0,0
Kris Boyd,34222,CB,MIN,7,0,18,0,0,0,0,0,0,,0,0,,0,0,0,0,1.6,1,61,0,0.0,0,0,0,0,,0,0,,0,0,0,0,0,0
William Jackson III,10658,CB,CIN,14,0,7,0,0,0,0,0,0,0.0,0,0,,0,0,0,0,0.5,2,431,0,0.0,0,0,0,0,100.0,2,0,0.0,0,0,0,0,0,0
Tae Hayes,35173,CB,MIA,2,0,17,0,0,0,0,0,0,0.0,0,0,,0,0,0,0,2.7,2,73,0,0.0,0,0,0,0,100.0,2,0,0.0,0,0,0,0,0,0
Vernon Hargreaves III,10645,CB,HST,15,0,13,0,0,0,0,0,0,0.0,0,0,,0,0,0,0,0.6,3,544,0,0.0,0,0,0,0,100.0,3,0,0.0,0,0,0,0,0,0
Noah Dawkins,35771,LB,TB,2,0,30,0,0,0,0,0,0,100.0,1,0,0.0,0,0,0,0,50.0,2,4,0,0.0,0,0,0,0,0.0,0,0,,0,0,0,0,0,0
Kameron Kelly,35978,S,PIT,6,0,25,0,0,0,0,0,0,100.0,1,0,0.0,0,0,0,0,1.3,1,80,0,0.0,0,0,0,0,0.0,0,0,,0,0,0,0,0,0
Ryan Bee,36551,DI,WAS,1,0,32,0,0,0,0,0,0,0.0,0,0,,0,0,0,0,100.0,2,2,0,0.0,0,0,0,0,100.0,2,0,0.0,0,0,0,0,0,0
Nick Dzubnar,10127,LB,LAC,2,0,27,0,0,0,0,0,0,,0,0,,0,0,0,0,100.0,2,2,0,0.0,0,0,0,0,,0,0,,0,0,0,0,0,0
Quinton Dunbar,10073,CB,WAS,11,0,32,0,0,0,0,0,0,0.0,0,0,,0,0,0,0,0.3,1,347,0,0.0,0,0,0,0,100.0,1,0,0.0,0,0,0,0,0,0
Davontae Harris,37492,CB,DEN,9,0,10,0,0,0,0,0,0,0.0,0,0,,0,0,0,0,0.4,1,239,0,0.0,0,0,0,0,100.0,1,0,0.0,0,0,0,0,0,0
Troy Reeder,38268,LB,LA,12,0,26,0,0,0,0,0,0,25.0,1,0,0.0,0,0,0,0,3.4,4,119,0,0.0,0,0,0,0,75.0,3,0,0.0,0,0,0,0,0,0
Jamal Davis II,38297,ED,MIA,2,0,17,0,0,0,0,0,0,100.0,2,0,0.0,0,0,0,0,40.0,2,5,0,0.0,0,0,0,0,0.0,0,0,,0,0,0,0,0,0
Cortez Broughton,38524,DI,LAC,2,0,27,0,0,0,0,0,0,55.6,5,0,0.0,0,0,0,0,100.0,9,9,0,0.0,0,0,0,0,44.4,4,0,0.0,0,0,0,0,0,0
Matthew Adams,38526,LB,IND,8,0,14,0,0,0,0,0,0,50.0,2,0,0.0,0,0,0,0,9.3,4,43,0,0.0,0,0,0,0,50.0,2,0,0.0,0,0,0,0,0,0
Justin March-Lillard,10065,LB,DAL,3,0,9,0,0,0,0,0,0,50.0,1,0,0.0,0,0,0,0,10.0,3,30,0,0.0,0,0,0,0,50.0,1,0,0.0,0,0,0,0,0,0
Dean Marlowe,9966,S,BUF,6,0,4,0,0,0,0,0,0,83.3,5,0,0.0,0,0,0,0,11.1,6,54,0,0.0,0,0,0,0,16.7,1,0,0.0,0,0,0,0,0,0
Austin Larkin,38754,ED,ATL,1,0,2,0,0,0,0,0,0,0.0,0,0,,0,0,0,0,100.0,5,5,0,0.0,0,0,0,0,100.0,5,0,0.0,0,0,0,0,0,0
James Vaughters,9934,ED,CHI,3,0,6,0,0,0,0,0,0,62.5,5,0,0.0,0,0,1,0,72.7,8,11,0,0.0,0,0,0,0,37.5,3,0,0.0,0,0,0,0,0,1
Trayvon Mullen,41968,CB,OAK,16,0,23,0,0,0,0,0,0,100.0,1,0,0.0,0,0,0,0,0.3,1,386,0,0.0,0,0,0,0,0.0,0,0,,0,0,0,0,0,0
Byron Pringle,42345,WR,KC,1,0,16,0,0,0,0,0,0,,0,0,,0,0,0,0,100.0,1,1,0,0.0,0,0,0,0,,0,0,,0,0,0,0,0,0
Quandre Diggs,9633,S,SEA,10,0,29,0,0,0,0,0,0,100.0,2,0,0.0,0,0,0,0,0.5,2,367,0,0.0,0,0,0,0,0.0,0,0,,0,0,0,0,0,0
Ibraheim Campbell,9548,S,GB,7,0,12,0,0,0,0,0,0,33.3,3,0,0.0,0,0,0,0,7.8,9,115,0,0.0,0,0,0,0,66.7,6,0,0.0,0,0,0,0,0,0
Greedy Williams,43254,CB,CLV,12,0,8,0,0,0,0,0,0,100.0,2,0,0.0,0,0,0,0,0.5,2,388,0,0.0,0,0,0,0,0.0,0,0,,0,0,0,0,0,0
Kyzir White,44485,LB,LAC,16,0,27,0,0,0,0,0,0,50.0,5,0,0.0,0,0,0,0,7.8,10,129,0,0.0,0,0,0,0,50.0,5,0,0.0,0,0,0,0,0,0
Clayton Geathers,9542,S,IND,14,0,14,0,0,0,0,0,0,50.0,2,0,0.0,0,0,0,0,1.4,4,293,0,0.0,0,0,0,0,50.0,2,0,0.0,0,0,0,0,0,0
Steven Nelson,9531,CB,PIT,15,0,25,0,0,0,0,0,0,0.0,0,0,,0,0,0,0,0.2,1,548,0,0.0,0,0,0,0,100.0,1,0,0.0,0,0,0,0,0,0
Emeke Egbule,45378,ED,LAC,5,0,27,0,0,0,0,0,0,70.0,7,0,0.0,0,0,0,0,85.7,12,14,0,0.0,0,0,0,0,30.0,3,0,0.0,0,0,0,0,0,0
Dalton Schultz,47304,TE,DAL,1,0,9,0,0,0,0,0,0,,0,0,,0,0,0,0,100.0,1,1,0,0.0,0,0,0,0,,0,0,,0,0,0,0,0,0
Ventell Bryant,47959,WR,DAL,1,0,9,0,0,0,0,0,0,,0,0,,0,0,0,0,100.0,1,1,0,0.0,0,0,0,0,,0,0,,0,0,0,0,0,0
Carl Davis,9523,DI,JAX,3,0,15,0,0,0,0,0,0,43.8,7,0,0.0,0,0,0,0,88.9,16,18,0,0.0,0,0,0,0,56.3,9,0,0.0,0,0,0,0,0,0
Jalyn Holmes,48400,DI,MIN,6,0,18,0,0,0,0,0,0,60.0,24,0,0.0,0,0,0,0,100.0,40,40,0,0.0,0,0,0,0,40.0,16,0,0.0,0,1,1,0,1,1
Ronald Darby,9483,CB,PHI,11,0,24,0,0,0,0,0,0,0.0,0,0,,0,0,0,0,0.6,2,330,0,0.0,0,0,0,0,100.0,2,0,0.0,0,0,0,0,0,0
Jonathan Wynn,48459,DI,DET,1,0,11,0,0,0,0,0,0,25.0,1,0,0.0,0,0,0,0,100.0,4,4,0,0.0,0,0,0,0,75.0,3,0,0.0,0,0,0,0,0,0
Denzel Perryman,9481,LB,LAC,12,0,27,0,0,0,0,0,1,75.0,3,0,0.0,0,0,0,1,2.6,4,156,0,0.0,0,0,0,0,25.0,1,0,0.0,0,0,0,0,0,0
Stephone Anthony,9464,ED,NO,2,0,20,0,0,0,0,0,0,20.0,1,0,0.0,0,0,0,0,38.5,5,13,0,0.0,0,0,0,0,80.0,4,0,0.0,0,0,0,0,0,0
Byron Jones,9460,CB,DAL,15,0,9,0,0,0,0,0,0,0.0,0,0,,0,0,0,0,0.4,2,538,0,0.0,0,0,0,0,100.0,2,0,0.0,0,0,0,0,0,0
Dontavius Russell,48638,DI,JAX,3,0,15,0,0,0,0,0,1,53.8,7,0,0.0,0,0,0,1,100.0,16,16,0,0.0,0,0,0,0,46.2,6,0,0.0,0,0,0,0,0,1
Johnathan Joseph,2969,CB,HST,14,0,13,0,0,0,0,0,0,100.0,2,0,0.0,0,0,0,0,0.5,2,386,0,0.0,0,0,0,0,0.0,0,0,,0,0,0,0,0,0
Marcus Peters,9451,CB,BLT,16,0,3,0,0,0,0,0,0,66.7,2,0,0.0,0,0,0,0,0.5,3,581,0,0.0,0,0,0,0,33.3,1,0,0.0,0,0,0,0,0,0
Keith Smith,9302,FB,ATL,2,0,2,0,0,0,0,0,0,0.0,0,0,,0,0,0,0,100.0,2,2,0,0.0,0,0,0,0,100.0,1,0,0.0,0,0,0,0,0,0
Daylon Mack,48933,DI,BLT,1,0,3,0,0,0,0,0,0,0.0,0,0,,0,0,0,0,100.0,3,3,0,0.0,0,0,0,0,100.0,2,0,0.0,0,0,0,0,0,0
Adrian Phillips,9177,S,LAC,7,0,27,0,0,0,0,0,0,100.0,4,0,0.0,0,0,0,0,2.3,4,175,0,0.0,0,0,0,0,0.0,0,0,,0,0,0,0,0,0
Adarius Taylor,9074,LB,CLV,4,0,8,0,0,0,0,0,0,60.0,3,0,0.0,0,0,0,0,23.8,5,21,0,0.0,0,0,0,0,40.0,2,0,0.0,0,0,0,0,0,0
Saquan Hampton,49037,S,NO,2,0,20,0,0,0,0,0,0,66.7,2,0,0.0,0,0,0,0,10.3,3,29,0,0.0,0,0,0,0,33.3,1,0,0.0,0,0,0,0,0,0
Josh Mauro,9003,ED,OAK,13,0,23,0,0,0,0,0,0,94.2,113,0,0.0,0,1,2,0,97.6,120,123,0,0.0,0,0,0,0,5.8,7,0,0.0,0,0,0,0,1,2
Dallin Leavitt,49120,S,OAK,2,0,23,0,0,0,0,0,0,100.0,1,0,0.0,0,0,0,0,4.8,1,21,0,0.0,0,0,0,0,0.0,0,0,,0,0,0,0,0,0
Kerry Wynn,8938,ED,CIN,2,0,7,0,0,0,0,0,0,100.0,4,0,0.0,0,0,0,0,80.0,4,5,0,0.0,0,0,0,0,0.0,0,0,,0,0,0,0,0,0
Tarvarius Moore,49178,S,SF,8,0,28,0,0,0,0,0,0,100.0,3,0,0.0,0,0,1,0,2.1,3,145,0,0.0,0,0,0,0,0.0,0,0,,0,0,0,0,0,1
Corey Nelson,8876,LB,DEN,4,0,10,0,0,0,0,0,0,16.7,1,0,0.0,0,0,0,0,13.3,6,45,0,0.0,0,0,0,0,83.3,5,0,0.0,0,0,0,0,0,0
Ahmad Thomas,49204,LB,ATL,1,0,2,0,0,0,0,0,0,,0,0,,0,0,0,0,100.0,1,1,0,0.0,0,0,0,0,,0,0,,0,0,0,0,0,0
Marvell Tell III,49217,CB,IND,10,0,14,0,0,0,0,0,0,100.0,1,0,0.0,0,0,0,0,0.6,1,179,0,0.0,0,0,0,0,0.0,0,0,,0,0,0,0,0,0
Tony Brown,49255,CB,GB,4,0,12,0,0,0,0,0,0,0.0,0,0,,0,0,0,0,3.8,1,26,0,0.0,0,0,0,0,100.0,1,0,0.0,0,0,0,0,0,0
Jamal Carter,49282,S,ATL,8,0,2,0,0,0,0,0,0,50.0,1,0,0.0,0,0,0,0,2.9,2,70,0,0.0,0,0,0,0,50.0,1,0,0.0,0,0,0,0,0,0
Carlton Davis,49335,CB,TB,14,0,30,0,0,0,0,0,0,0.0,0,0,,0,0,0,0,0.2,1,614,0,0.0,0,0,0,0,100.0,1,0,0.0,0,0,0,0,0,0
Chris Jones,49339,CB,ARZ,9,0,1,0,0,0,0,0,0,25.0,1,0,0.0,0,0,0,0,2.1,4,191,0,0.0,0,0,0,0,75.0,3,0,0.0,0,0,0,0,0,0
Jaire Alexander,49350,CB,GB,16,0,12,0,0,0,0,0,0,100.0,1,0,0.0,0,0,0,0,0.2,1,605,0,0.0,0,0,0,0,0.0,0,0,,0,0,0,0,0,0
Ugo Amadi,49352,CB,SEA,5,0,29,0,0,0,0,0,0,83.3,5,0,0.0,0,0,0,0,8.8,6,68,0,0.0,0,0,0,0,16.7,1,0,0.0,0,0,0,0,0,0
Isaac Yiadom,49355,CB,DEN,12,0,10,0,0,0,0,0,0,33.3,1,0,0.0,0,0,0,0,1.0,3,304,0,0.0,0,0,0,0,66.7,2,0,0.0,0,0,0,0,0,0
Chris Lammons,49368,CB,MIA,11,0,17,0,0,0,0,0,0,33.3,1,0,0.0,0,0,0,0,3.3,3,91,0,0.0,0,0,0,0,66.7,2,0,0.0,0,0,0,0,0,0
Montre Hartage,49390,S,MIA,4,0,17,0,0,0,0,0,0,100.0,2,0,0.0,0,0,0,0,2.3,2,86,0,0.0,0,0,0,0,0.0,0,0,,0,0,0,0,0,0
M.J. Stewart,49397,CB,TB,7,0,30,0,0,0,0,0,0,78.6,11,0,0.0,0,0,0,0,5.8,14,241,0,0.0,0,0,0,0,21.4,3,0,0.0,0,0,0,0,0,0
Walt Aikens,8760,S,MIA,6,0,17,0,0,0,0,0,0,66.7,4,0,0.0,0,0,0,0,12.2,6,49,0,0.0,0,0,0,0,33.3,2,0,0.0,0,0,0,0,0,0
Maurice Alexander,8745,LB,BUF,2,0,4,0,0,0,0,0,0,25.0,1,0,0.0,0,0,0,0,14.3,4,28,0,0.0,0,0,0,0,75.0,3,0,0.0,0,0,0,0,0,0
Ross Cockrell,8744,CB,CAR,13,0,5,0,0,0,0,0,0,28.6,2,0,0.0,0,0,0,0,1.6,7,446,0,0.0,0,0,0,0,71.4,5,0,0.0,0,0,0,0,0,0
Rock Ya-Sin,49564,CB,IND,15,0,14,0,0,0,0,0,0,0.0,0,0,,0,0,0,0,0.6,3,522,0,0.0,0,0,0,0,100.0,3,0,0.0,0,0,0,0,0,0
Justin Phillips,49677,LB,OAK,1,0,23,0,0,0,0,0,0,0.0,0,0,,0,0,0,0,16.7,1,6,0,0.0,0,0,0,0,100.0,1,0,0.0,0,0,0,0,0,0
Christian Kirksey,8706,LB,CLV,2,0,8,0,0,0,0,0,0,50.0,5,0,0.0,0,0,0,0,17.9,10,56,0,0.0,0,0,0,0,50.0,5,0,0.0,0,0,0,0,0,0
Jimmie Ward,8665,S,SF,13,0,28,0,0,0,0,0,0,0.0,0,0,,0,0,0,0,0.6,3,463,0,0.0,0,0,0,0,100.0,3,0,0.0,0,0,0,0,0,0
Natrez Patrick,49805,ED,LA,4,0,26,0,0,0,0,0,0,88.9,8,0,0.0,0,0,0,0,90.0,9,10,0,0.0,0,0,0,0,11.1,1,0,0.0,0,0,0,0,0,0
Zaire Franklin,49834,LB,IND,1,0,14,0,0,0,0,0,0,,0,0,,0,0,0,0,100.0,1,1,0,0.0,0,0,0,0,,0,0,,0,0,0,0,0,0
James Crawford,49836,ED,MIA,1,0,17,0,0,0,0,0,0,33.3,1,0,0.0,0,0,0,0,75.0,3,4,0,0.0,0,0,0,0,66.7,2,0,0.0,0,0,0,0,0,0
Deon Lacey,8512,LB,MIA,3,0,17,0,0,0,0,0,0,0.0,0,0,,0,0,0,0,33.3,1,3,0,0.0,0,0,0,0,100.0,1,0,0.0,0,0,0,0,0,0
Peter Kalambayi,50089,LB,HST,4,0,13,0,0,0,0,0,0,46.4,13,0,0.0,0,0,0,0,52.8,28,53,0,0.0,0,0,0,0,53.6,15,0,0.0,0,0,0,0,0,0
Harvey Langi,50118,ED,NYJ,9,0,22,0,0,0,0,0,0,100.0,22,0,0.0,0,0,0,0,43.1,22,51,0,0.0,0,0,0,0,0.0,0,0,,0,0,0,0,0,0
Brynden Trawick,8471,ED,BLT,2,0,3,0,0,0,0,0,0,100.0,1,0,0.0,0,0,0,0,14.3,1,7,0,0.0,0,0,0,0,0.0,0,0,,0,0,0,0,0,0
Chris Banjo,8419,S,ARZ,5,0,1,0,0,0,0,0,0,50.0,1,0,0.0,0,0,0,0,8.3,2,24,0,0.0,0,0,0,0,50.0,1,0,0.0,0,0,0,0,0,0
Oren Burks,50203,LB,GB,9,0,12,0,0,0,0,0,0,0.0,0,0,,0,0,0,0,2.8,1,36,0,0.0,0,0,0,0,100.0,1,0,0.0,0,0,0,0,0,0
Chris Peace,50232,ED,NYG,1,0,21,0,0,0,0,0,1,100.0,1,0,0.0,0,0,0,1,100.0,1,1,0,0.0,0,0,0,0,0.0,0,0,,0,0,0,0,0,0
Rontez Miles,8102,S,NYJ,5,0,22,0,0,0,0,0,0,100.0,1,0,0.0,0,0,0,0,7.7,1,13,0,0.0,0,0,0,0,0.0,0,0,,0,0,0,0,0,0
Daren Bates,8077,LB,TEN,3,0,31,0,0,0,0,0,0,0.0,0,0,,0,0,0,0,25.0,2,8,0,0.0,0,0,0,0,100.0,1,0,0.0,0,0,0,0,0,0
Rex Burkhead,7971,HB,NE,1,0,19,0,0,0,0,0,0,0.0,0,0,,0,0,0,0,100.0,1,1,0,0.0,0,0,0,0,100.0,1,0,0.0,0,0,0,0,0,0
Nate Meadors,50353,CB,MIN,2,0,18,0,0,0,0,0,0,100.0,1,0,0.0,0,0,0,0,10.0,1,10,0,0.0,0,0,0,0,0.0,0,0,,0,0,0,0,0,0
Anthony Averett,50365,CB,BLT,9,0,3,0,0,0,0,0,0,50.0,1,0,0.0,0,0,0,0,1.3,2,156,0,0.0,0,0,0,0,50.0,1,0,0.0,0,0,0,0,0,0
Josh Jackson,50417,S,GB,8,0,12,0,0,0,0,0,0,33.3,1,0,0.0,0,0,0,0,3.6,3,83,0,0.0,0,0,0,0,66.7,2,0,0.0,0,0,0,0,0,0
Manti Te'o,7819,LB,NO,2,0,20,0,0,0,0,0,0,100.0,1,0,0.0,0,0,0,0,14.3,2,14,0,0.0,0,0,0,0,0.0,0,0,,0,0,0,0,0,0
Amani Oruwariye,50533,CB,DET,7,0,11,0,0,0,0,0,0,0.0,0,0,,0,0,0,0,0.7,1,141,0,0.0,0,0,0,0,100.0,1,0,0.0,0,0,0,0,0,0
Johnathan Cyprien,7814,S,ATL,5,0,2,0,0,0,0,0,0,,0,0,,0,0,0,0,4.3,1,23,0,0.0,0,0,0,0,,0,0,,0,0,0,0,0,0
Deyon Sizer,94382,DI,DEN,1,0,10,0,0,0,0,0,0,0.0,0,0,,0,0,0,0,100.0,1,1,0,0.0,0,0,0,0,100.0,1,0,0.0,0,0,0,0,0,0
Hardy Nickerson,50712,LB,CIN,6,0,7,0,0,0,0,0,0,0.0,0,0,,0,0,0,0,8.0,2,25,0,0.0,0,0,0,0,100.0,1,0,0.0,0,0,0,0,0,0
Jamize Olawale,7572,FB,DAL,1,0,9,0,0,0,0,0,0,,0,0,,0,0,0,0,100.0,1,1,0,0.0,0,0,0,0,,0,0,,0,0,0,0,0,0
Brandon Bolden,7469,HB,NE,1,0,19,0,0,0,0,0,0,100.0,1,0,0.0,0,0,0,0,100.0,1,1,0,0.0,0,0,0,0,0.0,0,0,,0,0,0,0,0,0
Cameron Smith,50739,LB,MIN,2,0,18,0,0,0,0,0,0,0.0,0,0,,0,0,0,0,25.0,1,4,0,0.0,0,0,0,0,100.0,1,0,0.0,0,0,0,0,0,0
Andre Smith,50897,LB,CAR,1,0,5,0,0,0,0,0,0,100.0,1,0,0.0,0,0,0,0,9.1,1,11,0,0.0,0,0,0,0,0.0,0,0,,0,0,0,0,0,0
Vontaze Burfict,7280,LB,OAK,4,0,23,0,0,0,0,0,0,70.0,7,0,0.0,0,0,0,0,12.4,12,97,0,0.0,0,0,0,0,30.0,3,0,0.0,0,0,0,0,0,0
Nate Stupar,7214,LB,NYG,2,0,21,0,0,0,0,0,0,0.0,0,0,,0,0,0,0,5.6,1,18,0,0.0,0,0,0,0,100.0,1,0,0.0,0,0,0,0,0,0
Travin Howard,50959,LB,LA,5,0,26,0,0,0,0,0,0,100.0,1,0,0.0,0,0,0,0,1.4,1,70,0,0.0,0,0,0,0,0.0,0,0,,0,0,0,0,0,0
Ben Burr-Kirven,50967,LB,SEA,2,0,29,0,0,0,0,0,0,,0,0,,0,0,0,0,50.0,1,2,0,0.0,0,0,0,0,,0,0,,0,0,0,0,0,0
Coty Sensabaugh,7115,CB,WAS,5,0,32,0,0,0,0,0,0,33.3,2,0,0.0,0,0,0,0,6.5,6,92,0,0.0,0,0,0,0,66.7,4,0,0.0,0,0,0,0,0,0
Trumaine Johnson,7067,CB,NYJ,7,0,22,0,0,0,0,0,0,100.0,2,0,0.0,0,0,0,0,1.1,2,178,0,0.0,0,0,0,0,0.0,0,0,,0,0,0,0,0,0
Chris Harris Jr.,6457,CB,DEN,16,0,10,0,0,0,0,0,0,100.0,1,0,0.0,0,0,0,0,0.2,1,594,0,0.0,0,0,0,0,0.0,0,0,,0,0,0,0,0,0
Malcolm Smith,6394,LB,DAL,2,0,9,0,0,0,0,0,0,75.0,3,0,0.0,0,0,0,0,9.3,4,43,0,0.0,0,0,0,0,25.0,1,0,0.0,0,0,0,0,0,0
Steven Parker,51220,S,MIA,12,0,17,0,0,0,0,0,0,33.3,1,0,0.0,0,0,0,0,1.6,3,190,0,0.0,0,0,0,0,66.7,2,0,0.0,0,0,0,0,0,0
Marcus Gilchrist,6202,S,JAX,3,0,15,0,0,0,0,0,0,100.0,1,0,0.0,0,0,0,0,2.2,1,45,0,0.0,0,0,0,0,0.0,0,0,,0,0,0,0,0,0
Prince Amukamara,6171,CB,CHI,15,0,6,0,0,0,0,0,0,0.0,0,0,,0,0,0,0,0.2,1,520,0,0.0,0,0,0,0,100.0,1,0,0.0,0,0,0,0,0,0
Albert McClellan,6022,LB,NYJ,1,0,22,0,0,0,0,0,0,100.0,1,0,0.0,0,0,0,0,15.4,2,13,0,0.0,0,0,0,0,0.0,0,0,,0,0,0,0,0,0
Kurt Coleman,5767,LB,BUF,3,0,4,0,0,0,0,0,0,33.3,1,0,0.0,0,0,0,0,8.6,3,35,0,0.0,0,0,0,0,66.7,2,0,0.0,0,0,0,0,0,0
Sherrick McManis,5667,CB,CHI,8,0,6,0,0,0,0,0,0,,0,0,,0,0,0,0,4.3,1,23,0,0.0,0,0,0,0,,0,0,,0,0,0,0,0,0
Roderic Teamer,51405,S,LAC,7,0,27,0,0,0,0,0,0,0.0,0,0,,0,0,0,0,1.0,2,191,0,0.0,0,0,0,0,100.0,2,0,0.0,0,0,0,0,0,0
Jaquan Johnson,51433,S,BUF,1,0,4,0,0,0,0,0,0,0.0,0,0,,0,0,0,0,3.3,1,30,0,0.0,0,0,0,0,100.0,1,0,0.0,0,0,0,0,0,0
Dorian O'Daniel,51487,LB,KC,2,0,16,0,0,0,0,0,0,,0,0,,0,0,0,0,16.7,1,6,0,0.0,0,0,0,0,,0,0,,0,0,0,0,0,0
J.T. Gray,51495,S,NO,3,0,20,0,0,0,0,0,0,100.0,1,0,0.0,0,0,0,0,5.6,1,18,0,0.0,0,0,0,0,0.0,0,0,,0,0,0,0,0,0
Joe Haden,5532,CB,PIT,16,0,25,0,0,0,0,0,0,100.0,1,0,0.0,0,0,0,0,0.2,1,575,0,0.0,0,0,0,0,0.0,0,0,,0,0,0,0,0,0
Jason McCourty,5127,CB,NE,12,0,19,0,0,0,0,0,0,33.3,1,0,0.0,0,0,0,0,1.0,3,304,0,0.0,0,0,0,0,66.7,2,0,0.0,0,0,0,0,0,0
Lonnie Johnson Jr.,55615,CB,HST,12,0,13,0,0,0,0,0,0,0.0,0,0,,0,0,0,0,0.6,2,319,0,0.0,0,0,0,0,100.0,1,0,0.0,0,0,0,0,0,0
Darious Williams,55724,CB,LA,6,0,26,0,0,0,0,0,0,100.0,1,0,0.0,0,0,0,0,0.9,1,117,0,0.0,0,0,0,0,0.0,0,0,,0,0,0,0,0,0
Keisean Nixon,56167,CB,OAK,3,0,23,0,0,0,0,0,0,100.0,1,0,0.0,0,0,0,0,3.1,1,32,0,0.0,0,0,0,0,0.0,0,0,,0,0,0,0,0,0
Marquise Blair,56263,S,SEA,9,0,29,0,0,0,0,0,0,0.0,0,0,,0,0,0,0,0.7,1,146,0,0.0,0,0,0,0,100.0,1,0,0.0,0,0,0,0,0,0
Antoine Bethea,3152,S,NYG,16,0,21,0,0,0,0,0,0,28.6,2,0,0.0,0,0,0,0,1.1,7,617,0,0.0,0,0,0,0,71.4,5,0,0.0,0,0,0,0,0,0
Kahzin Daniels,91477,ED,TB,1,0,30,0,0,0,0,0,0,66.7,2,0,0.0,0,0,0,0,100.0,3,3,0,0.0,0,0,0,0,33.3,1,0,0.0,0,0,0,0,0,0
E.J. Speed,94351,LB,IND,3,0,14,0,0,0,0,0,0,50.0,2,0,0.0,0,0,0,0,30.8,4,13,0,0.0,0,0,0,0,50.0,2,0,0.0,0,0,0,0,0,0
Ben Gedeon,11875,LB,MIN,7,0,18,0,0,0,0,0,0,100.0,2,0,0.0,0,0,0,0,5.1,2,39,0,0.0,0,0,0,0,0.0,0,0,,0,0,0,0,0,0
